Table 7. Survival of private sector establishments by opening year

Total Private

Alabama

                          Surviving       Total Employment   Survival Rates   Survival Rates of   Average Employment
                          Establishments  of Survivors       Since Birth      Previous Year's     of Survivors
                                                                              Survivors

Annual openings
Year ended: March 1994

            March 1994           9,260          68,797            100.0               _                  7.4
            March 1995           7,275          65,993             78.6             78.6                 9.1
            March 1996           6,293          63,045             68.0             86.5                10.0
            March 1997           5,630          60,887             60.8             89.5                10.8
            March 1998           5,137          59,875             55.5             91.2                11.7
            March 1999           4,664          56,608             50.4             90.8                12.1
            March 2000           4,239          55,041             45.8             90.9                13.0
            March 2001           3,813          50,147             41.2             90.0                13.2
            March 2002           3,423          45,517             37.0             89.8                13.3
            March 2003           3,193          42,374             34.5             93.3                13.3
            March 2004           3,034          41,326             32.8             95.0                13.6
            March 2005           2,848          41,495             30.8             93.9                14.6
            March 2006           2,699          42,271             29.1             94.8                15.7
            March 2007           2,552          39,471             27.6             94.6                15.5
            March 2008           2,415          38,059             26.1             94.6                15.8
            March 2009           2,245          34,062             24.2             93.0                15.2
            March 2010           2,117          33,248             22.9             94.3                15.7
            March 2011           2,022          33,406             21.8             95.5                16.5
            March 2012           1,936          32,396             20.9             95.7                16.7
            March 2013           1,854          31,178             20.0             95.8                16.8
            March 2014           1,760          30,514             19.0             94.9                17.3
            March 2015           1,697          30,962             18.3             96.4                18.2
            March 2016           1,633          30,606             17.6             96.2                18.7
            March 2017           1,577          30,469             17.0             96.6                19.3
            March 2018           1,510          29,660             16.3             95.8                19.6
            March 2019           1,462          29,616             15.8             96.8                20.3
            March 2020           1,404          30,379             15.2             96.0                21.6
            March 2021           1,328          28,285             14.3             94.6                21.3
            March 2022           1,290          28,669             13.9             97.1                22.2
            March 2023           1,247          29,877             13.5             96.7                24.0
            March 2024           1,188          28,890             12.8             95.3                24.3
 
Annual openings
Year ended: March 1995

            March 1995           9,726          73,841            100.0               _                  7.6
            March 1996           7,802          72,449             80.2             80.2                 9.3
            March 1997           6,706          69,707             68.9             86.0                10.4
            March 1998           5,980          67,421             61.5             89.2                11.3
            March 1999           5,440          66,351             55.9             91.0                12.2
            March 2000           4,884          64,837             50.2             89.8                13.3
            March 2001           4,408          61,454             45.3             90.3                13.9
            March 2002           4,075          57,263             41.9             92.4                14.1
            March 2003           3,773          53,521             38.8             92.6                14.2
            March 2004           3,588          52,708             36.9             95.1                14.7
            March 2005           3,419          51,165             35.2             95.3                15.0
            March 2006           3,225          50,129             33.2             94.3                15.5
            March 2007           3,146          50,364             32.3             97.6                16.0
            March 2008           3,034          47,783             31.2             96.4                15.7
            March 2009           2,902          42,572             29.8             95.6                14.7
            March 2010           2,719          41,359             28.0             93.7                15.2
            March 2011           2,560          41,039             26.3             94.2                16.0
            March 2012           2,435          41,855             25.0             95.1                17.2
            March 2013           2,352          40,897             24.2             96.6                17.4
            March 2014           2,279          40,276             23.4             96.9                17.7
            March 2015           2,185          39,392             22.5             95.9                18.0
            March 2016           2,096          39,540             21.6             95.9                18.9
            March 2017           2,007          38,505             20.6             95.8                19.2
            March 2018           1,925          37,720             19.8             95.9                19.6
            March 2019           1,822          36,427             18.7             94.6                20.0
            March 2020           1,727          33,349             17.8             94.8                19.3
            March 2021           1,653          30,839             17.0             95.7                18.7
            March 2022           1,600          30,257             16.5             96.8                18.9
            March 2023           1,531          29,803             15.7             95.7                19.5
            March 2024           1,436          30,183             14.8             93.8                21.0
 
Annual openings
Year ended: March 1996

            March 1996           8,272          68,892            100.0               _                  8.3
            March 1997           6,595          68,266             79.7             79.7                10.4
            March 1998           5,808          64,127             70.2             88.1                11.0
            March 1999           5,158          60,838             62.4             88.8                11.8
            March 2000           4,616          59,703             55.8             89.5                12.9
            March 2001           4,118          54,386             49.8             89.2                13.2
            March 2002           3,696          49,764             44.7             89.8                13.5
            March 2003           3,380          45,063             40.9             91.5                13.3
            March 2004           3,211          42,823             38.8             95.0                13.3
            March 2005           3,032          41,579             36.7             94.4                13.7
            March 2006           2,863          41,124             34.6             94.4                14.4
            March 2007           2,705          39,527             32.7             94.5                14.6
            March 2008           2,535          37,998             30.6             93.7                15.0
            March 2009           2,338          34,140             28.3             92.2                14.6
            March 2010           2,197          33,277             26.6             94.0                15.1
            March 2011           2,109          32,372             25.5             96.0                15.3
            March 2012           2,006          32,243             24.3             95.1                16.1
            March 2013           1,923          31,780             23.2             95.9                16.5
            March 2014           1,837          30,552             22.2             95.5                16.6
            March 2015           1,738          30,567             21.0             94.6                17.6
            March 2016           1,665          29,675             20.1             95.8                17.8
            March 2017           1,599          29,370             19.3             96.0                18.4
            March 2018           1,522          28,276             18.4             95.2                18.6
            March 2019           1,461          27,180             17.7             96.0                18.6
            March 2020           1,406          26,461             17.0             96.2                18.8
            March 2021           1,325          24,434             16.0             94.2                18.4
            March 2022           1,244          24,242             15.0             93.9                19.5
            March 2023           1,189          23,855             14.4             95.6                20.1
            March 2024           1,137          23,632             13.7             95.6                20.8
 
Annual openings
Year ended: March 1997

            March 1997           9,077          63,945            100.0               _                  7.0
            March 1998           7,457          64,547             82.2             82.2                 8.7
            March 1999           6,382          62,941             70.3             85.6                 9.9
            March 2000           5,540          60,951             61.0             86.8                11.0
            March 2001           4,876          59,035             53.7             88.0                12.1
            March 2002           4,282          54,108             47.2             87.8                12.6
            March 2003           3,963          52,083             43.7             92.6                13.1
            March 2004           3,680          49,856             40.5             92.9                13.5
            March 2005           3,442          51,403             37.9             93.5                14.9
            March 2006           3,306          51,330             36.4             96.0                15.5
            March 2007           3,115          51,009             34.3             94.2                16.4
            March 2008           2,948          48,429             32.5             94.6                16.4
            March 2009           2,754          41,384             30.3             93.4                15.0
            March 2010           2,569          38,976             28.3             93.3                15.2
            March 2011           2,452          38,222             27.0             95.4                15.6
            March 2012           2,301          38,097             25.3             93.8                16.6
            March 2013           2,216          37,108             24.4             96.3                16.7
            March 2014           2,105          37,051             23.2             95.0                17.6
            March 2015           2,016          36,964             22.2             95.8                18.3
            March 2016           1,950          36,823             21.5             96.7                18.9
            March 2017           1,866          35,577             20.6             95.7                19.1
            March 2018           1,795          34,717             19.8             96.2                19.3
            March 2019           1,710          33,783             18.8             95.3                19.8
            March 2020           1,613          32,930             17.8             94.3                20.4
            March 2021           1,515          31,600             16.7             93.9                20.9
            March 2022           1,511          31,067             16.6             99.7                20.6
            March 2023           1,457          30,980             16.1             96.4                21.3
            March 2024           1,415          30,322             15.6             97.1                21.4
 
Annual openings
Year ended: March 1998

            March 1998           9,041          67,887            100.0               _                  7.5
            March 1999           7,368          65,249             81.5             81.5                 8.9
            March 2000           6,083          63,290             67.3             82.6                10.4
            March 2001           5,214          59,320             57.7             85.7                11.4
            March 2002           4,582          53,588             50.7             87.9                11.7
            March 2003           4,122          51,249             45.6             90.0                12.4
            March 2004           3,851          49,746             42.6             93.4                12.9
            March 2005           3,607          48,369             39.9             93.7                13.4
            March 2006           3,420          48,575             37.8             94.8                14.2
            March 2007           3,222          47,607             35.6             94.2                14.8
            March 2008           3,014          45,920             33.3             93.5                15.2
            March 2009           2,867          42,362             31.7             95.1                14.8
            March 2010           2,677          39,572             29.6             93.4                14.8
            March 2011           2,529          38,396             28.0             94.5                15.2
            March 2012           2,401          37,563             26.6             94.9                15.6
            March 2013           2,289          36,458             25.3             95.3                15.9
            March 2014           2,168          35,819             24.0             94.7                16.5
            March 2015           2,071          36,596             22.9             95.5                17.7
            March 2016           2,013          36,304             22.3             97.2                18.0
            March 2017           1,914          35,584             21.2             95.1                18.6
            March 2018           1,832          34,882             20.3             95.7                19.0
            March 2019           1,754          34,441             19.4             95.7                19.6
            March 2020           1,671          33,020             18.5             95.3                19.8
            March 2021           1,543          29,765             17.1             92.3                19.3
            March 2022           1,496          30,078             16.5             97.0                20.1
            March 2023           1,441          30,137             15.9             96.3                20.9
            March 2024           1,395          28,793             15.4             96.8                20.6
 
Annual openings
Year ended: March 1999

            March 1999           9,776          74,394            100.0               _                  7.6
            March 2000           7,580          69,852             77.5             77.5                 9.2
            March 2001           6,264          66,187             64.1             82.6                10.6
            March 2002           5,429          61,285             55.5             86.7                11.3
            March 2003           4,820          57,941             49.3             88.8                12.0
            March 2004           4,413          55,767             45.1             91.6                12.6
            March 2005           4,125          54,828             42.2             93.5                13.3
            March 2006           3,865          54,483             39.5             93.7                14.1
            March 2007           3,600          52,409             36.8             93.1                14.6
            March 2008           3,344          50,471             34.2             92.9                15.1
            March 2009           3,123          45,305             31.9             93.4                14.5
            March 2010           2,941          42,233             30.1             94.2                14.4
            March 2011           2,887          39,363             29.5             98.2                13.6
            March 2012           2,717          37,959             27.8             94.1                14.0
            March 2013           2,597          37,416             26.6             95.6                14.4
            March 2014           2,479          36,970             25.4             95.5                14.9
            March 2015           2,364          35,184             24.2             95.4                14.9
            March 2016           2,266          34,627             23.2             95.9                15.3
            March 2017           2,146          33,883             22.0             94.7                15.8
            March 2018           2,056          33,561             21.0             95.8                16.3
            March 2019           2,064          32,434             21.1            100.4                15.7
            March 2020           1,934          30,635             19.8             93.7                15.8
            March 2021           1,813          28,556             18.5             93.7                15.8
            March 2022           1,774          29,195             18.1             97.8                16.5
            March 2023           1,681          29,299             17.2             94.8                17.4
            March 2024           1,619          29,103             16.6             96.3                18.0
 
Annual openings
Year ended: March 2000

            March 2000           8,028          51,477            100.0               _                  6.4
            March 2001           6,185          52,770             77.0             77.0                 8.5
            March 2002           5,234          47,993             65.2             84.6                 9.2
            March 2003           4,564          45,081             56.9             87.2                 9.9
            March 2004           4,197          46,016             52.3             92.0                11.0
            March 2005           3,845          42,128             47.9             91.6                11.0
            March 2006           3,561          42,224             44.4             92.6                11.9
            March 2007           3,345          41,380             41.7             93.9                12.4
            March 2008           3,132          39,806             39.0             93.6                12.7
            March 2009           2,901          36,585             36.1             92.6                12.6
            March 2010           2,737          34,129             34.1             94.3                12.5
            March 2011           2,590          32,525             32.3             94.6                12.6
            March 2012           2,428          31,913             30.2             93.7                13.1
            March 2013           2,448          31,491             30.5            100.8                12.9
            March 2014           2,346          31,117             29.2             95.8                13.3
            March 2015           2,247          30,785             28.0             95.8                13.7
            March 2016           2,148          30,288             26.8             95.6                14.1
            March 2017           2,076          30,611             25.9             96.6                14.7
            March 2018           2,006          30,390             25.0             96.6                15.1
            March 2019           1,891          29,292             23.6             94.3                15.5
            March 2020           1,802          28,654             22.4             95.3                15.9
            March 2021           1,695          27,192             21.1             94.1                16.0
            March 2022           1,627          32,895             20.3             96.0                20.2
            March 2023           1,551          32,916             19.3             95.3                21.2
            March 2024           1,478          31,236             18.4             95.3                21.1
 
Annual openings
Year ended: March 2001

            March 2001           8,073          55,557            100.0               _                  6.9
            March 2002           6,322          55,698             78.3             78.3                 8.8
            March 2003           5,347          54,641             66.2             84.6                10.2
            March 2004           4,807          55,714             59.5             89.9                11.6
            March 2005           4,381          56,340             54.3             91.1                12.9
            March 2006           4,138          57,795             51.3             94.5                14.0
            March 2007           3,834          56,819             47.5             92.7                14.8
            March 2008           3,606          54,194             44.7             94.1                15.0
            March 2009           3,324          49,370             41.2             92.2                14.9
            March 2010           3,112          46,250             38.5             93.6                14.9
            March 2011           2,878          46,113             35.6             92.5                16.0
            March 2012           2,716          45,697             33.6             94.4                16.8
            March 2013           2,597          46,949             32.2             95.6                18.1
            March 2014           2,465          46,014             30.5             94.9                18.7
            March 2015           2,404          45,277             29.8             97.5                18.8
            March 2016           2,317          45,249             28.7             96.4                19.5
            March 2017           2,241          44,305             27.8             96.7                19.8
            March 2018           2,158          43,458             26.7             96.3                20.1
            March 2019           2,076          43,153             25.7             96.2                20.8
            March 2020           2,002          42,039             24.8             96.4                21.0
            March 2021           1,870          40,514             23.2             93.4                21.7
            March 2022           1,800          36,892             22.3             96.3                20.5
            March 2023           1,725          36,856             21.4             95.8                21.4
            March 2024           1,684          35,891             20.9             97.6                21.3
 
Annual openings
Year ended: March 2002

            March 2002           8,451          63,514            100.0               _                  7.5
            March 2003           6,766          59,202             80.1             80.1                 8.7
            March 2004           5,932          57,862             70.2             87.7                 9.8
            March 2005           5,341          57,974             63.2             90.0                10.9
            March 2006           4,868          56,888             57.6             91.1                11.7
            March 2007           4,487          55,620             53.1             92.2                12.4
            March 2008           4,172          52,759             49.4             93.0                12.6
            March 2009           3,833          46,853             45.4             91.9                12.2
            March 2010           3,631          43,103             43.0             94.7                11.9
            March 2011           3,388          42,951             40.1             93.3                12.7
            March 2012           3,193          43,177             37.8             94.2                13.5
            March 2013           3,005          42,521             35.6             94.1                14.2
            March 2014           2,852          40,850             33.7             94.9                14.3
            March 2015           2,719          40,700             32.2             95.3                15.0
            March 2016           2,609          40,108             30.9             96.0                15.4
            March 2017           2,492          39,011             29.5             95.5                15.7
            March 2018           2,372          38,088             28.1             95.2                16.1
            March 2019           2,287          36,933             27.1             96.4                16.1
            March 2020           2,133          35,813             25.2             93.3                16.8
            March 2021           1,984          34,030             23.5             93.0                17.2
            March 2022           1,907          34,158             22.6             96.1                17.9
            March 2023           1,823          34,285             21.6             95.6                18.8
            March 2024           1,741          33,609             20.6             95.5                19.3
 
Annual openings
Year ended: March 2003

            March 2003           8,172          56,198            100.0               _                  6.9
            March 2004           6,547          56,402             80.1             80.1                 8.6
            March 2005           5,691          56,318             69.6             86.9                 9.9
            March 2006           5,154          57,362             63.1             90.6                11.1
            March 2007           4,681          55,391             57.3             90.8                11.8
            March 2008           4,226          51,219             51.7             90.3                12.1
            March 2009           3,814          45,971             46.7             90.3                12.1
            March 2010           3,467          43,686             42.4             90.9                12.6
            March 2011           3,198          41,884             39.1             92.2                13.1
            March 2012           3,008          41,705             36.8             94.1                13.9
            March 2013           2,814          41,610             34.4             93.6                14.8
            March 2014           2,677          41,537             32.8             95.1                15.5
            March 2015           2,515          41,295             30.8             93.9                16.4
            March 2016           2,408          41,124             29.5             95.7                17.1
            March 2017           2,295          40,086             28.1             95.3                17.5
            March 2018           2,197          40,266             26.9             95.7                18.3
            March 2019           2,105          39,666             25.8             95.8                18.8
            March 2020           2,002          38,903             24.5             95.1                19.4
            March 2021           1,880          37,857             23.0             93.9                20.1
            March 2022           1,812          37,843             22.2             96.4                20.9
            March 2023           1,747          38,103             21.4             96.4                21.8
            March 2024           1,661          37,221             20.3             95.1                22.4
 
Annual openings
Year ended: March 2004

            March 2004           8,161          53,738            100.0               _                  6.6
            March 2005           6,478          51,252             79.4             79.4                 7.9
            March 2006           5,690          54,026             69.7             87.8                 9.5
            March 2007           5,133          54,307             62.9             90.2                10.6
            March 2008           4,639          51,785             56.8             90.4                11.2
            March 2009           4,101          46,794             50.3             88.4                11.4
            March 2010           3,745          46,405             45.9             91.3                12.4
            March 2011           3,441          45,296             42.2             91.9                13.2
            March 2012           3,248          44,902             39.8             94.4                13.8
            March 2013           3,040          44,140             37.3             93.6                14.5
            March 2014           2,883          43,168             35.3             94.8                15.0
            March 2015           2,719          42,425             33.3             94.3                15.6
            March 2016           2,568          42,572             31.5             94.4                16.6
            March 2017           2,461          41,159             30.2             95.8                16.7
            March 2018           2,313          39,554             28.3             94.0                17.1
            March 2019           2,193          39,438             26.9             94.8                18.0
            March 2020           2,078          39,074             25.5             94.8                18.8
            March 2021           1,953          37,501             23.9             94.0                19.2
            March 2022           1,870          36,564             22.9             95.8                19.6
            March 2023           1,778          37,327             21.8             95.1                21.0
            March 2024           1,690          37,346             20.7             95.1                22.1
 
Annual openings
Year ended: March 2005

            March 2005           8,482          53,347            100.0               _                  6.3
            March 2006           6,823          56,755             80.4             80.4                 8.3
            March 2007           5,938          56,555             70.0             87.0                 9.5
            March 2008           5,263          52,195             62.0             88.6                 9.9
            March 2009           4,626          45,502             54.5             87.9                 9.8
            March 2010           4,170          42,924             49.2             90.1                10.3
            March 2011           3,791          41,800             44.7             90.9                11.0
            March 2012           3,559          40,080             42.0             93.9                11.3
            March 2013           3,295          40,501             38.8             92.6                12.3
            March 2014           3,121          39,621             36.8             94.7                12.7
            March 2015           2,946          39,575             34.7             94.4                13.4
            March 2016           2,774          38,699             32.7             94.2                14.0
            March 2017           2,651          37,730             31.3             95.6                14.2
            March 2018           2,502          36,126             29.5             94.4                14.4
            March 2019           2,395          36,650             28.2             95.7                15.3
            March 2020           2,322          36,340             27.4             97.0                15.7
            March 2021           2,167          34,122             25.5             93.3                15.7
            March 2022           2,064          34,007             24.3             95.2                16.5
            March 2023           1,967          34,794             23.2             95.3                17.7
            March 2024           1,912          35,473             22.5             97.2                18.6
 
Annual openings
Year ended: March 2006

            March 2006           8,690          50,723            100.0               _                  5.8
            March 2007           6,906          52,039             79.5             79.5                 7.5
            March 2008           5,849          48,049             67.3             84.7                 8.2
            March 2009           4,996          42,486             57.5             85.4                 8.5
            March 2010           4,371          38,844             50.3             87.5                 8.9
            March 2011           3,937          38,400             45.3             90.1                 9.8
            March 2012           3,662          38,421             42.1             93.0                10.5
            March 2013           3,434          36,753             39.5             93.8                10.7
            March 2014           3,247          36,019             37.4             94.6                11.1
            March 2015           3,071          35,698             35.3             94.6                11.6
            March 2016           2,915          35,394             33.5             94.9                12.1
            March 2017           2,770          34,948             31.9             95.0                12.6
            March 2018           2,615          34,743             30.1             94.4                13.3
            March 2019           2,525          34,596             29.1             96.6                13.7
            March 2020           2,380          33,622             27.4             94.3                14.1
            March 2021           2,257          32,340             26.0             94.8                14.3
            March 2022           2,125          32,264             24.5             94.2                15.2
            March 2023           2,009          31,681             23.1             94.5                15.8
            March 2024           1,934          31,542             22.3             96.3                16.3
 
Annual openings
Year ended: March 2007

            March 2007           8,851          51,259            100.0               _                  5.8
            March 2008           7,034          50,379             79.5             79.5                 7.2
            March 2009           5,792          43,880             65.4             82.3                 7.6
            March 2010           5,027          40,513             56.8             86.8                 8.1
            March 2011           4,421          39,943             49.9             87.9                 9.0
            March 2012           4,072          40,321             46.0             92.1                 9.9
            March 2013           3,741          41,160             42.3             91.9                11.0
            March 2014           3,506          41,149             39.6             93.7                11.7
            March 2015           3,299          40,967             37.3             94.1                12.4
            March 2016           3,136          42,616             35.4             95.1                13.6
            March 2017           2,939          42,556             33.2             93.7                14.5
            March 2018           2,793          41,673             31.6             95.0                14.9
            March 2019           2,666          39,627             30.1             95.5                14.9
            March 2020           2,544          38,873             28.7             95.4                15.3
            March 2021           2,388          36,084             27.0             93.9                15.1
            March 2022           2,257          34,744             25.5             94.5                15.4
            March 2023           2,119          34,600             23.9             93.9                16.3
            March 2024           2,061          34,916             23.3             97.3                16.9
 
Annual openings
Year ended: March 2008

            March 2008           8,409          52,279            100.0               _                  6.2
            March 2009           6,357          46,982             75.6             75.6                 7.4
            March 2010           5,280          45,119             62.8             83.1                 8.5
            March 2011           4,622          45,524             55.0             87.5                 9.8
            March 2012           4,196          45,911             49.9             90.8                10.9
            March 2013           3,900          45,065             46.4             92.9                11.6
            March 2014           3,593          44,231             42.7             92.1                12.3
            March 2015           3,336          44,025             39.7             92.8                13.2
            March 2016           3,209          43,652             38.2             96.2                13.6
            March 2017           3,027          42,858             36.0             94.3                14.2
            March 2018           2,833          40,645             33.7             93.6                14.3
            March 2019           2,656          39,388             31.6             93.8                14.8
            March 2020           2,500          38,476             29.7             94.1                15.4
            March 2021           2,350          36,893             27.9             94.0                15.7
            March 2022           2,232          37,039             26.5             95.0                16.6
            March 2023           2,135          37,077             25.4             95.7                17.4
            March 2024           2,041          36,576             24.3             95.6                17.9
 
Annual openings
Year ended: March 2009

            March 2009           7,030          40,136            100.0               _                  5.7
            March 2010           5,452          36,379             77.6             77.6                 6.7
            March 2011           4,643          35,256             66.0             85.2                 7.6
            March 2012           4,131          33,994             58.8             89.0                 8.2
            March 2013           3,766          33,431             53.6             91.2                 8.9
            March 2014           3,432          33,232             48.8             91.1                 9.7
            March 2015           3,176          33,248             45.2             92.5                10.5
            March 2016           2,958          32,781             42.1             93.1                11.1
            March 2017           2,785          32,715             39.6             94.2                11.7
            March 2018           2,596          31,930             36.9             93.2                12.3
            March 2019           2,445          31,309             34.8             94.2                12.8
            March 2020           2,256          29,332             32.1             92.3                13.0
            March 2021           2,117          27,956             30.1             93.8                13.2
            March 2022           2,026          28,416             28.8             95.7                14.0
            March 2023           1,915          28,356             27.2             94.5                14.8
            March 2024           1,823          27,440             25.9             95.2                15.1
 
Annual openings
Year ended: March 2010

            March 2010           6,481          36,649            100.0               _                  5.7
            March 2011           4,996          35,118             77.1             77.1                 7.0
            March 2012           4,303          34,299             66.4             86.1                 8.0
            March 2013           3,844          33,977             59.3             89.3                 8.8
            March 2014           3,525          33,206             54.4             91.7                 9.4
            March 2015           3,242          32,859             50.0             92.0                10.1
            March 2016           3,008          31,965             46.4             92.8                10.6
            March 2017           2,832          30,704             43.7             94.1                10.8
            March 2018           2,650          30,584             40.9             93.6                11.5
            March 2019           2,478          30,537             38.2             93.5                12.3
            March 2020           2,321          28,147             35.8             93.7                12.1
            March 2021           2,215          27,032             34.2             95.4                12.2
            March 2022           2,110          27,742             32.6             95.3                13.1
            March 2023           2,004          25,974             30.9             95.0                13.0
            March 2024           1,901          24,822             29.3             94.9                13.1
 
Annual openings
Year ended: March 2011

            March 2011           6,834          38,752            100.0               _                  5.7
            March 2012           5,445          37,362             79.7             79.7                 6.9
            March 2013           4,671          36,646             68.3             85.8                 7.8
            March 2014           4,166          37,012             61.0             89.2                 8.9
            March 2015           3,760          36,804             55.0             90.3                 9.8
            March 2016           3,499          36,003             51.2             93.1                10.3
            March 2017           3,228          35,997             47.2             92.3                11.2
            March 2018           3,032          33,334             44.4             93.9                11.0
            March 2019           2,807          33,739             41.1             92.6                12.0
            March 2020           2,621          31,901             38.4             93.4                12.2
            March 2021           2,417          29,199             35.4             92.2                12.1
            March 2022           2,315          29,716             33.9             95.8                12.8
            March 2023           2,190          30,342             32.0             94.6                13.9
            March 2024           2,080          28,727             30.4             95.0                13.8
 
Annual openings
Year ended: March 2012

            March 2012           7,323          38,113            100.0               _                  5.2
            March 2013           5,793          37,650             79.1             79.1                 6.5
            March 2014           4,991          37,316             68.2             86.2                 7.5
            March 2015           4,440          37,853             60.6             89.0                 8.5
            March 2016           4,015          37,733             54.8             90.4                 9.4
            March 2017           3,696          37,064             50.5             92.1                10.0
            March 2018           3,396          35,964             46.4             91.9                10.6
            March 2019           3,171          35,651             43.3             93.4                11.2
            March 2020           2,974          35,449             40.6             93.8                11.9
            March 2021           2,735          33,588             37.3             92.0                12.3
            March 2022           2,606          33,052             35.6             95.3                12.7
            March 2023           2,456          32,880             33.5             94.2                13.4
            March 2024           2,325          31,472             31.7             94.7                13.5
 
Annual openings
Year ended: March 2013

            March 2013           7,443          39,215            100.0               _                  5.3
            March 2014           5,911          37,821             79.4             79.4                 6.4
            March 2015           5,145          38,617             69.1             87.0                 7.5
            March 2016           4,678          38,661             62.9             90.9                 8.3
            March 2017           4,277          37,414             57.5             91.4                 8.7
            March 2018           3,924          36,918             52.7             91.7                 9.4
            March 2019           3,626          36,444             48.7             92.4                10.1
            March 2020           3,323          35,550             44.6             91.6                10.7
            March 2021           3,089          33,296             41.5             93.0                10.8
            March 2022           2,912          33,453             39.1             94.3                11.5
            March 2023           2,693          32,670             36.2             92.5                12.1
            March 2024           2,562          32,260             34.4             95.1                12.6
 
Annual openings
Year ended: March 2014

            March 2014           7,338          38,403            100.0               _                  5.2
            March 2015           5,835          37,686             79.5             79.5                 6.5
            March 2016           5,120          37,766             69.8             87.7                 7.4
            March 2017           4,560          37,123             62.1             89.1                 8.1
            March 2018           4,145          36,204             56.5             90.9                 8.7
            March 2019           3,819          34,708             52.0             92.1                 9.1
            March 2020           3,491          33,997             47.6             91.4                 9.7
            March 2021           3,196          31,606             43.6             91.5                 9.9
            March 2022           3,012          31,433             41.0             94.2                10.4
            March 2023           2,829          31,151             38.6             93.9                11.0
            March 2024           2,629          29,658             35.8             92.9                11.3
 
Annual openings
Year ended: March 2015

            March 2015           7,388          39,100            100.0               _                  5.3
            March 2016           5,966          39,794             80.8             80.8                 6.7
            March 2017           5,179          40,223             70.1             86.8                 7.8
            March 2018           4,607          39,939             62.4             89.0                 8.7
            March 2019           4,225          40,191             57.2             91.7                 9.5
            March 2020           3,834          38,604             51.9             90.7                10.1
            March 2021           3,501          36,699             47.4             91.3                10.5
            March 2022           3,314          38,593             44.9             94.7                11.6
            March 2023           3,081          37,223             41.7             93.0                12.1
            March 2024           2,884          35,437             39.0             93.6                12.3
 
Annual openings
Year ended: March 2016

            March 2016           7,745          44,784            100.0               _                  5.8
            March 2017           6,202          44,831             80.1             80.1                 7.2
            March 2018           5,350          44,661             69.1             86.3                 8.3
            March 2019           4,832          43,967             62.4             90.3                 9.1
            March 2020           4,369          43,132             56.4             90.4                 9.9
            March 2021           3,929          43,342             50.7             89.9                11.0
            March 2022           3,687          44,027             47.6             93.8                11.9
            March 2023           3,453          43,469             44.6             93.7                12.6
            March 2024           3,225          42,977             41.6             93.4                13.3
 
Annual openings
Year ended: March 2017

            March 2017           7,880          43,650            100.0               _                  5.5
            March 2018           6,235          42,138             79.1             79.1                 6.8
            March 2019           5,439          43,626             69.0             87.2                 8.0
            March 2020           4,843          42,617             61.5             89.0                 8.8
            March 2021           4,406          40,891             55.9             91.0                 9.3
            March 2022           4,116          40,904             52.2             93.4                 9.9
            March 2023           3,837          40,222             48.7             93.2                10.5
            March 2024           3,558          39,414             45.2             92.7                11.1
 
Annual openings
Year ended: March 2018

            March 2018           7,998          43,398            100.0               _                  5.4
            March 2019           6,508          44,799             81.4             81.4                 6.9
            March 2020           5,803          43,105             72.6             89.2                 7.4
            March 2021           5,124          48,801             64.1             88.3                 9.5
            March 2022           4,696          51,812             58.7             91.6                11.0
            March 2023           4,348          46,253             54.4             92.6                10.6
            March 2024           4,078          45,198             51.0             93.8                11.1
 
Annual openings
Year ended: March 2019

            March 2019           8,874          46,101            100.0               _                  5.2
            March 2020           6,972          44,237             78.6             78.6                 6.3
            March 2021           6,107          45,086             68.8             87.6                 7.4
            March 2022           5,607          49,349             63.2             91.8                 8.8
            March 2023           5,128          50,197             57.8             91.5                 9.8
            March 2024           4,695          50,487             52.9             91.6                10.8
 
Annual openings
Year ended: March 2020

            March 2020           8,908          42,405            100.0               _                  4.8
            March 2021           6,939          40,965             77.9             77.9                 5.9
            March 2022           6,188          42,383             69.5             89.2                 6.8
            March 2023           5,537          42,027             62.2             89.5                 7.6
            March 2024           5,053          41,605             56.7             91.3                 8.2
 
Annual openings
Year ended: March 2021

            March 2021           8,655          37,863            100.0               _                  4.4
            March 2022           6,939          38,189             80.2             80.2                 5.5
            March 2023           5,928          38,207             68.5             85.4                 6.4
            March 2024           5,190          36,678             60.0             87.6                 7.1
 
Annual openings
Year ended: March 2022

            March 2022          12,376          49,366            100.0               _                  4.0
            March 2023           9,464          49,757             76.5             76.5                 5.3
            March 2024           8,205          47,908             66.3             86.7                 5.8
 
Annual openings
Year ended: March 2023

            March 2023          16,012          61,392            100.0               _                  3.8
            March 2024          12,366          57,752             77.2             77.2                 4.7
 
Annual openings
Year ended: March 2024

            March 2024          13,249          51,115            100.0               _                  3.9
 
NOTE: A '_' indicates that the data are not available and a 'N' indicates that the data do not meet BLS disclosure standards.
