Table 7. Survival of private sector establishments by opening year

Total Private

Arizona

                          Surviving       Total Employment   Survival Rates   Survival Rates of   Average Employment
                          Establishments  of Survivors       Since Birth      Previous Year's     of Survivors
                                                                              Survivors

Annual openings
Year ended: March 1994

            March 1994           9,318          73,274            100.0               _                  7.9
            March 1995           7,272          76,931             78.0             78.0                10.6
            March 1996           6,307          76,537             67.7             86.7                12.1
            March 1997           5,635          78,471             60.5             89.3                13.9
            March 1998           5,042          80,132             54.1             89.5                15.9
            March 1999           4,471          82,893             48.0             88.7                18.5
            March 2000           4,073          85,068             43.7             91.1                20.9
            March 2001           3,807          78,867             40.9             93.5                20.7
            March 2002           3,505          74,400             37.6             92.1                21.2
            March 2003           3,304          68,446             35.5             94.3                20.7
            March 2004           3,082          66,078             33.1             93.3                21.4
            March 2005           2,925          63,045             31.4             94.9                21.6
            March 2006           2,789          64,143             29.9             95.4                23.0
            March 2007           2,610          64,819             28.0             93.6                24.8
            March 2008           2,459          63,140             26.4             94.2                25.7
            March 2009           2,351          56,602             25.2             95.6                24.1
            March 2010           2,138          55,113             22.9             90.9                25.8
            March 2011           2,006          51,593             21.5             93.8                25.7
            March 2012           1,888          51,594             20.3             94.1                27.3
            March 2013           1,815          51,701             19.5             96.1                28.5
            March 2014           1,734          53,208             18.6             95.5                30.7
            March 2015           1,652          52,836             17.7             95.3                32.0
            March 2016           1,588          51,910             17.0             96.1                32.7
            March 2017           1,542          52,466             16.5             97.1                34.0
            March 2018           1,477          53,281             15.9             95.8                36.1
            March 2019           1,429          53,793             15.3             96.8                37.6
            March 2020           1,573          53,738             16.9            110.1                34.2
            March 2021           1,529          49,931             16.4             97.2                32.7
            March 2022           1,439          47,552             15.4             94.1                33.0
            March 2023           1,372          47,989             14.7             95.3                35.0
            March 2024           1,276          49,947             13.7             93.0                39.1
 
Annual openings
Year ended: March 1995

            March 1995          10,559          91,757            100.0               _                  8.7
            March 1996           8,444          99,242             80.0             80.0                11.8
            March 1997           7,103         100,629             67.3             84.1                14.2
            March 1998           6,392         101,995             60.5             90.0                16.0
            March 1999           5,701          95,429             54.0             89.2                16.7
            March 2000           5,119          85,431             48.5             89.8                16.7
            March 2001           4,667          85,135             44.2             91.2                18.2
            March 2002           4,294          82,992             40.7             92.0                19.3
            March 2003           4,005          80,944             37.9             93.3                20.2
            March 2004           3,838          81,210             36.3             95.8                21.2
            March 2005           3,629          85,446             34.4             94.6                23.5
            March 2006           3,409          86,866             32.3             93.9                25.5
            March 2007           3,220          85,395             30.5             94.5                26.5
            March 2008           3,047          82,965             28.9             94.6                27.2
            March 2009           2,817          72,979             26.7             92.5                25.9
            March 2010           2,618          67,080             24.8             92.9                25.6
            March 2011           2,467          66,974             23.4             94.2                27.1
            March 2012           2,339          66,170             22.2             94.8                28.3
            March 2013           2,240          67,507             21.2             95.8                30.1
            March 2014           2,182          65,470             20.7             97.4                30.0
            March 2015           2,077          65,022             19.7             95.2                31.3
            March 2016           1,981          65,429             18.8             95.4                33.0
            March 2017           1,915          64,934             18.1             96.7                33.9
            March 2018           1,819          66,744             17.2             95.0                36.7
            March 2019           1,781          66,069             16.9             97.9                37.1
            March 2020           1,682          65,169             15.9             94.4                38.7
            March 2021           1,620          63,695             15.3             96.3                39.3
            March 2022           1,535          61,858             14.5             94.8                40.3
            March 2023           1,450          61,356             13.7             94.5                42.3
            March 2024           1,416          60,361             13.4             97.7                42.6
 
Annual openings
Year ended: March 1996

            March 1996          11,695          88,605            100.0               _                  7.6
            March 1997           9,247          93,137             79.1             79.1                10.1
            March 1998           7,917          96,606             67.7             85.6                12.2
            March 1999           6,837          94,534             58.5             86.4                13.8
            March 2000           6,046          93,997             51.7             88.4                15.5
            March 2001           5,455          90,273             46.6             90.2                16.5
            March 2002           4,937          78,718             42.2             90.5                15.9
            March 2003           4,546          75,778             38.9             92.1                16.7
            March 2004           4,261          72,211             36.4             93.7                16.9
            March 2005           4,044          73,321             34.6             94.9                18.1
            March 2006           3,779          74,043             32.3             93.4                19.6
            March 2007           3,548          73,882             30.3             93.9                20.8
            March 2008           3,301          67,582             28.2             93.0                20.5
            March 2009           3,046          58,217             26.0             92.3                19.1
            March 2010           2,791          54,388             23.9             91.6                19.5
            March 2011           2,619          53,771             22.4             93.8                20.5
            March 2012           2,507          52,775             21.4             95.7                21.1
            March 2013           2,403          53,637             20.5             95.9                22.3
            March 2014           2,335          53,552             20.0             97.2                22.9
            March 2015           2,261          52,123             19.3             96.8                23.1
            March 2016           2,189          51,535             18.7             96.8                23.5
            March 2017           2,097          49,619             17.9             95.8                23.7
            March 2018           2,016          51,784             17.2             96.1                25.7
            March 2019           1,964          50,850             16.8             97.4                25.9
            March 2020           1,896          48,944             16.2             96.5                25.8
            March 2021           1,848          44,528             15.8             97.5                24.1
            March 2022           1,754          45,672             15.0             94.9                26.0
            March 2023           1,665          47,601             14.2             94.9                28.6
            March 2024           1,593          47,492             13.6             95.7                29.8
 
Annual openings
Year ended: March 1997

            March 1997          10,665          76,712            100.0               _                  7.2
            March 1998           8,461          84,446             79.3             79.3                10.0
            March 1999           6,973          83,991             65.4             82.4                12.0
            March 2000           6,084          85,419             57.0             87.3                14.0
            March 2001           5,422          84,169             50.8             89.1                15.5
            March 2002           4,798          76,947             45.0             88.5                16.0
            March 2003           4,359          75,796             40.9             90.9                17.4
            March 2004           4,028          76,685             37.8             92.4                19.0
            March 2005           3,711          75,684             34.8             92.1                20.4
            March 2006           3,474          79,712             32.6             93.6                22.9
            March 2007           3,306          81,071             31.0             95.2                24.5
            March 2008           3,095          76,014             29.0             93.6                24.6
            March 2009           2,804          65,676             26.3             90.6                23.4
            March 2010           2,725          59,730             25.6             97.2                21.9
            March 2011           2,551          59,737             23.9             93.6                23.4
            March 2012           2,463          60,362             23.1             96.6                24.5
            March 2013           2,387          60,425             22.4             96.9                25.3
            March 2014           2,305          58,305             21.6             96.6                25.3
            March 2015           2,235          58,665             21.0             97.0                26.2
            March 2016           2,130          58,700             20.0             95.3                27.6
            March 2017           2,040          57,062             19.1             95.8                28.0
            March 2018           1,955          57,827             18.3             95.8                29.6
            March 2019           1,865          58,515             17.5             95.4                31.4
            March 2020           1,789          56,669             16.8             95.9                31.7
            March 2021           1,721          52,412             16.1             96.2                30.5
            March 2022           1,646          51,079             15.4             95.6                31.0
            March 2023           1,540          50,250             14.4             93.6                32.6
            March 2024           1,483          50,025             13.9             96.3                33.7
 
Annual openings
Year ended: March 1998

            March 1998          11,397          83,494            100.0               _                  7.3
            March 1999           8,728          87,799             76.6             76.6                10.1
            March 2000           7,508          90,229             65.9             86.0                12.0
            March 2001           6,495          87,552             57.0             86.5                13.5
            March 2002           5,650          84,816             49.6             87.0                15.0
            March 2003           5,127          80,290             45.0             90.7                15.7
            March 2004           4,722          79,649             41.4             92.1                16.9
            March 2005           4,406          86,829             38.7             93.3                19.7
            March 2006           4,096          90,587             35.9             93.0                22.1
            March 2007           3,903          86,119             34.2             95.3                22.1
            March 2008           3,844          81,880             33.7             98.5                21.3
            March 2009           3,490          73,958             30.6             90.8                21.2
            March 2010           3,228          70,075             28.3             92.5                21.7
            March 2011           3,096          69,462             27.2             95.9                22.4
            March 2012           2,962          68,184             26.0             95.7                23.0
            March 2013           2,821          66,465             24.8             95.2                23.6
            March 2014           2,751          66,007             24.1             97.5                24.0
            March 2015           2,646          66,124             23.2             96.2                25.0
            March 2016           2,539          64,516             22.3             96.0                25.4
            March 2017           2,443          64,181             21.4             96.2                26.3
            March 2018           2,347          61,045             20.6             96.1                26.0
            March 2019           2,289          61,000             20.1             97.5                26.6
            March 2020           2,194          61,333             19.3             95.8                28.0
            March 2021           2,108          58,103             18.5             96.1                27.6
            March 2022           2,057          54,862             18.0             97.6                26.7
            March 2023           1,948          53,050             17.1             94.7                27.2
            March 2024           1,856          51,095             16.3             95.3                27.5
 
Annual openings
Year ended: March 1999

            March 1999           9,510          72,436            100.0               _                  7.6
            March 2000           7,459          74,591             78.4             78.4                10.0
            March 2001           6,246          75,028             65.7             83.7                12.0
            March 2002           5,395          68,812             56.7             86.4                12.8
            March 2003           4,808          63,641             50.6             89.1                13.2
            March 2004           4,321          62,498             45.4             89.9                14.5
            March 2005           3,984          62,729             41.9             92.2                15.7
            March 2006           3,666          63,048             38.5             92.0                17.2
            March 2007           3,431          63,563             36.1             93.6                18.5
            March 2008           3,159          55,091             33.2             92.1                17.4
            March 2009           2,811          46,874             29.6             89.0                16.7
            March 2010           2,547          44,551             26.8             90.6                17.5
            March 2011           2,397          43,083             25.2             94.1                18.0
            March 2012           2,308          42,818             24.3             96.3                18.6
            March 2013           2,164          41,476             22.8             93.8                19.2
            March 2014           2,096          41,185             22.0             96.9                19.6
            March 2015           1,995          40,333             21.0             95.2                20.2
            March 2016           1,900          40,769             20.0             95.2                21.5
            March 2017           1,839          39,870             19.3             96.8                21.7
            March 2018           1,776          39,463             18.7             96.6                22.2
            March 2019           1,700          38,937             17.9             95.7                22.9
            March 2020           1,605          38,092             16.9             94.4                23.7
            March 2021           1,536          36,357             16.2             95.7                23.7
            March 2022           1,448          34,591             15.2             94.3                23.9
            March 2023           1,383          35,904             14.5             95.5                26.0
            March 2024           1,305          36,006             13.7             94.4                27.6
 
Annual openings
Year ended: March 2000

            March 2000          12,225          85,156            100.0               _                  7.0
            March 2001           9,298          88,737             76.1             76.1                 9.5
            March 2002           7,709          81,281             63.1             82.9                10.5
            March 2003           6,860          81,372             56.1             89.0                11.9
            March 2004           6,132          82,496             50.2             89.4                13.5
            March 2005           5,639          82,700             46.1             92.0                14.7
            March 2006           5,189          85,265             42.4             92.0                16.4
            March 2007           4,912          82,796             40.2             94.7                16.9
            March 2008           4,708          78,597             38.5             95.8                16.7
            March 2009           4,267          68,651             34.9             90.6                16.1
            March 2010           3,852          64,579             31.5             90.3                16.8
            March 2011           3,655          61,697             29.9             94.9                16.9
            March 2012           3,491          59,479             28.6             95.5                17.0
            March 2013           3,440          58,841             28.1             98.5                17.1
            March 2014           3,301          59,004             27.0             96.0                17.9
            March 2015           3,140          59,849             25.7             95.1                19.1
            March 2016           2,981          60,411             24.4             94.9                20.3
            March 2017           2,839          59,255             23.2             95.2                20.9
            March 2018           2,701          60,999             22.1             95.1                22.6
            March 2019           2,567          60,477             21.0             95.0                23.6
            March 2020           2,428          60,790             19.9             94.6                25.0
            March 2021           2,319          58,643             19.0             95.5                25.3
            March 2022           2,279          59,227             18.6             98.3                26.0
            March 2023           2,120          57,353             17.3             93.0                27.1
            March 2024           2,024          58,257             16.6             95.5                28.8
 
Annual openings
Year ended: March 2001

            March 2001          11,477          82,249            100.0               _                  7.2
            March 2002           8,453          74,840             73.7             73.7                 8.9
            March 2003           7,255          73,433             63.2             85.8                10.1
            March 2004           6,404          73,141             55.8             88.3                11.4
            March 2005           5,842          74,802             50.9             91.2                12.8
            March 2006           5,359          77,884             46.7             91.7                14.5
            March 2007           4,907          75,572             42.8             91.6                15.4
            March 2008           4,547          72,514             39.6             92.7                15.9
            March 2009           4,059          64,011             35.4             89.3                15.8
            March 2010           3,676          60,107             32.0             90.6                16.4
            March 2011           3,422          57,804             29.8             93.1                16.9
            March 2012           3,280          57,733             28.6             95.9                17.6
            March 2013           3,111          57,256             27.1             94.8                18.4
            March 2014           3,024          57,792             26.3             97.2                19.1
            March 2015           2,977          57,765             25.9             98.4                19.4
            March 2016           2,819          57,195             24.6             94.7                20.3
            March 2017           2,670          57,921             23.3             94.7                21.7
            March 2018           2,568          57,271             22.4             96.2                22.3
            March 2019           2,435          56,223             21.2             94.8                23.1
            March 2020           2,303          55,181             20.1             94.6                24.0
            March 2021           2,184          51,887             19.0             94.8                23.8
            March 2022           2,067          52,238             18.0             94.6                25.3
            March 2023           1,966          53,497             17.1             95.1                27.2
            March 2024           1,858          52,980             16.2             94.5                28.5
 
Annual openings
Year ended: March 2002

            March 2002          11,090          82,022            100.0               _                  7.4
            March 2003           8,542          78,168             77.0             77.0                 9.2
            March 2004           7,088          73,441             63.9             83.0                10.4
            March 2005           6,508          76,027             58.7             91.8                11.7
            March 2006           5,932          79,141             53.5             91.1                13.3
            March 2007           5,418          75,554             48.9             91.3                13.9
            March 2008           4,900          70,612             44.2             90.4                14.4
            March 2009           4,377          62,124             39.5             89.3                14.2
            March 2010           3,962          57,594             35.7             90.5                14.5
            March 2011           3,641          56,419             32.8             91.9                15.5
            March 2012           3,437          54,955             31.0             94.4                16.0
            March 2013           3,203          52,907             28.9             93.2                16.5
            March 2014           3,060          53,011             27.6             95.5                17.3
            March 2015           2,927          53,246             26.4             95.7                18.2
            March 2016           2,806          52,020             25.3             95.9                18.5
            March 2017           2,683          51,104             24.2             95.6                19.0
            March 2018           2,581          51,321             23.3             96.2                19.9
            March 2019           2,433          52,250             21.9             94.3                21.5
            March 2020           2,375          50,362             21.4             97.6                21.2
            March 2021           2,277          46,676             20.5             95.9                20.5
            March 2022           2,120          46,979             19.1             93.1                22.2
            March 2023           2,013          47,292             18.2             95.0                23.5
            March 2024           1,904          46,908             17.2             94.6                24.6
 
Annual openings
Year ended: March 2003

            March 2003          10,676          78,825            100.0               _                  7.4
            March 2004           8,342          82,809             78.1             78.1                 9.9
            March 2005           7,339          87,423             68.7             88.0                11.9
            March 2006           6,619          90,166             62.0             90.2                13.6
            March 2007           5,953          89,161             55.8             89.9                15.0
            March 2008           5,327          81,655             49.9             89.5                15.3
            March 2009           4,719          71,548             44.2             88.6                15.2
            March 2010           4,266          67,803             40.0             90.4                15.9
            March 2011           3,906          65,258             36.6             91.6                16.7
            March 2012           3,668          64,266             34.4             93.9                17.5
            March 2013           3,495          64,807             32.7             95.3                18.5
            March 2014           3,260          64,702             30.5             93.3                19.8
            March 2015           3,226          65,257             30.2             99.0                20.2
            March 2016           3,058          65,595             28.6             94.8                21.5
            March 2017           2,895          65,551             27.1             94.7                22.6
            March 2018           2,785          67,577             26.1             96.2                24.3
            March 2019           2,659          66,971             24.9             95.5                25.2
            March 2020           2,508          66,059             23.5             94.3                26.3
            March 2021           2,447          65,806             22.9             97.6                26.9
            March 2022           2,287          65,941             21.4             93.5                28.8
            March 2023           2,139          63,328             20.0             93.5                29.6
            March 2024           2,051          62,515             19.2             95.9                30.5
 
Annual openings
Year ended: March 2004

            March 2004           9,691          67,935            100.0               _                  7.0
            March 2005           7,926          72,593             81.8             81.8                 9.2
            March 2006           6,851          75,229             70.7             86.4                11.0
            March 2007           6,112          73,686             63.1             89.2                12.1
            March 2008           5,423          67,763             56.0             88.7                12.5
            March 2009           4,714          58,800             48.6             86.9                12.5
            March 2010           4,174          53,054             43.1             88.5                12.7
            March 2011           3,874          51,983             40.0             92.8                13.4
            March 2012           3,560          50,868             36.7             91.9                14.3
            March 2013           3,351          50,094             34.6             94.1                14.9
            March 2014           3,115          50,006             32.1             93.0                16.1
            March 2015           2,976          50,722             30.7             95.5                17.0
            March 2016           2,818          50,585             29.1             94.7                18.0
            March 2017           2,670          50,144             27.6             94.7                18.8
            March 2018           2,532          50,944             26.1             94.8                20.1
            March 2019           2,424          49,888             25.0             95.7                20.6
            March 2020           2,300          49,332             23.7             94.9                21.4
            March 2021           2,205          44,492             22.8             95.9                20.2
            March 2022           2,080          46,422             21.5             94.3                22.3
            March 2023           2,008          45,638             20.7             96.5                22.7
            March 2024           1,873          44,405             19.3             93.3                23.7
 
Annual openings
Year ended: March 2005

            March 2005          11,393          84,616            100.0               _                  7.4
            March 2006           9,191          89,882             80.7             80.7                 9.8
            March 2007           7,828          84,944             68.7             85.2                10.9
            March 2008           6,752          77,394             59.3             86.3                11.5
            March 2009           5,792          67,056             50.8             85.8                11.6
            March 2010           5,111          61,589             44.9             88.2                12.1
            March 2011           4,599          59,982             40.4             90.0                13.0
            March 2012           4,275          60,743             37.5             93.0                14.2
            March 2013           3,989          59,855             35.0             93.3                15.0
            March 2014           3,779          60,299             33.2             94.7                16.0
            March 2015           3,541          57,454             31.1             93.7                16.2
            March 2016           3,350          56,816             29.4             94.6                17.0
            March 2017           3,173          56,855             27.9             94.7                17.9
            March 2018           3,013          58,413             26.4             95.0                19.4
            March 2019           2,870          57,565             25.2             95.3                20.1
            March 2020           2,702          56,859             23.7             94.1                21.0
            March 2021           2,633          54,228             23.1             97.4                20.6
            March 2022           2,472          53,814             21.7             93.9                21.8
            March 2023           2,354          54,821             20.7             95.2                23.3
            March 2024           2,224          53,683             19.5             94.5                24.1
 
Annual openings
Year ended: March 2006

            March 2006          16,909         104,820            100.0               _                  6.2
            March 2007          13,196         104,111             78.0             78.0                 7.9
            March 2008          10,863          96,615             64.2             82.3                 8.9
            March 2009           9,063          82,728             53.6             83.4                 9.1
            March 2010           7,775          77,175             46.0             85.8                 9.9
            March 2011           6,951          78,985             41.1             89.4                11.4
            March 2012           6,402          81,841             37.9             92.1                12.8
            March 2013           5,965          84,045             35.3             93.2                14.1
            March 2014           5,558          86,741             32.9             93.2                15.6
            March 2015           5,188          87,754             30.7             93.3                16.9
            March 2016           4,887          92,340             28.9             94.2                18.9
            March 2017           4,579          90,252             27.1             93.7                19.7
            March 2018           4,363          93,726             25.8             95.3                21.5
            March 2019           4,311          95,395             25.5             98.8                22.1
            March 2020           4,076         102,940             24.1             94.5                25.3
            March 2021           3,881         114,661             23.0             95.2                29.5
            March 2022           3,731         121,767             22.1             96.1                32.6
            March 2023           3,516         115,549             20.8             94.2                32.9
            March 2024           3,309         119,421             19.6             94.1                36.1
 
Annual openings
Year ended: March 2007

            March 2007          14,317          84,399            100.0               _                  5.9
            March 2008          10,474          78,627             73.2             73.2                 7.5
            March 2009           8,327          68,536             58.2             79.5                 8.2
            March 2010           7,058          65,656             49.3             84.8                 9.3
            March 2011           6,298          65,502             44.0             89.2                10.4
            March 2012           5,785          65,766             40.4             91.9                11.4
            March 2013           5,330          64,439             37.2             92.1                12.1
            March 2014           4,997          64,032             34.9             93.8                12.8
            March 2015           4,687          64,847             32.7             93.8                13.8
            March 2016           4,346          66,252             30.4             92.7                15.2
            March 2017           4,159          65,637             29.0             95.7                15.8
            March 2018           3,928          66,197             27.4             94.4                16.9
            March 2019           3,778          66,082             26.4             96.2                17.5
            March 2020           3,557          65,270             24.8             94.2                18.3
            March 2021           3,423          63,618             23.9             96.2                18.6
            March 2022           3,251          64,031             22.7             95.0                19.7
            March 2023           3,015          64,486             21.1             92.7                21.4
            March 2024           2,852          62,452             19.9             94.6                21.9
 
Annual openings
Year ended: March 2008

            March 2008          12,310          77,478            100.0               _                  6.3
            March 2009           8,870          66,397             72.1             72.1                 7.5
            March 2010           7,179          60,882             58.3             80.9                 8.5
            March 2011           6,260          60,491             50.9             87.2                 9.7
            March 2012           5,634          61,848             45.8             90.0                11.0
            March 2013           5,185          62,163             42.1             92.0                12.0
            March 2014           4,806          62,584             39.0             92.7                13.0
            March 2015           4,490          63,914             36.5             93.4                14.2
            March 2016           4,215          63,683             34.2             93.9                15.1
            March 2017           4,033          64,269             32.8             95.7                15.9
            March 2018           3,768          64,179             30.6             93.4                17.0
            March 2019           3,598          65,039             29.2             95.5                18.1
            March 2020           3,402          62,286             27.6             94.6                18.3
            March 2021           3,249          57,733             26.4             95.5                17.8
            March 2022           3,037          59,286             24.7             93.5                19.5
            March 2023           2,840          58,079             23.1             93.5                20.5
            March 2024           2,679          58,275             21.8             94.3                21.8
 
Annual openings
Year ended: March 2009

            March 2009          11,657          63,574            100.0               _                  5.5
            March 2010           8,454          57,595             72.5             72.5                 6.8
            March 2011           7,073          54,693             60.7             83.7                 7.7
            March 2012           6,329          54,259             54.3             89.5                 8.6
            March 2013           5,714          52,777             49.0             90.3                 9.2
            March 2014           5,245          52,011             45.0             91.8                 9.9
            March 2015           4,829          52,653             41.4             92.1                10.9
            March 2016           4,413          52,879             37.9             91.4                12.0
            March 2017           4,175          51,570             35.8             94.6                12.4
            March 2018           3,916          51,303             33.6             93.8                13.1
            March 2019           3,710          51,546             31.8             94.7                13.9
            March 2020           3,501          52,573             30.0             94.4                15.0
            March 2021           3,348          48,558             28.7             95.6                14.5
            March 2022           3,136          48,980             26.9             93.7                15.6
            March 2023           2,941          47,423             25.2             93.8                16.1
            March 2024           2,778          47,031             23.8             94.5                16.9
 
Annual openings
Year ended: March 2010

            March 2010           9,815          50,357            100.0               _                  5.1
            March 2011           7,390          48,205             75.3             75.3                 6.5
            March 2012           6,450          47,956             65.7             87.3                 7.4
            March 2013           5,724          47,853             58.3             88.7                 8.4
            March 2014           5,181          46,854             52.8             90.5                 9.0
            March 2015           4,749          46,886             48.4             91.7                 9.9
            March 2016           4,313          46,448             43.9             90.8                10.8
            March 2017           4,009          46,885             40.8             93.0                11.7
            March 2018           3,742          46,942             38.1             93.3                12.5
            March 2019           3,567          47,795             36.3             95.3                13.4
            March 2020           3,319          46,396             33.8             93.0                14.0
            March 2021           3,168          43,713             32.3             95.5                13.8
            March 2022           2,956          43,840             30.1             93.3                14.8
            March 2023           2,751          43,855             28.0             93.1                15.9
            March 2024           2,539          44,905             25.9             92.3                17.7
 
Annual openings
Year ended: March 2011

            March 2011           9,768          50,000            100.0               _                  5.1
            March 2012           7,574          48,296             77.5             77.5                 6.4
            March 2013           6,521          47,736             66.8             86.1                 7.3
            March 2014           5,764          48,202             59.0             88.4                 8.4
            March 2015           5,237          48,744             53.6             90.9                 9.3
            March 2016           4,740          48,812             48.5             90.5                10.3
            March 2017           4,376          48,925             44.8             92.3                11.2
            March 2018           4,010          48,718             41.1             91.6                12.1
            March 2019           3,763          48,947             38.5             93.8                13.0
            March 2020           3,466          48,192             35.5             92.1                13.9
            March 2021           3,277          48,223             33.5             94.5                14.7
            March 2022           3,092          49,407             31.7             94.4                16.0
            March 2023           2,870          48,621             29.4             92.8                16.9
            March 2024           2,704          48,505             27.7             94.2                17.9
 
Annual openings
Year ended: March 2012

            March 2012          10,140          52,020            100.0               _                  5.1
            March 2013           7,760          52,478             76.5             76.5                 6.8
            March 2014           6,691          52,674             66.0             86.2                 7.9
            March 2015           5,910          52,360             58.3             88.3                 8.9
            March 2016           5,302          51,301             52.3             89.7                 9.7
            March 2017           4,889          49,500             48.2             92.2                10.1
            March 2018           4,525          49,608             44.6             92.6                11.0
            March 2019           4,233          48,989             41.7             93.5                11.6
            March 2020           3,877          48,984             38.2             91.6                12.6
            March 2021           3,677          45,913             36.3             94.8                12.5
            March 2022           3,455          47,516             34.1             94.0                13.8
            March 2023           3,231          45,280             31.9             93.5                14.0
            March 2024           3,022          44,948             29.8             93.5                14.9
 
Annual openings
Year ended: March 2013

            March 2013          10,666          54,735            100.0               _                  5.1
            March 2014           8,376          53,090             78.5             78.5                 6.3
            March 2015           7,205          51,531             67.6             86.0                 7.2
            March 2016           6,423          50,175             60.2             89.1                 7.8
            March 2017           5,810          49,276             54.5             90.5                 8.5
            March 2018           5,238          50,098             49.1             90.2                 9.6
            March 2019           4,887          50,982             45.8             93.3                10.4
            March 2020           4,429          51,306             41.5             90.6                11.6
            March 2021           4,220          51,215             39.6             95.3                12.1
            March 2022           3,943          54,436             37.0             93.4                13.8
            March 2023           3,650          50,811             34.2             92.6                13.9
            March 2024           3,396          48,781             31.8             93.0                14.4
 
Annual openings
Year ended: March 2014

            March 2014          10,462          53,375            100.0               _                  5.1
            March 2015           8,072          55,193             77.2             77.2                 6.8
            March 2016           6,890          57,492             65.9             85.4                 8.3
            March 2017           6,122          57,813             58.5             88.9                 9.4
            March 2018           5,520          58,792             52.8             90.2                10.7
            March 2019           5,032          58,901             48.1             91.2                11.7
            March 2020           4,557          58,212             43.6             90.6                12.8
            March 2021           4,302          58,060             41.1             94.4                13.5
            March 2022           3,989          60,470             38.1             92.7                15.2
            March 2023           3,703          57,283             35.4             92.8                15.5
            March 2024           3,457          56,694             33.0             93.4                16.4
 
Annual openings
Year ended: March 2015

            March 2015          11,097          53,925            100.0               _                  4.9
            March 2016           8,687          55,334             78.3             78.3                 6.4
            March 2017           7,481          55,964             67.4             86.1                 7.5
            March 2018           6,627          56,438             59.7             88.6                 8.5
            March 2019           6,019          56,768             54.2             90.8                 9.4
            March 2020           5,336          56,908             48.1             88.7                10.7
            March 2021           5,063          55,902             45.6             94.9                11.0
            March 2022           4,707          60,816             42.4             93.0                12.9
            March 2023           4,376          60,269             39.4             93.0                13.8
            March 2024           3,984          58,716             35.9             91.0                14.7
 
Annual openings
Year ended: March 2016

            March 2016          13,052          62,967            100.0               _                  4.8
            March 2017          10,158          66,464             77.8             77.8                 6.5
            March 2018           8,785          67,053             67.3             86.5                 7.6
            March 2019           7,851          66,570             60.2             89.4                 8.5
            March 2020           6,951          66,047             53.3             88.5                 9.5
            March 2021           6,515          64,298             49.9             93.7                 9.9
            March 2022           6,061          68,244             46.4             93.0                11.3
            March 2023           5,509          66,591             42.2             90.9                12.1
            March 2024           5,129          65,509             39.3             93.1                12.8
 
Annual openings
Year ended: March 2017

            March 2017          12,909          64,502            100.0               _                  5.0
            March 2018           9,829          66,108             76.1             76.1                 6.7
            March 2019           8,575          66,290             66.4             87.2                 7.7
            March 2020           7,416          65,720             57.4             86.5                 8.9
            March 2021           6,923          64,904             53.6             93.4                 9.4
            March 2022           6,369          69,046             49.3             92.0                10.8
            March 2023           5,747          67,748             44.5             90.2                11.8
            March 2024           5,344          67,003             41.4             93.0                12.5
 
Annual openings
Year ended: March 2018

            March 2018          12,841          61,559            100.0               _                  4.8
            March 2019          10,012          61,891             78.0             78.0                 6.2
            March 2020           8,461          61,100             65.9             84.5                 7.2
            March 2021           7,834          61,075             61.0             92.6                 7.8
            March 2022           7,120          64,081             55.4             90.9                 9.0
            March 2023           6,378          61,554             49.7             89.6                 9.7
            March 2024           5,846          60,938             45.5             91.7                10.4
 
Annual openings
Year ended: March 2019

            March 2019          13,198          61,191            100.0               _                  4.6
            March 2020          10,142          62,575             76.8             76.8                 6.2
            March 2021           9,118          62,049             69.1             89.9                 6.8
            March 2022           8,194          66,339             62.1             89.9                 8.1
            March 2023           7,290          64,339             55.2             89.0                 8.8
            March 2024           6,531          63,006             49.5             89.6                 9.6
 
Annual openings
Year ended: March 2020

            March 2020          13,685          64,256            100.0               _                  4.7
            March 2021          11,181          65,290             81.7             81.7                 5.8
            March 2022           9,785          71,601             71.5             87.5                 7.3
            March 2023           8,372          69,040             61.2             85.6                 8.2
            March 2024           7,772          68,373             56.8             92.8                 8.8
 
Annual openings
Year ended: March 2021

            March 2021          16,811          65,454            100.0               _                  3.9
            March 2022          13,023          74,626             77.5             77.5                 5.7
            March 2023          10,893          77,536             64.8             83.6                 7.1
            March 2024           9,561          77,137             56.9             87.8                 8.1
 
Annual openings
Year ended: March 2022

            March 2022          20,352          81,361            100.0               _                  4.0
            March 2023          15,180          84,369             74.6             74.6                 5.6
            March 2024          12,755          84,912             62.7             84.0                 6.7
 
Annual openings
Year ended: March 2023

            March 2023          19,615          86,058            100.0               _                  4.4
            March 2024          15,114          86,395             77.1             77.1                 5.7
 
Annual openings
Year ended: March 2024

            March 2024          21,746          91,517            100.0               _                  4.2
 
NOTE: A '_' indicates that the data are not available and a 'N' indicates that the data do not meet BLS disclosure standards.
