Table 7. Survival of private sector establishments by opening year

Total Private

California

                          Surviving       Total Employment   Survival Rates   Survival Rates of   Average Employment
                          Establishments  of Survivors       Since Birth      Previous Year's     of Survivors
                                                                              Survivors

Annual openings
Year ended: March 1994

            March 1994          82,540         561,481            100.0               _                  6.8
            March 1995          64,739         541,690             78.4             78.4                 8.4
            March 1996          53,375         525,485             64.7             82.4                 9.8
            March 1997          46,058         514,958             55.8             86.3                11.2
            March 1998          40,516         493,506             49.1             88.0                12.2
            March 1999          36,427         470,228             44.1             89.9                12.9
            March 2000          32,949         461,270             39.9             90.5                14.0
            March 2001          29,869         458,496             36.2             90.7                15.4
            March 2002          27,272         424,554             33.0             91.3                15.6
            March 2003          25,182         397,886             30.5             92.3                15.8
            March 2004          23,323         389,633             28.3             92.6                16.7
            March 2005          21,660         383,753             26.2             92.9                17.7
            March 2006          20,314         374,839             24.6             93.8                18.5
            March 2007          18,961         363,261             23.0             93.3                19.2
            March 2008          17,856         343,833             21.6             94.2                19.3
            March 2009          16,635         309,124             20.2             93.2                18.6
            March 2010          15,474         295,177             18.7             93.0                19.1
            March 2011          14,949         294,122             18.1             96.6                19.7
            March 2012          14,069         297,133             17.0             94.1                21.1
            March 2013          13,720         302,017             16.6             97.5                22.0
            March 2014          13,040         300,207             15.8             95.0                23.0
            March 2015          12,495         297,160             15.1             95.8                23.8
            March 2016          11,780         297,513             14.3             94.3                25.3
            March 2017          11,299         294,963             13.7             95.9                26.1
            March 2018          10,775         286,627             13.1             95.4                26.6
            March 2019          10,274         283,357             12.4             95.4                27.6
            March 2020           9,742         275,559             11.8             94.8                28.3
            March 2021           9,143         231,115             11.1             93.9                25.3
            March 2022           8,767         247,412             10.6             95.9                28.2
            March 2023           8,328         247,023             10.1             95.0                29.7
            March 2024           7,998         245,292              9.7             96.0                30.7
 
Annual openings
Year ended: March 1995

            March 1995          82,005         525,470            100.0               _                  6.4
            March 1996          62,316         511,381             76.0             76.0                 8.2
            March 1997          51,756         511,674             63.1             83.1                 9.9
            March 1998          44,798         495,121             54.6             86.6                11.1
            March 1999          40,265         480,459             49.1             89.9                11.9
            March 2000          36,179         471,123             44.1             89.9                13.0
            March 2001          32,744         454,643             39.9             90.5                13.9
            March 2002          29,711         421,023             36.2             90.7                14.2
            March 2003          27,476         389,863             33.5             92.5                14.2
            March 2004          25,414         371,965             31.0             92.5                14.6
            March 2005          23,506         362,517             28.7             92.5                15.4
            March 2006          21,996         356,766             26.8             93.6                16.2
            March 2007          20,496         344,205             25.0             93.2                16.8
            March 2008          19,319         332,071             23.6             94.3                17.2
            March 2009          18,108         300,136             22.1             93.7                16.6
            March 2010          16,814         281,684             20.5             92.9                16.8
            March 2011          16,087         276,500             19.6             95.7                17.2
            March 2012          15,343         274,417             18.7             95.4                17.9
            March 2013          14,968         273,364             18.3             97.6                18.3
            March 2014          14,231         266,132             17.4             95.1                18.7
            March 2015          13,506         268,956             16.5             94.9                19.9
            March 2016          12,849         263,022             15.7             95.1                20.5
            March 2017          12,447         261,730             15.2             96.9                21.0
            March 2018          12,196         253,363             14.9             98.0                20.8
            March 2019          11,592         247,040             14.1             95.0                21.3
            March 2020          11,102         238,066             13.5             95.8                21.4
            March 2021          10,612         212,289             12.9             95.6                20.0
            March 2022          10,033         210,245             12.2             94.5                21.0
            March 2023           9,484         205,366             11.6             94.5                21.7
            March 2024           9,064         200,722             11.1             95.6                22.1
 
Annual openings
Year ended: March 1996

            March 1996          89,020         556,476            100.0               _                  6.3
            March 1997          65,297         534,752             73.4             73.4                 8.2
            March 1998          54,938         523,519             61.7             84.1                 9.5
            March 1999          48,990         513,192             55.0             89.2                10.5
            March 2000          43,873         514,916             49.3             89.6                11.7
            March 2001          39,279         506,647             44.1             89.5                12.9
            March 2002          35,516         456,549             39.9             90.4                12.9
            March 2003          32,464         437,286             36.5             91.4                13.5
            March 2004          29,694         410,306             33.4             91.5                13.8
            March 2005          27,400         400,659             30.8             92.3                14.6
            March 2006          25,541         395,740             28.7             93.2                15.5
            March 2007          23,697         387,756             26.6             92.8                16.4
            March 2008          22,214         366,055             25.0             93.7                16.5
            March 2009          20,771         336,421             23.3             93.5                16.2
            March 2010          19,177         320,369             21.5             92.3                16.7
            March 2011          18,283         315,806             20.5             95.3                17.3
            March 2012          17,445         315,334             19.6             95.4                18.1
            March 2013          17,129         317,614             19.2             98.2                18.5
            March 2014          16,327         311,847             18.3             95.3                19.1
            March 2015          15,538         309,558             17.5             95.2                19.9
            March 2016          14,682         306,859             16.5             94.5                20.9
            March 2017          14,055         298,477             15.8             95.7                21.2
            March 2018          13,481         293,615             15.1             95.9                21.8
            March 2019          12,838         287,534             14.4             95.2                22.4
            March 2020          12,190         281,567             13.7             95.0                23.1
            March 2021          11,481         250,644             12.9             94.2                21.8
            March 2022          11,033         256,917             12.4             96.1                23.3
            March 2023          10,426         260,025             11.7             94.5                24.9
            March 2024          10,055         252,972             11.3             96.4                25.2
 
Annual openings
Year ended: March 1997

            March 1997          89,633         621,662            100.0               _                  6.9
            March 1998          68,095         613,793             76.0             76.0                 9.0
            March 1999          59,003         597,008             65.8             86.6                10.1
            March 2000          51,772         588,618             57.8             87.7                11.4
            March 2001          45,706         551,059             51.0             88.3                12.1
            March 2002          40,803         500,684             45.5             89.3                12.3
            March 2003          36,935         463,210             41.2             90.5                12.5
            March 2004          33,645         440,153             37.5             91.1                13.1
            March 2005          30,912         422,667             34.5             91.9                13.7
            March 2006          28,829         415,166             32.2             93.3                14.4
            March 2007          26,600         402,432             29.7             92.3                15.1
            March 2008          24,606         386,776             27.5             92.5                15.7
            March 2009          22,834         347,980             25.5             92.8                15.2
            March 2010          21,198         327,695             23.6             92.8                15.5
            March 2011          20,028         322,836             22.3             94.5                16.1
            March 2012          18,765         322,769             20.9             93.7                17.2
            March 2013          18,254         323,543             20.4             97.3                17.7
            March 2014          17,299         325,555             19.3             94.8                18.8
            March 2015          16,392         319,976             18.3             94.8                19.5
            March 2016          15,560         318,146             17.4             94.9                20.4
            March 2017          14,836         313,148             16.6             95.3                21.1
            March 2018          14,089         308,384             15.7             95.0                21.9
            March 2019          13,324         300,731             14.9             94.6                22.6
            March 2020          12,672         290,199             14.1             95.1                22.9
            March 2021          11,907         251,939             13.3             94.0                21.2
            March 2022          11,520         267,746             12.9             96.7                23.2
            March 2023          10,820         267,332             12.1             93.9                24.7
            March 2024          10,409         260,998             11.6             96.2                25.1
 
Annual openings
Year ended: March 1998

            March 1998          94,963         650,621            100.0               _                  6.9
            March 1999          74,127         623,335             78.1             78.1                 8.4
            March 2000          63,504         624,771             66.9             85.7                 9.8
            March 2001          54,938         602,884             57.9             86.5                11.0
            March 2002          48,701         529,698             51.3             88.6                10.9
            March 2003          43,667         498,313             46.0             89.7                11.4
            March 2004          39,824         476,946             41.9             91.2                12.0
            March 2005          36,344         460,614             38.3             91.3                12.7
            March 2006          33,542         454,865             35.3             92.3                13.6
            March 2007          30,880         442,047             32.5             92.1                14.3
            March 2008          28,686         413,816             30.2             92.9                14.4
            March 2009          26,657         378,903             28.1             92.9                14.2
            March 2010          24,250         351,486             25.5             91.0                14.5
            March 2011          22,970         346,376             24.2             94.7                15.1
            March 2012          21,932         348,435             23.1             95.5                15.9
            March 2013          21,268         347,313             22.4             97.0                16.3
            March 2014          19,949         343,823             21.0             93.8                17.2
            March 2015          18,872         343,597             19.9             94.6                18.2
            March 2016          17,915         336,172             18.9             94.9                18.8
            March 2017          17,108         329,887             18.0             95.5                19.3
            March 2018          16,352         322,970             17.2             95.6                19.8
            March 2019          15,539         317,588             16.4             95.0                20.4
            March 2020          14,833         307,182             15.6             95.5                20.7
            March 2021          13,804         270,412             14.5             93.1                19.6
            March 2022          13,116         275,771             13.8             95.0                21.0
            March 2023          12,322         265,917             13.0             93.9                21.6
            March 2024          11,807         260,358             12.4             95.8                22.1
 
Annual openings
Year ended: March 1999

            March 1999         106,314         593,683            100.0               _                  5.6
            March 2000          82,789         606,009             77.9             77.9                 7.3
            March 2001          69,761         594,331             65.6             84.3                 8.5
            March 2002          61,089         530,589             57.5             87.6                 8.7
            March 2003          54,672         494,138             51.4             89.5                 9.0
            March 2004          49,347         477,277             46.4             90.3                 9.7
            March 2005          44,517         455,184             41.9             90.2                10.2
            March 2006          40,900         457,081             38.5             91.9                11.2
            March 2007          37,301         447,366             35.1             91.2                12.0
            March 2008          34,071         431,427             32.0             91.3                12.7
            March 2009          31,413         394,059             29.5             92.2                12.5
            March 2010          28,594         369,479             26.9             91.0                12.9
            March 2011          26,870         367,563             25.3             94.0                13.7
            March 2012          25,609         371,256             24.1             95.3                14.5
            March 2013          24,850         374,702             23.4             97.0                15.1
            March 2014          23,193         375,283             21.8             93.3                16.2
            March 2015          21,877         379,244             20.6             94.3                17.3
            March 2016          20,577         378,986             19.4             94.1                18.4
            March 2017          19,598         380,590             18.4             95.2                19.4
            March 2018          18,533         375,511             17.4             94.6                20.3
            March 2019          17,511         375,961             16.5             94.5                21.5
            March 2020          16,587         371,228             15.6             94.7                22.4
            March 2021          15,656         343,370             14.7             94.4                21.9
            March 2022          15,052         353,354             14.2             96.1                23.5
            March 2023          13,990         343,500             13.2             92.9                24.6
            March 2024          13,445         330,082             12.6             96.1                24.6
 
Annual openings
Year ended: March 2000

            March 2000         109,623         651,900            100.0               _                  5.9
            March 2001          83,836         643,188             76.5             76.5                 7.7
            March 2002          71,239         573,463             65.0             85.0                 8.0
            March 2003          62,554         523,661             57.1             87.8                 8.4
            March 2004          56,278         501,159             51.3             90.0                 8.9
            March 2005          50,605         482,205             46.2             89.9                 9.5
            March 2006          46,270         481,650             42.2             91.4                10.4
            March 2007          42,299         470,491             38.6             91.4                11.1
            March 2008          38,550         448,140             35.2             91.1                11.6
            March 2009          35,526         409,837             32.4             92.2                11.5
            March 2010          32,098         388,019             29.3             90.4                12.1
            March 2011          30,065         377,309             27.4             93.7                12.5
            March 2012          28,612         375,738             26.1             95.2                13.1
            March 2013          27,780         369,765             25.3             97.1                13.3
            March 2014          26,116         367,029             23.8             94.0                14.1
            March 2015          24,720         372,217             22.6             94.7                15.1
            March 2016          23,191         364,604             21.2             93.8                15.7
            March 2017          22,005         367,475             20.1             94.9                16.7
            March 2018          20,765         358,382             18.9             94.4                17.3
            March 2019          19,565         354,198             17.8             94.2                18.1
            March 2020          18,508         344,144             16.9             94.6                18.6
            March 2021          17,189         306,896             15.7             92.9                17.9
            March 2022          16,768         324,051             15.3             97.6                19.3
            March 2023          15,590         316,053             14.2             93.0                20.3
            March 2024          14,727         302,626             13.4             94.5                20.5
 
Annual openings
Year ended: March 2001

            March 2001         112,149         580,878            100.0               _                  5.2
            March 2002          84,394         534,420             75.3             75.3                 6.3
            March 2003          72,083         527,528             64.3             85.4                 7.3
            March 2004          64,085         533,649             57.1             88.9                 8.3
            March 2005          59,991         508,535             53.5             93.6                 8.5
            March 2006          54,603         490,846             48.7             91.0                 9.0
            March 2007          49,192         461,897             43.9             90.1                 9.4
            March 2008          44,504         433,286             39.7             90.5                 9.7
            March 2009          40,429         383,017             36.0             90.8                 9.5
            March 2010          36,484         356,723             32.5             90.2                 9.8
            March 2011          33,903         349,230             30.2             92.9                10.3
            March 2012          32,299         349,527             28.8             95.3                10.8
            March 2013          31,699         351,468             28.3             98.1                11.1
            March 2014          29,477         350,511             26.3             93.0                11.9
            March 2015          27,736         343,167             24.7             94.1                12.4
            March 2016          26,006         337,844             23.2             93.8                13.0
            March 2017          24,614         332,819             21.9             94.6                13.5
            March 2018          23,289         326,846             20.8             94.6                14.0
            March 2019          21,838         319,192             19.5             93.8                14.6
            March 2020          20,407         305,279             18.2             93.4                15.0
            March 2021          19,046         272,727             17.0             93.3                14.3
            March 2022          18,295         277,089             16.3             96.1                15.1
            March 2023          16,799         271,847             15.0             91.8                16.2
            March 2024          15,860         263,404             14.1             94.4                16.6
 
Annual openings
Year ended: March 2002

            March 2002         115,213         617,581            100.0               _                  5.4
            March 2003          90,771         571,607             78.8             78.8                 6.3
            March 2004          78,257         559,478             67.9             86.2                 7.1
            March 2005          69,183         542,101             60.0             88.4                 7.8
            March 2006          62,784         535,052             54.5             90.8                 8.5
            March 2007          56,307         519,501             48.9             89.7                 9.2
            March 2008          50,922         490,434             44.2             90.4                 9.6
            March 2009          46,734         453,241             40.6             91.8                 9.7
            March 2010          41,887         419,741             36.4             89.6                10.0
            March 2011          39,041         417,034             33.9             93.2                10.7
            March 2012          37,302         416,421             32.4             95.5                11.2
            March 2013          36,043         417,806             31.3             96.6                11.6
            March 2014          33,260         407,339             28.9             92.3                12.2
            March 2015          31,308         405,304             27.2             94.1                12.9
            March 2016          29,633         391,628             25.7             94.6                13.2
            March 2017          27,932         381,888             24.2             94.3                13.7
            March 2018          26,360         378,914             22.9             94.4                14.4
            March 2019          24,699         370,765             21.4             93.7                15.0
            March 2020          23,144         358,375             20.1             93.7                15.5
            March 2021          21,773         326,065             18.9             94.1                15.0
            March 2022          20,885         331,730             18.1             95.9                15.9
            March 2023          19,074         322,495             16.6             91.3                16.9
            March 2024          17,949         313,812             15.6             94.1                17.5
 
Annual openings
Year ended: March 2003

            March 2003         119,221         543,174            100.0               _                  4.6
            March 2004          95,480         522,407             80.1             80.1                 5.5
            March 2005          82,059         500,242             68.8             85.9                 6.1
            March 2006          73,668         489,498             61.8             89.8                 6.6
            March 2007          65,342         469,530             54.8             88.7                 7.2
            March 2008          58,348         445,700             48.9             89.3                 7.6
            March 2009          53,214         397,803             44.6             91.2                 7.5
            March 2010          47,638         369,752             40.0             89.5                 7.8
            March 2011          43,945         363,799             36.9             92.2                 8.3
            March 2012          42,242         368,203             35.4             96.1                 8.7
            March 2013          41,092         370,258             34.5             97.3                 9.0
            March 2014          37,611         366,266             31.5             91.5                 9.7
            March 2015          35,455         363,183             29.7             94.3                10.2
            March 2016          32,968         359,153             27.7             93.0                10.9
            March 2017          31,012         357,847             26.0             94.1                11.5
            March 2018          29,012         352,583             24.3             93.6                12.2
            March 2019          27,188         348,927             22.8             93.7                12.8
            March 2020          25,592         335,773             21.5             94.1                13.1
            March 2021          23,770         309,717             19.9             92.9                13.0
            March 2022          22,922         321,269             19.2             96.4                14.0
            March 2023          20,576         309,687             17.3             89.8                15.1
            March 2024          19,229         302,189             16.1             93.5                15.7
 
Annual openings
Year ended: March 2004

            March 2004         118,000         519,194            100.0               _                  4.4
            March 2005          92,964         509,363             78.8             78.8                 5.5
            March 2006          81,219         506,181             68.8             87.4                 6.2
            March 2007          71,364         487,955             60.5             87.9                 6.8
            March 2008          63,157         455,493             53.5             88.5                 7.2
            March 2009          57,441         408,478             48.7             90.9                 7.1
            March 2010          50,408         378,902             42.7             87.8                 7.5
            March 2011          46,399         374,717             39.3             92.0                 8.1
            March 2012          44,713         372,071             37.9             96.4                 8.3
            March 2013          43,389         377,245             36.8             97.0                 8.7
            March 2014          39,815         382,447             33.7             91.8                 9.6
            March 2015          37,421         378,601             31.7             94.0                10.1
            March 2016          35,126         377,706             29.8             93.9                10.8
            March 2017          32,966         376,886             27.9             93.9                11.4
            March 2018          30,794         377,168             26.1             93.4                12.2
            March 2019          28,696         380,345             24.3             93.2                13.3
            March 2020          26,809         370,505             22.7             93.4                13.8
            March 2021          24,969         347,691             21.2             93.1                13.9
            March 2022          23,970         355,595             20.3             96.0                14.8
            March 2023          21,864         339,384             18.5             91.2                15.5
            March 2024          20,400         328,709             17.3             93.3                16.1
 
Annual openings
Year ended: March 2005

            March 2005         120,023         517,372            100.0               _                  4.3
            March 2006          96,560         525,130             80.5             80.5                 5.4
            March 2007          82,122         508,512             68.4             85.0                 6.2
            March 2008          71,616         475,931             59.7             87.2                 6.6
            March 2009          64,018         412,705             53.3             89.4                 6.4
            March 2010          55,731         387,580             46.4             87.1                 7.0
            March 2011          51,209         384,214             42.7             91.9                 7.5
            March 2012          49,232         387,428             41.0             96.1                 7.9
            March 2013          47,911         384,191             39.9             97.3                 8.0
            March 2014          43,773         387,007             36.5             91.4                 8.8
            March 2015          40,871         387,800             34.1             93.4                 9.5
            March 2016          38,157         384,722             31.8             93.4                10.1
            March 2017          35,927         377,548             29.9             94.2                10.5
            March 2018          33,630         369,761             28.0             93.6                11.0
            March 2019          31,466         361,958             26.2             93.6                11.5
            March 2020          29,445         346,762             24.5             93.6                11.8
            March 2021          27,499         328,079             22.9             93.4                11.9
            March 2022          26,429         343,938             22.0             96.1                13.0
            March 2023          24,020         334,337             20.0             90.9                13.9
            March 2024          22,552         324,257             18.8             93.9                14.4
 
Annual openings
Year ended: March 2006

            March 2006         123,727         483,224            100.0               _                  3.9
            March 2007          96,322         473,033             77.9             77.9                 4.9
            March 2008          81,380         440,969             65.8             84.5                 5.4
            March 2009          71,627         390,145             57.9             88.0                 5.4
            March 2010          61,816         360,952             50.0             86.3                 5.8
            March 2011          56,161         356,613             45.4             90.9                 6.3
            March 2012          53,896         357,295             43.6             96.0                 6.6
            March 2013          52,121         358,053             42.1             96.7                 6.9
            March 2014          47,576         355,781             38.5             91.3                 7.5
            March 2015          44,282         358,164             35.8             93.1                 8.1
            March 2016          41,429         352,754             33.5             93.6                 8.5
            March 2017          38,921         347,044             31.5             93.9                 8.9
            March 2018          36,483         341,216             29.5             93.7                 9.4
            March 2019          34,060         336,996             27.5             93.4                 9.9
            March 2020          31,678         324,826             25.6             93.0                10.3
            March 2021          29,406         292,383             23.8             92.8                 9.9
            March 2022          28,160         302,575             22.8             95.8                10.7
            March 2023          25,530         292,633             20.6             90.7                11.5
            March 2024          23,944         280,920             19.4             93.8                11.7
 
Annual openings
Year ended: March 2007

            March 2007         120,239         450,800            100.0               _                  3.7
            March 2008          92,657         428,636             77.1             77.1                 4.6
            March 2009          79,550         384,526             66.2             85.9                 4.8
            March 2010          67,653         358,941             56.3             85.0                 5.3
            March 2011          61,462         355,250             51.1             90.8                 5.8
            March 2012          58,551         357,603             48.7             95.3                 6.1
            March 2013          56,253         360,305             46.8             96.1                 6.4
            March 2014          51,153         361,297             42.5             90.9                 7.1
            March 2015          47,619         359,046             39.6             93.1                 7.5
            March 2016          44,062         353,344             36.6             92.5                 8.0
            March 2017          41,393         345,553             34.4             93.9                 8.3
            March 2018          38,707         341,369             32.2             93.5                 8.8
            March 2019          35,974         336,583             29.9             92.9                 9.4
            March 2020          33,359         329,952             27.7             92.7                 9.9
            March 2021          30,979         302,079             25.8             92.9                 9.8
            March 2022          29,800         313,195             24.8             96.2                10.5
            March 2023          26,996         302,781             22.5             90.6                11.2
            March 2024          25,448         288,942             21.2             94.3                11.4
 
Annual openings
Year ended: March 2008

            March 2008         119,282         449,046            100.0               _                  3.8
            March 2009          93,603         399,236             78.5             78.5                 4.3
            March 2010          76,918         368,593             64.5             82.2                 4.8
            March 2011          69,242         367,940             58.0             90.0                 5.3
            March 2012          65,659         373,970             55.0             94.8                 5.7
            March 2013          63,209         377,542             53.0             96.3                 6.0
            March 2014          57,148         374,210             47.9             90.4                 6.5
            March 2015          53,147         374,767             44.6             93.0                 7.1
            March 2016          49,127         375,120             41.2             92.4                 7.6
            March 2017          45,973         372,145             38.5             93.6                 8.1
            March 2018          42,729         364,969             35.8             92.9                 8.5
            March 2019          40,053         358,327             33.6             93.7                 8.9
            March 2020          37,210         345,751             31.2             92.9                 9.3
            March 2021          34,593         310,950             29.0             93.0                 9.0
            March 2022          33,232         326,525             27.9             96.1                 9.8
            March 2023          30,228         314,607             25.3             91.0                10.4
            March 2024          28,307         306,575             23.7             93.6                10.8
 
Annual openings
Year ended: March 2009

            March 2009         113,766         371,287            100.0               _                  3.3
            March 2010          84,895         333,542             74.6             74.6                 3.9
            March 2011          74,468         332,833             65.5             87.7                 4.5
            March 2012          70,294         334,241             61.8             94.4                 4.8
            March 2013          67,679         338,730             59.5             96.3                 5.0
            March 2014          60,277         333,179             53.0             89.1                 5.5
            March 2015          55,912         328,771             49.1             92.8                 5.9
            March 2016          51,411         322,847             45.2             91.9                 6.3
            March 2017          47,700         317,807             41.9             92.8                 6.7
            March 2018          44,143         310,488             38.8             92.5                 7.0
            March 2019          40,842         302,595             35.9             92.5                 7.4
            March 2020          37,907         293,255             33.3             92.8                 7.7
            March 2021          35,044         261,669             30.8             92.4                 7.5
            March 2022          33,684         274,649             29.6             96.1                 8.2
            March 2023          30,292         268,583             26.6             89.9                 8.9
            March 2024          28,157         262,759             24.7             93.0                 9.3
 
Annual openings
Year ended: March 2010

            March 2010          94,522         338,675            100.0               _                  3.6
            March 2011          74,833         330,086             79.2             79.2                 4.4
            March 2012          68,468         335,280             72.4             91.5                 4.9
            March 2013          64,825         342,722             68.6             94.7                 5.3
            March 2014          57,304         339,811             60.6             88.4                 5.9
            March 2015          52,723         332,650             55.8             92.0                 6.3
            March 2016          48,254         332,269             51.1             91.5                 6.9
            March 2017          44,666         326,395             47.3             92.6                 7.3
            March 2018          41,276         321,873             43.7             92.4                 7.8
            March 2019          38,146         315,836             40.4             92.4                 8.3
            March 2020          35,205         305,008             37.2             92.3                 8.7
            March 2021          32,580         275,643             34.5             92.5                 8.5
            March 2022          31,277         282,704             33.1             96.0                 9.0
            March 2023          28,269         271,595             29.9             90.4                 9.6
            March 2024          26,420         260,568             28.0             93.5                 9.9
 
Annual openings
Year ended: March 2011

            March 2011          92,879         334,188            100.0               _                  3.6
            March 2012          76,846         344,095             82.7             82.7                 4.5
            March 2013          71,029         351,408             76.5             92.4                 4.9
            March 2014          62,046         347,010             66.8             87.4                 5.6
            March 2015          56,822         338,367             61.2             91.6                 6.0
            March 2016          51,506         334,128             55.5             90.6                 6.5
            March 2017          47,492         325,658             51.1             92.2                 6.9
            March 2018          43,873         321,297             47.2             92.4                 7.3
            March 2019          40,563         313,809             43.7             92.5                 7.7
            March 2020          37,265         303,512             40.1             91.9                 8.1
            March 2021          34,251         271,314             36.9             91.9                 7.9
            March 2022          32,789         283,882             35.3             95.7                 8.7
            March 2023          29,861         271,334             32.2             91.1                 9.1
            March 2024          27,714         263,578             29.8             92.8                 9.5
 
Annual openings
Year ended: March 2012

            March 2012         105,468         372,998            100.0               _                  3.5
            March 2013          88,634         380,236             84.0             84.0                 4.3
            March 2014          75,259         383,530             71.4             84.9                 5.1
            March 2015          68,053         383,152             64.5             90.4                 5.6
            March 2016          61,384         379,728             58.2             90.2                 6.2
            March 2017          56,297         372,270             53.4             91.7                 6.6
            March 2018          51,522         361,792             48.9             91.5                 7.0
            March 2019          47,496         351,080             45.0             92.2                 7.4
            March 2020          43,712         341,077             41.4             92.0                 7.8
            March 2021          40,004         304,056             37.9             91.5                 7.6
            March 2022          38,348         322,584             36.4             95.9                 8.4
            March 2023          34,546         307,260             32.8             90.1                 8.9
            March 2024          32,034         297,160             30.4             92.7                 9.3
 
Annual openings
Year ended: March 2013

            March 2013         102,585         385,394            100.0               _                  3.8
            March 2014          82,026         402,941             80.0             80.0                 4.9
            March 2015          72,194         411,031             70.4             88.0                 5.7
            March 2016          64,684         418,023             63.1             89.6                 6.5
            March 2017          59,111         418,980             57.6             91.4                 7.1
            March 2018          53,998         432,037             52.6             91.4                 8.0
            March 2019          49,476         411,031             48.2             91.6                 8.3
            March 2020          45,376         421,952             44.2             91.7                 9.3
            March 2021          41,797         398,793             40.7             92.1                 9.5
            March 2022          40,015         441,155             39.0             95.7                11.0
            March 2023          36,304         412,345             35.4             90.7                11.4
            March 2024          33,904         401,424             33.0             93.4                11.8
 
Annual openings
Year ended: March 2014

            March 2014         127,966         427,530            100.0               _                  3.3
            March 2015         103,050         437,383             80.5             80.5                 4.2
            March 2016          91,027         442,940             71.1             88.3                 4.9
            March 2017          82,128         437,634             64.2             90.2                 5.3
            March 2018          74,542         431,713             58.3             90.8                 5.8
            March 2019          67,848         429,923             53.0             91.0                 6.3
            March 2020          62,163         418,234             48.6             91.6                 6.7
            March 2021          57,043         380,682             44.6             91.8                 6.7
            March 2022          54,556         412,541             42.6             95.6                 7.6
            March 2023          49,105         392,544             38.4             90.0                 8.0
            March 2024          44,841         375,514             35.0             91.3                 8.4
 
Annual openings
Year ended: March 2015

            March 2015         116,289         429,533            100.0               _                  3.7
            March 2016          93,938         439,781             80.8             80.8                 4.7
            March 2017          82,864         440,545             71.3             88.2                 5.3
            March 2018          74,440         436,239             64.0             89.8                 5.9
            March 2019          67,324         429,495             57.9             90.4                 6.4
            March 2020          61,108         414,416             52.5             90.8                 6.8
            March 2021          55,716         374,007             47.9             91.2                 6.7
            March 2022          53,331         395,604             45.9             95.7                 7.4
            March 2023          48,156         379,891             41.4             90.3                 7.9
            March 2024          44,427         362,314             38.2             92.3                 8.2
 
Annual openings
Year ended: March 2016

            March 2016         135,251         448,225            100.0               _                  3.3
            March 2017         110,940         448,671             82.0             82.0                 4.0
            March 2018          96,614         445,121             71.4             87.1                 4.6
            March 2019          86,711         444,729             64.1             89.7                 5.1
            March 2020          77,955         429,572             57.6             89.9                 5.5
            March 2021          71,318         398,639             52.7             91.5                 5.6
            March 2022          68,277         430,628             50.5             95.7                 6.3
            March 2023          60,842         407,274             45.0             89.1                 6.7
            March 2024          55,619         387,952             41.1             91.4                 7.0
 
Annual openings
Year ended: March 2017

            March 2017         139,379         470,519            100.0               _                  3.4
            March 2018         112,078         473,017             80.4             80.4                 4.2
            March 2019          98,949         475,048             71.0             88.3                 4.8
            March 2020          88,240         461,074             63.3             89.2                 5.2
            March 2021          80,301         426,643             57.6             91.0                 5.3
            March 2022          76,416         457,864             54.8             95.2                 6.0
            March 2023          68,096         439,642             48.9             89.1                 6.5
            March 2024          62,080         421,667             44.5             91.2                 6.8
 
Annual openings
Year ended: March 2018

            March 2018         137,653         457,680            100.0               _                  3.3
            March 2019         111,527         468,657             81.0             81.0                 4.2
            March 2020          97,944         464,401             71.2             87.8                 4.7
            March 2021          88,075         428,106             64.0             89.9                 4.9
            March 2022          83,703         469,988             60.8             95.0                 5.6
            March 2023          73,820         446,027             53.6             88.2                 6.0
            March 2024          68,071         427,510             49.5             92.2                 6.3
 
Annual openings
Year ended: March 2019

            March 2019         139,250         439,587            100.0               _                  3.2
            March 2020         113,477         437,689             81.5             81.5                 3.9
            March 2021         100,781         412,223             72.4             88.8                 4.1
            March 2022          95,337         455,802             68.5             94.6                 4.8
            March 2023          83,202         433,152             59.8             87.3                 5.2
            March 2024          76,072         409,820             54.6             91.4                 5.4
 
Annual openings
Year ended: March 2020

            March 2020         142,133         449,171            100.0               _                  3.2
            March 2021         116,960         421,244             82.3             82.3                 3.6
            March 2022         109,768         474,076             77.2             93.9                 4.3
            March 2023          94,894         454,552             66.8             86.4                 4.8
            March 2024          87,416         438,739             61.5             92.1                 5.0
 
Annual openings
Year ended: March 2021

            March 2021         132,143         410,696            100.0               _                  3.1
            March 2022         113,551         458,248             85.9             85.9                 4.0
            March 2023          94,904         434,975             71.8             83.6                 4.6
            March 2024          86,733         419,578             65.6             91.4                 4.8
 
Annual openings
Year ended: March 2022

            March 2022         158,294         485,946            100.0               _                  3.1
            March 2023         128,613         483,987             81.2             81.2                 3.8
            March 2024         115,554         469,690             73.0             89.8                 4.1
 
Annual openings
Year ended: March 2023

            March 2023         169,479         498,039            100.0               _                  2.9
            March 2024         145,737         489,237             86.0             86.0                 3.4
 
Annual openings
Year ended: March 2024

            March 2024         179,415         455,128            100.0               _                  2.5
 
NOTE: A '_' indicates that the data are not available and a 'N' indicates that the data do not meet BLS disclosure standards.
