Table 7. Survival of private sector establishments by opening year

Total Private

Colorado

                          Surviving       Total Employment   Survival Rates   Survival Rates of   Average Employment
                          Establishments  of Survivors       Since Birth      Previous Year's     of Survivors
                                                                              Survivors

Annual openings
Year ended: March 1994

            March 1994          12,032          72,929            100.0               _                  6.1
            March 1995           9,627          78,741             80.0             80.0                 8.2
            March 1996           8,239          76,550             68.5             85.6                 9.3
            March 1997           7,454          75,062             62.0             90.5                10.1
            March 1998           6,749          76,282             56.1             90.5                11.3
            March 1999           6,096          75,128             50.7             90.3                12.3
            March 2000           5,567          74,292             46.3             91.3                13.3
            March 2001           5,146          71,456             42.8             92.4                13.9
            March 2002           4,776          63,930             39.7             92.8                13.4
            March 2003           4,423          60,675             36.8             92.6                13.7
            March 2004           4,099          59,054             34.1             92.7                14.4
            March 2005           3,855          59,386             32.0             94.0                15.4
            March 2006           3,684          59,110             30.6             95.6                16.0
            March 2007           3,473          57,024             28.9             94.3                16.4
            March 2008           3,235          56,993             26.9             93.1                17.6
            March 2009           3,004          51,760             25.0             92.9                17.2
            March 2010           2,826          49,028             23.5             94.1                17.3
            March 2011           2,687          49,207             22.3             95.1                18.3
            March 2012           2,541          49,566             21.1             94.6                19.5
            March 2013           2,424          50,682             20.1             95.4                20.9
            March 2014           2,336          51,179             19.4             96.4                21.9
            March 2015           2,234          51,213             18.6             95.6                22.9
            March 2016           2,117          49,223             17.6             94.8                23.3
            March 2017           2,017          49,336             16.8             95.3                24.5
            March 2018           1,936          49,956             16.1             96.0                25.8
            March 2019           1,855          46,953             15.4             95.8                25.3
            March 2020           1,753          46,475             14.6             94.5                26.5
            March 2021           1,674          42,328             13.9             95.5                25.3
            March 2022           1,578          42,198             13.1             94.3                26.7
            March 2023           1,479          42,543             12.3             93.7                28.8
            March 2024           1,382          40,389             11.5             93.4                29.2
 
Annual openings
Year ended: March 1995

            March 1995          12,759          93,438            100.0               _                  7.3
            March 1996           9,976          94,719             78.2             78.2                 9.5
            March 1997           8,655          94,443             67.8             86.8                10.9
            March 1998           7,653          95,910             60.0             88.4                12.5
            March 1999           6,872          94,540             53.9             89.8                13.8
            March 2000           6,270          93,684             49.1             91.2                14.9
            March 2001           5,705          90,684             44.7             91.0                15.9
            March 2002           5,276          81,710             41.4             92.5                15.5
            March 2003           4,860          76,459             38.1             92.1                15.7
            March 2004           4,504          71,598             35.3             92.7                15.9
            March 2005           4,225          71,000             33.1             93.8                16.8
            March 2006           3,961          69,575             31.0             93.8                17.6
            March 2007           3,723          68,389             29.2             94.0                18.4
            March 2008           3,499          67,638             27.4             94.0                19.3
            March 2009           3,216          61,972             25.2             91.9                19.3
            March 2010           2,995          58,005             23.5             93.1                19.4
            March 2011           2,836          55,620             22.2             94.7                19.6
            March 2012           2,697          55,509             21.1             95.1                20.6
            March 2013           2,608          56,477             20.4             96.7                21.7
            March 2014           2,457          51,045             19.3             94.2                20.8
            March 2015           2,329          52,731             18.3             94.8                22.6
            March 2016           2,240          51,938             17.6             96.2                23.2
            March 2017           2,153          51,220             16.9             96.1                23.8
            March 2018           2,049          50,336             16.1             95.2                24.6
            March 2019           1,939          48,814             15.2             94.6                25.2
            March 2020           1,820          47,696             14.3             93.9                26.2
            March 2021           1,739          43,482             13.6             95.5                25.0
            March 2022           1,690          44,015             13.2             97.2                26.0
            March 2023           1,593          44,495             12.5             94.3                27.9
            March 2024           1,506          43,752             11.8             94.5                29.1
 
Annual openings
Year ended: March 1996

            March 1996          12,810          89,284            100.0               _                  7.0
            March 1997          10,110          90,446             78.9             78.9                 8.9
            March 1998           8,717          90,930             68.0             86.2                10.4
            March 1999           7,644          90,115             59.7             87.7                11.8
            March 2000           6,904          89,190             53.9             90.3                12.9
            March 2001           6,285          88,415             49.1             91.0                14.1
            March 2002           5,737          78,288             44.8             91.3                13.6
            March 2003           5,237          71,264             40.9             91.3                13.6
            March 2004           4,826          66,842             37.7             92.2                13.9
            March 2005           4,457          64,760             34.8             92.4                14.5
            March 2006           4,160          63,085             32.5             93.3                15.2
            March 2007           3,945          60,751             30.8             94.8                15.4
            March 2008           3,701          59,955             28.9             93.8                16.2
            March 2009           3,419          55,492             26.7             92.4                16.2
            March 2010           3,190          50,697             24.9             93.3                15.9
            March 2011           3,023          49,149             23.6             94.8                16.3
            March 2012           2,886          48,957             22.5             95.5                17.0
            March 2013           2,773          49,393             21.6             96.1                17.8
            March 2014           2,660          48,829             20.8             95.9                18.4
            March 2015           2,534          47,503             19.8             95.3                18.7
            March 2016           2,419          47,449             18.9             95.5                19.6
            March 2017           2,280          47,769             17.8             94.3                21.0
            March 2018           2,188          46,827             17.1             96.0                21.4
            March 2019           2,095          45,888             16.4             95.7                21.9
            March 2020           1,955          44,790             15.3             93.3                22.9
            March 2021           1,864          40,439             14.6             95.3                21.7
            March 2022           1,801          40,415             14.1             96.6                22.4
            March 2023           1,695          39,232             13.2             94.1                23.1
            March 2024           1,578          38,062             12.3             93.1                24.1
 
Annual openings
Year ended: March 1997

            March 1997          13,663          90,045            100.0               _                  6.6
            March 1998          10,713          93,073             78.4             78.4                 8.7
            March 1999           9,139          93,038             66.9             85.3                10.2
            March 2000           8,065          92,062             59.0             88.2                11.4
            March 2001           7,214          89,017             52.8             89.4                12.3
            March 2002           6,420          79,535             47.0             89.0                12.4
            March 2003           5,835          73,848             42.7             90.9                12.7
            March 2004           5,381          74,073             39.4             92.2                13.8
            March 2005           4,981          68,946             36.5             92.6                13.8
            March 2006           4,662          66,399             34.1             93.6                14.2
            March 2007           4,367          65,475             32.0             93.7                15.0
            March 2008           4,071          62,280             29.8             93.2                15.3
            March 2009           3,770          56,387             27.6             92.6                15.0
            March 2010           3,496          53,443             25.6             92.7                15.3
            March 2011           3,281          53,086             24.0             93.9                16.2
            March 2012           3,111          53,831             22.8             94.8                17.3
            March 2013           2,993          53,002             21.9             96.2                17.7
            March 2014           2,851          52,568             20.9             95.3                18.4
            March 2015           2,698          51,335             19.7             94.6                19.0
            March 2016           2,578          52,368             18.9             95.6                20.3
            March 2017           2,470          50,391             18.1             95.8                20.4
            March 2018           2,358          48,971             17.3             95.5                20.8
            March 2019           2,237          47,783             16.4             94.9                21.4
            March 2020           2,123          46,666             15.5             94.9                22.0
            March 2021           2,048          42,401             15.0             96.5                20.7
            March 2022           1,932          41,195             14.1             94.3                21.3
            March 2023           1,816          40,031             13.3             94.0                22.0
            March 2024           1,693          38,272             12.4             93.2                22.6
 
Annual openings
Year ended: March 1998

            March 1998          13,864          91,144            100.0               _                  6.6
            March 1999          11,111          92,396             80.1             80.1                 8.3
            March 2000           9,543          95,617             68.8             85.9                10.0
            March 2001           8,397          95,080             60.6             88.0                11.3
            March 2002           7,385          85,701             53.3             87.9                11.6
            March 2003           6,669          77,907             48.1             90.3                11.7
            March 2004           6,107          74,223             44.0             91.6                12.2
            March 2005           5,558          73,524             40.1             91.0                13.2
            March 2006           5,209          72,446             37.6             93.7                13.9
            March 2007           4,840          68,859             34.9             92.9                14.2
            March 2008           4,504          66,943             32.5             93.1                14.9
            March 2009           4,120          62,159             29.7             91.5                15.1
            March 2010           3,816          59,261             27.5             92.6                15.5
            March 2011           3,595          58,015             25.9             94.2                16.1
            March 2012           3,391          57,146             24.5             94.3                16.9
            March 2013           3,241          58,268             23.4             95.6                18.0
            March 2014           3,085          57,741             22.3             95.2                18.7
            March 2015           2,924          57,687             21.1             94.8                19.7
            March 2016           2,808          57,789             20.3             96.0                20.6
            March 2017           2,686          56,228             19.4             95.7                20.9
            March 2018           2,557          55,963             18.4             95.2                21.9
            March 2019           2,427          55,049             17.5             94.9                22.7
            March 2020           2,276          53,937             16.4             93.8                23.7
            March 2021           2,173          49,323             15.7             95.5                22.7
            March 2022           2,074          49,855             15.0             95.4                24.0
            March 2023           1,946          50,812             14.0             93.8                26.1
            March 2024           1,810          49,609             13.1             93.0                27.4
 
Annual openings
Year ended: March 1999

            March 1999          13,878          93,596            100.0               _                  6.7
            March 2000          10,924          96,637             78.7             78.7                 8.8
            March 2001           9,269          93,127             66.8             84.8                10.0
            March 2002           8,096          84,894             58.3             87.3                10.5
            March 2003           7,175          79,657             51.7             88.6                11.1
            March 2004           6,485          77,241             46.7             90.4                11.9
            March 2005           5,994          76,226             43.2             92.4                12.7
            March 2006           5,546          73,604             40.0             92.5                13.3
            March 2007           5,162          72,857             37.2             93.1                14.1
            March 2008           4,805          70,497             34.6             93.1                14.7
            March 2009           4,361          64,465             31.4             90.8                14.8
            March 2010           4,036          61,037             29.1             92.5                15.1
            March 2011           3,828          59,281             27.6             94.8                15.5
            March 2012           3,624          59,415             26.1             94.7                16.4
            March 2013           3,461          59,721             24.9             95.5                17.3
            March 2014           3,305          60,558             23.8             95.5                18.3
            March 2015           3,179          60,831             22.9             96.2                19.1
            March 2016           3,044          60,926             21.9             95.8                20.0
            March 2017           2,929          60,981             21.1             96.2                20.8
            March 2018           2,798          60,884             20.2             95.5                21.8
            March 2019           2,673          59,932             19.3             95.5                22.4
            March 2020           2,530          60,098             18.2             94.7                23.8
            March 2021           2,397          56,466             17.3             94.7                23.6
            March 2022           2,268          56,460             16.3             94.6                24.9
            March 2023           2,197          55,575             15.8             96.9                25.3
            March 2024           2,030          53,563             14.6             92.4                26.4
 
Annual openings
Year ended: March 2000

            March 2000          15,336          87,590            100.0               _                  5.7
            March 2001          11,754          93,797             76.6             76.6                 8.0
            March 2002           9,752          83,378             63.6             83.0                 8.5
            March 2003           8,442          77,405             55.0             86.6                 9.2
            March 2004           7,575          73,966             49.4             89.7                 9.8
            March 2005           6,928          73,544             45.2             91.5                10.6
            March 2006           6,334          73,421             41.3             91.4                11.6
            March 2007           5,869          73,861             38.3             92.7                12.6
            March 2008           5,405          70,981             35.2             92.1                13.1
            March 2009           4,900          64,552             32.0             90.7                13.2
            March 2010           4,494          61,181             29.3             91.7                13.6
            March 2011           4,203          59,948             27.4             93.5                14.3
            March 2012           3,965          58,487             25.9             94.3                14.8
            March 2013           3,788          58,234             24.7             95.5                15.4
            March 2014           3,589          58,248             23.4             94.7                16.2
            March 2015           3,423          57,264             22.3             95.4                16.7
            March 2016           3,276          57,933             21.4             95.7                17.7
            March 2017           3,135          56,760             20.4             95.7                18.1
            March 2018           2,994          56,525             19.5             95.5                18.9
            March 2019           2,863          55,310             18.7             95.6                19.3
            March 2020           2,703          52,873             17.6             94.4                19.6
            March 2021           2,559          48,416             16.7             94.7                18.9
            March 2022           2,426          47,712             15.8             94.8                19.7
            March 2023           2,261          46,103             14.7             93.2                20.4
            March 2024           2,101          43,115             13.7             92.9                20.5
 
Annual openings
Year ended: March 2001

            March 2001          16,003          83,563            100.0               _                  5.2
            March 2002          11,813          75,324             73.8             73.8                 6.4
            March 2003           9,860          68,880             61.6             83.5                 7.0
            March 2004           8,635          65,768             54.0             87.6                 7.6
            March 2005           7,704          65,679             48.1             89.2                 8.5
            March 2006           6,999          65,333             43.7             90.8                 9.3
            March 2007           6,389          65,037             39.9             91.3                10.2
            March 2008           5,865          63,696             36.6             91.8                10.9
            March 2009           5,351          59,177             33.4             91.2                11.1
            March 2010           4,921          55,857             30.8             92.0                11.4
            March 2011           4,525          54,660             28.3             92.0                12.1
            March 2012           4,315          53,920             27.0             95.4                12.5
            March 2013           4,084          54,212             25.5             94.6                13.3
            March 2014           3,866          54,466             24.2             94.7                14.1
            March 2015           3,664          54,633             22.9             94.8                14.9
            March 2016           3,479          52,976             21.7             95.0                15.2
            March 2017           3,329          52,544             20.8             95.7                15.8
            March 2018           3,175          52,627             19.8             95.4                16.6
            March 2019           3,007          51,957             18.8             94.7                17.3
            March 2020           2,815          50,425             17.6             93.6                17.9
            March 2021           2,645          46,391             16.5             94.0                17.5
            March 2022           2,527          45,354             15.8             95.5                17.9
            March 2023           2,366          45,186             14.8             93.6                19.1
            March 2024           2,183          43,498             13.6             92.3                19.9
 
Annual openings
Year ended: March 2002

            March 2002          14,517          72,680            100.0               _                  5.0
            March 2003          11,133          68,425             76.7             76.7                 6.1
            March 2004           9,410          65,891             64.8             84.5                 7.0
            March 2005           8,405          63,156             57.9             89.3                 7.5
            March 2006           7,573          62,900             52.2             90.1                 8.3
            March 2007           6,908          61,405             47.6             91.2                 8.9
            March 2008           6,272          59,117             43.2             90.8                 9.4
            March 2009           5,661          54,328             39.0             90.3                 9.6
            March 2010           5,149          50,347             35.5             91.0                 9.8
            March 2011           4,861          49,884             33.5             94.4                10.3
            March 2012           4,541          50,041             31.3             93.4                11.0
            March 2013           4,328          48,210             29.8             95.3                11.1
            March 2014           4,087          48,323             28.2             94.4                11.8
            March 2015           3,925          48,604             27.0             96.0                12.4
            March 2016           3,761          46,649             25.9             95.8                12.4
            March 2017           3,593          46,532             24.8             95.5                13.0
            March 2018           3,446          46,376             23.7             95.9                13.5
            March 2019           3,274          45,721             22.6             95.0                14.0
            March 2020           3,098          44,681             21.3             94.6                14.4
            March 2021           2,985          41,648             20.6             96.4                14.0
            March 2022           2,819          42,216             19.4             94.4                15.0
            March 2023           2,634          40,632             18.1             93.4                15.4
            March 2024           2,469          39,470             17.0             93.7                16.0
 
Annual openings
Year ended: March 2003

            March 2003          14,157          67,013            100.0               _                  4.7
            March 2004          11,005          65,509             77.7             77.7                 6.0
            March 2005           9,446          65,337             66.7             85.8                 6.9
            March 2006           8,312          64,482             58.7             88.0                 7.8
            March 2007           7,521          63,913             53.1             90.5                 8.5
            March 2008           6,761          62,420             47.8             89.9                 9.2
            March 2009           6,006          57,216             42.4             88.8                 9.5
            March 2010           5,459          53,662             38.6             90.9                 9.8
            March 2011           5,029          52,859             35.5             92.1                10.5
            March 2012           4,739          53,402             33.5             94.2                11.3
            March 2013           4,488          54,698             31.7             94.7                12.2
            March 2014           4,215          56,255             29.8             93.9                13.3
            March 2015           4,017          56,799             28.4             95.3                14.1
            March 2016           3,809          55,963             26.9             94.8                14.7
            March 2017           3,625          52,399             25.6             95.2                14.5
            March 2018           4,075          52,163             28.8            112.4                12.8
            March 2019           3,813          51,333             26.9             93.6                13.5
            March 2020           3,550          49,948             25.1             93.1                14.1
            March 2021           3,352          46,490             23.7             94.4                13.9
            March 2022           3,125          46,848             22.1             93.2                15.0
            March 2023           2,917          46,076             20.6             93.3                15.8
            March 2024           2,712          44,713             19.2             93.0                16.5
 
Annual openings
Year ended: March 2004

            March 2004          14,757          69,557            100.0               _                  4.7
            March 2005          11,423          68,581             77.4             77.4                 6.0
            March 2006           9,812          68,441             66.5             85.9                 7.0
            March 2007           8,662          67,428             58.7             88.3                 7.8
            March 2008           7,671          65,159             52.0             88.6                 8.5
            March 2009           6,756          59,753             45.8             88.1                 8.8
            March 2010           6,002          55,979             40.7             88.8                 9.3
            March 2011           5,552          54,715             37.6             92.5                 9.9
            March 2012           5,218          55,231             35.4             94.0                10.6
            March 2013           4,907          56,162             33.3             94.0                11.4
            March 2014           4,692          56,513             31.8             95.6                12.0
            March 2015           4,410          56,195             29.9             94.0                12.7
            March 2016           4,164          56,477             28.2             94.4                13.6
            March 2017           3,959          55,757             26.8             95.1                14.1
            March 2018           3,744          55,220             25.4             94.6                14.7
            March 2019           3,533          54,652             23.9             94.4                15.5
            March 2020           3,241          53,642             22.0             91.7                16.6
            March 2021           3,099          49,483             21.0             95.6                16.0
            March 2022           2,950          50,809             20.0             95.2                17.2
            March 2023           2,760          51,230             18.7             93.6                18.6
            March 2024           2,545          49,194             17.2             92.2                19.3
 
Annual openings
Year ended: March 2005

            March 2005          15,535          70,235            100.0               _                  4.5
            March 2006          12,152          70,094             78.2             78.2                 5.8
            March 2007          10,363          70,147             66.7             85.3                 6.8
            March 2008           9,108          68,043             58.6             87.9                 7.5
            March 2009           7,846          61,956             50.5             86.1                 7.9
            March 2010           6,917          56,526             44.5             88.2                 8.2
            March 2011           6,341          56,176             40.8             91.7                 8.9
            March 2012           5,924          56,609             38.1             93.4                 9.6
            March 2013           5,479          56,837             35.3             92.5                10.4
            March 2014           5,162          57,204             33.2             94.2                11.1
            March 2015           4,878          57,461             31.4             94.5                11.8
            March 2016           4,587          56,486             29.5             94.0                12.3
            March 2017           4,319          55,061             27.8             94.2                12.7
            March 2018           4,067          54,367             26.2             94.2                13.4
            March 2019           3,830          53,215             24.7             94.2                13.9
            March 2020           3,540          51,476             22.8             92.4                14.5
            March 2021           3,412          46,981             22.0             96.4                13.8
            March 2022           3,269          47,689             21.0             95.8                14.6
            March 2023           3,020          46,530             19.4             92.4                15.4
            March 2024           2,813          44,976             18.1             93.1                16.0
 
Annual openings
Year ended: March 2006

            March 2006          15,716          72,170            100.0               _                  4.6
            March 2007          12,285          71,404             78.2             78.2                 5.8
            March 2008          10,387          68,286             66.1             84.6                 6.6
            March 2009           8,716          61,325             55.5             83.9                 7.0
            March 2010           7,568          57,123             48.2             86.8                 7.5
            March 2011           6,892          56,390             43.9             91.1                 8.2
            March 2012           6,360          55,811             40.5             92.3                 8.8
            March 2013           5,995          56,867             38.1             94.3                 9.5
            March 2014           5,638          57,729             35.9             94.0                10.2
            March 2015           5,276          57,289             33.6             93.6                10.9
            March 2016           4,965          56,488             31.6             94.1                11.4
            March 2017           4,683          56,467             29.8             94.3                12.1
            March 2018           4,393          56,849             28.0             93.8                12.9
            March 2019           4,153          55,816             26.4             94.5                13.4
            March 2020           3,889          54,552             24.7             93.6                14.0
            March 2021           3,665          50,490             23.3             94.2                13.8
            March 2022           3,469          51,403             22.1             94.7                14.8
            March 2023           3,214          51,325             20.5             92.6                16.0
            March 2024           3,001          51,583             19.1             93.4                17.2
 
Annual openings
Year ended: March 2007

            March 2007          16,050          71,887            100.0               _                  4.5
            March 2008          12,500          72,846             77.9             77.9                 5.8
            March 2009          10,084          65,231             62.8             80.7                 6.5
            March 2010           8,598          60,595             53.6             85.3                 7.0
            March 2011           7,749          59,730             48.3             90.1                 7.7
            March 2012           7,089          60,538             44.2             91.5                 8.5
            March 2013           6,576          60,407             41.0             92.8                 9.2
            March 2014           6,126          61,237             38.2             93.2                10.0
            March 2015           5,725          61,263             35.7             93.5                10.7
            March 2016           5,371          60,392             33.5             93.8                11.2
            March 2017           5,010          59,311             31.2             93.3                11.8
            March 2018           4,724          57,974             29.4             94.3                12.3
            March 2019           4,455          56,876             27.8             94.3                12.8
            March 2020           4,201          55,661             26.2             94.3                13.2
            March 2021           3,981          51,176             24.8             94.8                12.9
            March 2022           3,698          51,304             23.0             92.9                13.9
            March 2023           3,435          50,584             21.4             92.9                14.7
            March 2024           3,178          48,280             19.8             92.5                15.2
 
Annual openings
Year ended: March 2008

            March 2008          15,489          68,913            100.0               _                  4.4
            March 2009          11,446          62,803             73.9             73.9                 5.5
            March 2010           9,455          58,174             61.0             82.6                 6.2
            March 2011           8,283          58,430             53.5             87.6                 7.1
            March 2012           7,490          59,440             48.4             90.4                 7.9
            March 2013           6,910          59,009             44.6             92.3                 8.5
            March 2014           6,421          59,839             41.5             92.9                 9.3
            March 2015           5,951          60,950             38.4             92.7                10.2
            March 2016           5,595          59,190             36.1             94.0                10.6
            March 2017           5,252          58,684             33.9             93.9                11.2
            March 2018           4,942          58,570             31.9             94.1                11.9
            March 2019           4,585          57,975             29.6             92.8                12.6
            March 2020           4,304          55,624             27.8             93.9                12.9
            March 2021           4,065          51,221             26.2             94.4                12.6
            March 2022           3,881          52,215             25.1             95.5                13.5
            March 2023           3,593          51,142             23.2             92.6                14.2
            March 2024           3,349          49,781             21.6             93.2                14.9
 
Annual openings
Year ended: March 2009

            March 2009          13,286          52,777            100.0               _                  4.0
            March 2010           9,887          48,199             74.4             74.4                 4.9
            March 2011           8,503          48,718             64.0             86.0                 5.7
            March 2012           7,593          49,194             57.2             89.3                 6.5
            March 2013           6,898          49,752             51.9             90.8                 7.2
            March 2014           6,312          49,645             47.5             91.5                 7.9
            March 2015           5,786          50,119             43.5             91.7                 8.7
            March 2016           5,368          48,906             40.4             92.8                 9.1
            March 2017           5,065          48,871             38.1             94.4                 9.6
            March 2018           4,696          48,506             35.3             92.7                10.3
            March 2019           4,383          48,135             33.0             93.3                11.0
            March 2020           4,016          45,975             30.2             91.6                11.4
            March 2021           3,850          42,917             29.0             95.9                11.1
            March 2022           3,606          43,285             27.1             93.7                12.0
            March 2023           3,433          41,584             25.8             95.2                12.1
            March 2024           3,177          40,195             23.9             92.5                12.7
 
Annual openings
Year ended: March 2010

            March 2010          11,426          47,021            100.0               _                  4.1
            March 2011           8,732          47,469             76.4             76.4                 5.4
            March 2012           7,519          48,024             65.8             86.1                 6.4
            March 2013           6,678          49,454             58.4             88.8                 7.4
            March 2014           6,039          49,807             52.9             90.4                 8.2
            March 2015           5,525          50,925             48.4             91.5                 9.2
            March 2016           5,090          50,664             44.5             92.1                10.0
            March 2017           4,754          50,118             41.6             93.4                10.5
            March 2018           4,427          48,895             38.7             93.1                11.0
            March 2019           4,166          47,265             36.5             94.1                11.3
            March 2020           3,851          45,846             33.7             92.4                11.9
            March 2021           3,639          42,916             31.8             94.5                11.8
            March 2022           3,429          44,635             30.0             94.2                13.0
            March 2023           3,142          43,571             27.5             91.6                13.9
            March 2024           2,909          41,224             25.5             92.6                14.2
 
Annual openings
Year ended: March 2011

            March 2011          11,928          49,395            100.0               _                  4.1
            March 2012           9,525          49,418             79.9             79.9                 5.2
            March 2013           8,156          49,581             68.4             85.6                 6.1
            March 2014           7,200          51,727             60.4             88.3                 7.2
            March 2015           6,521          53,735             54.7             90.6                 8.2
            March 2016           5,876          53,604             49.3             90.1                 9.1
            March 2017           5,435          53,339             45.6             92.5                 9.8
            March 2018           5,032          53,131             42.2             92.6                10.6
            March 2019           4,671          52,592             39.2             92.8                11.3
            March 2020           4,295          52,339             36.0             92.0                12.2
            March 2021           4,058          48,309             34.0             94.5                11.9
            March 2022           3,752          48,854             31.5             92.5                13.0
            March 2023           3,476          47,289             29.1             92.6                13.6
            March 2024           3,225          44,675             27.0             92.8                13.9
 
Annual openings
Year ended: March 2012

            March 2012          12,582          48,245            100.0               _                  3.8
            March 2013           9,991          49,789             79.4             79.4                 5.0
            March 2014           8,534          51,291             67.8             85.4                 6.0
            March 2015           7,622          54,163             60.6             89.3                 7.1
            March 2016           6,865          54,337             54.6             90.1                 7.9
            March 2017           6,280          54,987             49.9             91.5                 8.8
            March 2018           5,859          55,001             46.6             93.3                 9.4
            March 2019           5,353          53,891             42.5             91.4                10.1
            March 2020           4,888          52,867             38.8             91.3                10.8
            March 2021           4,633          48,809             36.8             94.8                10.5
            March 2022           4,348          50,981             34.6             93.8                11.7
            March 2023           3,961          49,797             31.5             91.1                12.6
            March 2024           3,626          46,912             28.8             91.5                12.9
 
Annual openings
Year ended: March 2013

            March 2013          13,850          52,519            100.0               _                  3.8
            March 2014          10,996          54,977             79.4             79.4                 5.0
            March 2015           9,548          56,480             68.9             86.8                 5.9
            March 2016           8,404          56,678             60.7             88.0                 6.7
            March 2017           7,609          58,197             54.9             90.5                 7.6
            March 2018           6,891          58,005             49.8             90.6                 8.4
            March 2019           6,346          58,419             45.8             92.1                 9.2
            March 2020           5,711          56,483             41.2             90.0                 9.9
            March 2021           5,425          54,809             39.2             95.0                10.1
            March 2022           5,068          56,550             36.6             93.4                11.2
            March 2023           4,635          54,641             33.5             91.5                11.8
            March 2024           4,211          51,379             30.4             90.9                12.2
 
Annual openings
Year ended: March 2014

            March 2014          14,552          55,208            100.0               _                  3.8
            March 2015          11,405          57,040             78.4             78.4                 5.0
            March 2016           9,848          57,930             67.7             86.3                 5.9
            March 2017           8,780          58,717             60.3             89.2                 6.7
            March 2018           7,993          58,724             54.9             91.0                 7.3
            March 2019           7,275          57,992             50.0             91.0                 8.0
            March 2020           6,541          55,786             44.9             89.9                 8.5
            March 2021           6,165          51,575             42.4             94.3                 8.4
            March 2022           5,719          52,631             39.3             92.8                 9.2
            March 2023           5,216          51,094             35.8             91.2                 9.8
            March 2024           4,673          47,574             32.1             89.6                10.2
 
Annual openings
Year ended: March 2015

            March 2015          15,487          60,227            100.0               _                  3.9
            March 2016          12,218          61,995             78.9             78.9                 5.1
            March 2017          10,624          63,740             68.6             87.0                 6.0
            March 2018           9,487          64,414             61.3             89.3                 6.8
            March 2019           8,432          63,710             54.4             88.9                 7.6
            March 2020           7,522          62,427             48.6             89.2                 8.3
            March 2021           7,117          57,659             46.0             94.6                 8.1
            March 2022           6,559          60,363             42.4             92.2                 9.2
            March 2023           5,974          58,671             38.6             91.1                 9.8
            March 2024           5,418          55,869             35.0             90.7                10.3
 
Annual openings
Year ended: March 2016

            March 2016          16,403          61,468            100.0               _                  3.7
            March 2017          13,094          62,952             79.8             79.8                 4.8
            March 2018          11,315          65,736             69.0             86.4                 5.8
            March 2019           9,996          66,782             60.9             88.3                 6.7
            March 2020           8,964          66,479             54.6             89.7                 7.4
            March 2021           8,448          63,922             51.5             94.2                 7.6
            March 2022           7,685          65,987             46.9             91.0                 8.6
            March 2023           6,964          64,530             42.5             90.6                 9.3
            March 2024           6,282          60,420             38.3             90.2                 9.6
 
Annual openings
Year ended: March 2017

            March 2017          17,584          65,552            100.0               _                  3.7
            March 2018          14,276          70,696             81.2             81.2                 5.0
            March 2019          12,189          72,775             69.3             85.4                 6.0
            March 2020          10,631          72,519             60.5             87.2                 6.8
            March 2021           9,900          74,462             56.3             93.1                 7.5
            March 2022           8,896          82,922             50.6             89.9                 9.3
            March 2023           8,094          81,992             46.0             91.0                10.1
            March 2024           7,197          77,380             40.9             88.9                10.8
 
Annual openings
Year ended: March 2018

            March 2018          17,351          65,953            100.0               _                  3.8
            March 2019          13,666          68,463             78.8             78.8                 5.0
            March 2020          11,712          68,537             67.5             85.7                 5.9
            March 2021          10,777          65,145             62.1             92.0                 6.0
            March 2022           9,676          68,008             55.8             89.8                 7.0
            March 2023           8,656          66,231             49.9             89.5                 7.7
            March 2024           7,742          62,747             44.6             89.4                 8.1
 
Annual openings
Year ended: March 2019

            March 2019          18,259          66,853            100.0               _                  3.7
            March 2020          14,244          67,445             78.0             78.0                 4.7
            March 2021          12,809          65,920             70.2             89.9                 5.1
            March 2022          11,393          70,852             62.4             88.9                 6.2
            March 2023          10,040          68,842             55.0             88.1                 6.9
            March 2024           8,918          66,883             48.8             88.8                 7.5
 
Annual openings
Year ended: March 2020

            March 2020          18,478          68,623            100.0               _                  3.7
            March 2021          15,131          67,783             81.9             81.9                 4.5
            March 2022          13,078          73,750             70.8             86.4                 5.6
            March 2023          11,483          73,057             62.1             87.8                 6.4
            March 2024           9,921          68,314             53.7             86.4                 6.9
 
Annual openings
Year ended: March 2021

            March 2021          21,291          67,340            100.0               _                  3.2
            March 2022          16,373          73,587             76.9             76.9                 4.5
            March 2023          13,762          73,486             64.6             84.1                 5.3
            March 2024          11,688          70,270             54.9             84.9                 6.0
 
Annual openings
Year ended: March 2022

            March 2022          26,014          83,858            100.0               _                  3.2
            March 2023          19,814          83,521             76.2             76.2                 4.2
            March 2024          16,292          78,243             62.6             82.2                 4.8
 
Annual openings
Year ended: March 2023

            March 2023          24,124          81,347            100.0               _                  3.4
            March 2024          18,124          76,923             75.1             75.1                 4.2
 
Annual openings
Year ended: March 2024

            March 2024          24,377          83,491            100.0               _                  3.4
 
NOTE: A '_' indicates that the data are not available and a 'N' indicates that the data do not meet BLS disclosure standards.
