Table 7. Survival of private sector establishments by opening year

Total Private

Connecticut

                          Surviving       Total Employment   Survival Rates   Survival Rates of   Average Employment
                          Establishments  of Survivors       Since Birth      Previous Year's     of Survivors
                                                                              Survivors

Annual openings
Year ended: March 1994

            March 1994           6,002          44,072            100.0               _                  7.3
            March 1995           4,881          43,955             81.3             81.3                 9.0
            March 1996           4,485          44,080             74.7             91.9                 9.8
            March 1997           4,008          44,004             66.8             89.4                11.0
            March 1998           3,608          43,610             60.1             90.0                12.1
            March 1999           3,354          42,994             55.9             93.0                12.8
            March 2000           3,173          40,626             52.9             94.6                12.8
            March 2001           2,842          37,611             47.4             89.6                13.2
            March 2002           2,692          36,773             44.9             94.7                13.7
            March 2003           2,534          35,026             42.2             94.1                13.8
            March 2004           2,424          33,955             40.4             95.7                14.0
            March 2005           2,306          33,168             38.4             95.1                14.4
            March 2006           2,216          32,416             36.9             96.1                14.6
            March 2007           2,091          31,657             34.8             94.4                15.1
            March 2008           1,988          31,012             33.1             95.1                15.6
            March 2009           1,936          28,998             32.3             97.4                15.0
            March 2010           1,736          27,370             28.9             89.7                15.8
            March 2011           1,745          27,250             29.1            100.5                15.6
            March 2012           1,684          27,632             28.1             96.5                16.4
            March 2013           1,628          27,249             27.1             96.7                16.7
            March 2014           1,587          26,779             26.4             97.5                16.9
            March 2015           1,534          26,006             25.6             96.7                17.0
            March 2016           1,462          25,409             24.4             95.3                17.4
            March 2017           1,400          24,223             23.3             95.8                17.3
            March 2018           1,331          23,755             22.2             95.1                17.8
            March 2019           1,232          23,413             20.5             92.6                19.0
            March 2020           1,163          22,152             19.4             94.4                19.0
            March 2021           1,110          20,605             18.5             95.4                18.6
            March 2022           1,089          20,583             18.1             98.1                18.9
            March 2023           1,037          20,598             17.3             95.2                19.9
            March 2024             983          19,891             16.4             94.8                20.2
 
Annual openings
Year ended: March 1995

            March 1995           6,896          46,797            100.0               _                  6.8
            March 1996           6,007          48,250             87.1             87.1                 8.0
            March 1997           5,262          48,078             76.3             87.6                 9.1
            March 1998           4,575          46,674             66.3             86.9                10.2
            March 1999           4,231          44,361             61.4             92.5                10.5
            March 2000           3,942          43,299             57.2             93.2                11.0
            March 2001           3,477          41,575             50.4             88.2                12.0
            March 2002           3,319          38,863             48.1             95.5                11.7
            March 2003           3,100          37,130             45.0             93.4                12.0
            March 2004           2,914          36,178             42.3             94.0                12.4
            March 2005           2,707          35,317             39.3             92.9                13.0
            March 2006           2,590          34,727             37.6             95.7                13.4
            March 2007           2,436          34,324             35.3             94.1                14.1
            March 2008           2,321          34,273             33.7             95.3                14.8
            March 2009           2,192          32,862             31.8             94.4                15.0
            March 2010           2,064          30,729             29.9             94.2                14.9
            March 2011           2,029          30,423             29.4             98.3                15.0
            March 2012           1,992          30,263             28.9             98.2                15.2
            March 2013           1,910          29,913             27.7             95.9                15.7
            March 2014           1,852          29,337             26.9             97.0                15.8
            March 2015           1,800          28,994             26.1             97.2                16.1
            March 2016           1,740          28,494             25.2             96.7                16.4
            March 2017           1,670          28,039             24.2             96.0                16.8
            March 2018           1,582          27,493             22.9             94.7                17.4
            March 2019           1,485          27,861             21.5             93.9                18.8
            March 2020           1,425          26,718             20.7             96.0                18.7
            March 2021           1,346          24,225             19.5             94.5                18.0
            March 2022           1,287          25,247             18.7             95.6                19.6
            March 2023           1,233          24,893             17.9             95.8                20.2
            March 2024           1,175          24,368             17.0             95.3                20.7
 
Annual openings
Year ended: March 1996

            March 1996           7,145          46,679            100.0               _                  6.5
            March 1997           5,967          46,179             83.5             83.5                 7.7
            March 1998           4,926          48,741             68.9             82.6                 9.9
            March 1999           4,434          51,494             62.1             90.0                11.6
            March 2000           4,069          49,899             56.9             91.8                12.3
            March 2001           3,532          47,119             49.4             86.8                13.3
            March 2002           3,364          46,109             47.1             95.2                13.7
            March 2003           3,130          43,782             43.8             93.0                14.0
            March 2004           2,945          42,663             41.2             94.1                14.5
            March 2005           2,773          42,133             38.8             94.2                15.2
            March 2006           2,665          42,300             37.3             96.1                15.9
            March 2007           2,494          41,325             34.9             93.6                16.6
            March 2008           2,408          41,326             33.7             96.6                17.2
            March 2009           2,279          37,023             31.9             94.6                16.2
            March 2010           1,996          35,820             27.9             87.6                17.9
            March 2011           1,969          35,259             27.6             98.6                17.9
            March 2012           1,915          35,304             26.8             97.3                18.4
            March 2013           1,855          34,840             26.0             96.9                18.8
            March 2014           1,788          35,441             25.0             96.4                19.8
            March 2015           1,746          35,705             24.4             97.7                20.4
            March 2016           1,684          35,289             23.6             96.4                21.0
            March 2017           1,610          34,896             22.5             95.6                21.7
            March 2018           1,512          34,313             21.2             93.9                22.7
            March 2019           1,398          34,063             19.6             92.5                24.4
            March 2020           1,328          33,287             18.6             95.0                25.1
            March 2021           1,255          31,354             17.6             94.5                25.0
            March 2022           1,227          32,857             17.2             97.8                26.8
            March 2023           1,172          31,990             16.4             95.5                27.3
            March 2024           1,134          31,034             15.9             96.8                27.4
 
Annual openings
Year ended: March 1997

            March 1997           7,619          58,903            100.0               _                  7.7
            March 1998           5,853          58,547             76.8             76.8                10.0
            March 1999           5,207          57,842             68.3             89.0                11.1
            March 2000           4,689          58,145             61.5             90.1                12.4
            March 2001           4,111          51,617             54.0             87.7                12.6
            March 2002           3,842          48,483             50.4             93.5                12.6
            March 2003           3,553          46,634             46.6             92.5                13.1
            March 2004           3,322          46,163             43.6             93.5                13.9
            March 2005           3,040          45,344             39.9             91.5                14.9
            March 2006           2,901          46,245             38.1             95.4                15.9
            March 2007           2,752          46,548             36.1             94.9                16.9
            March 2008           2,576          44,694             33.8             93.6                17.4
            March 2009           2,444          42,040             32.1             94.9                17.2
            March 2010           2,179          40,074             28.6             89.2                18.4
            March 2011           2,142          40,331             28.1             98.3                18.8
            March 2012           2,095          40,724             27.5             97.8                19.4
            March 2013           1,965          39,980             25.8             93.8                20.3
            March 2014           1,941          39,762             25.5             98.8                20.5
            March 2015           1,889          39,786             24.8             97.3                21.1
            March 2016           1,824          38,969             23.9             96.6                21.4
            March 2017           1,777          37,176             23.3             97.4                20.9
            March 2018           1,657          35,832             21.7             93.2                21.6
            March 2019           1,515          35,024             19.9             91.4                23.1
            March 2020           1,430          33,250             18.8             94.4                23.3
            March 2021           1,347          29,184             17.7             94.2                21.7
            March 2022           1,287          28,448             16.9             95.5                22.1
            March 2023           1,234          27,453             16.2             95.9                22.2
            March 2024           1,168          26,616             15.3             94.7                22.8
 
Annual openings
Year ended: March 1998

            March 1998           6,795          49,003            100.0               _                  7.2
            March 1999           5,905          51,775             86.9             86.9                 8.8
            March 2000           5,234          52,268             77.0             88.6                10.0
            March 2001           4,444          50,495             65.4             84.9                11.4
            March 2002           4,241          47,216             62.4             95.4                11.1
            March 2003           3,828          44,436             56.3             90.3                11.6
            March 2004           3,578          43,369             52.7             93.5                12.1
            March 2005           3,331          42,228             49.0             93.1                12.7
            March 2006           3,146          41,571             46.3             94.4                13.2
            March 2007           2,953          40,859             43.5             93.9                13.8
            March 2008           2,832          39,229             41.7             95.9                13.9
            March 2009           2,639          35,612             38.8             93.2                13.5
            March 2010           2,350          32,964             34.6             89.0                14.0
            March 2011           2,339          33,547             34.4             99.5                14.3
            March 2012           2,246          32,820             33.1             96.0                14.6
            March 2013           2,129          32,253             31.3             94.8                15.1
            March 2014           2,075          31,806             30.5             97.5                15.3
            March 2015           2,017          31,373             29.7             97.2                15.6
            March 2016           1,957          30,756             28.8             97.0                15.7
            March 2017           1,886          29,768             27.8             96.4                15.8
            March 2018           1,746          28,958             25.7             92.6                16.6
            March 2019           1,592          27,351             23.4             91.2                17.2
            March 2020           1,508          26,499             22.2             94.7                17.6
            March 2021           1,410          24,237             20.8             93.5                17.2
            March 2022           1,354          24,950             19.9             96.0                18.4
            March 2023           1,286          24,178             18.9             95.0                18.8
            March 2024           1,218          22,429             17.9             94.7                18.4
 
Annual openings
Year ended: March 1999

            March 1999           6,537          44,639            100.0               _                  6.8
            March 2000           5,757          47,723             88.1             88.1                 8.3
            March 2001           4,723          46,841             72.3             82.0                 9.9
            March 2002           4,370          43,672             66.9             92.5                10.0
            March 2003           3,949          42,377             60.4             90.4                10.7
            March 2004           3,604          41,294             55.1             91.3                11.5
            March 2005           3,247          40,579             49.7             90.1                12.5
            March 2006           3,095          40,413             47.3             95.3                13.1
            March 2007           2,910          39,529             44.5             94.0                13.6
            March 2008           2,715          38,455             41.5             93.3                14.2
            March 2009           2,533          35,434             38.7             93.3                14.0
            March 2010           2,216          33,489             33.9             87.5                15.1
            March 2011           2,197          33,209             33.6             99.1                15.1
            March 2012           2,111          32,667             32.3             96.1                15.5
            March 2013           2,000          31,915             30.6             94.7                16.0
            March 2014           1,986          30,761             30.4             99.3                15.5
            March 2015           1,931          30,527             29.5             97.2                15.8
            March 2016           1,856          29,635             28.4             96.1                16.0
            March 2017           1,793          28,353             27.4             96.6                15.8
            March 2018           1,690          27,846             25.9             94.3                16.5
            March 2019           1,563          26,427             23.9             92.5                16.9
            March 2020           1,491          25,708             22.8             95.4                17.2
            March 2021           1,417          23,275             21.7             95.0                16.4
            March 2022           1,359          23,351             20.8             95.9                17.2
            March 2023           1,285          22,799             19.7             94.6                17.7
            March 2024           1,238          22,241             18.9             96.3                18.0
 
Annual openings
Year ended: March 2000

            March 2000           6,832          44,936            100.0               _                  6.6
            March 2001           5,585          44,536             81.7             81.7                 8.0
            March 2002           4,989          41,833             73.0             89.3                 8.4
            March 2003           4,310          38,591             63.1             86.4                 9.0
            March 2004           3,862          39,084             56.5             89.6                10.1
            March 2005           3,491          38,867             51.1             90.4                11.1
            March 2006           3,285          38,605             48.1             94.1                11.8
            March 2007           3,035          38,595             44.4             92.4                12.7
            March 2008           2,839          38,774             41.6             93.5                13.7
            March 2009           2,639          36,411             38.6             93.0                13.8
            March 2010           2,248          34,780             32.9             85.2                15.5
            March 2011           2,259          35,101             33.1            100.5                15.5
            March 2012           2,149          35,153             31.5             95.1                16.4
            March 2013           2,060          34,803             30.2             95.9                16.9
            March 2014           1,942          33,816             28.4             94.3                17.4
            March 2015           2,055          33,585             30.1            105.8                16.3
            March 2016           1,982          32,717             29.0             96.4                16.5
            March 2017           1,916          32,188             28.0             96.7                16.8
            March 2018           1,812          30,945             26.5             94.6                17.1
            March 2019           1,712          29,652             25.1             94.5                17.3
            March 2020           1,622          27,422             23.7             94.7                16.9
            March 2021           1,550          24,778             22.7             95.6                16.0
            March 2022           1,524          25,215             22.3             98.3                16.5
            March 2023           1,430          25,297             20.9             93.8                17.7
            March 2024           1,368          24,465             20.0             95.7                17.9
 
Annual openings
Year ended: March 2001

            March 2001           7,339          39,250            100.0               _                  5.3
            March 2002           6,066          41,809             82.7             82.7                 6.9
            March 2003           5,111          39,370             69.6             84.3                 7.7
            March 2004           4,417          38,408             60.2             86.4                 8.7
            March 2005           3,957          38,095             53.9             89.6                 9.6
            March 2006           3,680          37,170             50.1             93.0                10.1
            March 2007           3,374          36,998             46.0             91.7                11.0
            March 2008           3,118          35,470             42.5             92.4                11.4
            March 2009           2,904          33,542             39.6             93.1                11.6
            March 2010           2,542          31,590             34.6             87.5                12.4
            March 2011           2,532          31,406             34.5             99.6                12.4
            March 2012           2,420          31,682             33.0             95.6                13.1
            March 2013           2,273          31,055             31.0             93.9                13.7
            March 2014           2,205          30,552             30.0             97.0                13.9
            March 2015           2,100          29,866             28.6             95.2                14.2
            March 2016           2,017          29,594             27.5             96.0                14.7
            March 2017           1,958          28,190             26.7             97.1                14.4
            March 2018           1,877          26,661             25.6             95.9                14.2
            March 2019           1,761          26,161             24.0             93.8                14.9
            March 2020           1,667          24,907             22.7             94.7                14.9
            March 2021           1,589          22,306             21.7             95.3                14.0
            March 2022           1,496          22,515             20.4             94.1                15.1
            March 2023           1,473          22,109             20.1             98.5                15.0
            March 2024           1,408          21,059             19.2             95.6                15.0
 
Annual openings
Year ended: March 2002

            March 2002           6,939          36,920            100.0               _                  5.3
            March 2003           5,439          36,392             78.4             78.4                 6.7
            March 2004           4,805          37,123             69.2             88.3                 7.7
            March 2005           4,227          36,021             60.9             88.0                 8.5
            March 2006           3,894          35,937             56.1             92.1                 9.2
            March 2007           3,540          35,105             51.0             90.9                 9.9
            March 2008           3,245          34,704             46.8             91.7                10.7
            March 2009           2,969          32,287             42.8             91.5                10.9
            March 2010           2,512          30,384             36.2             84.6                12.1
            March 2011           2,494          30,761             35.9             99.3                12.3
            March 2012           2,376          29,928             34.2             95.3                12.6
            March 2013           2,243          29,588             32.3             94.4                13.2
            March 2014           2,164          29,467             31.2             96.5                13.6
            March 2015           2,070          29,436             29.8             95.7                14.2
            March 2016           1,976          29,049             28.5             95.5                14.7
            March 2017           1,868          27,599             26.9             94.5                14.8
            March 2018           1,767          26,829             25.5             94.6                15.2
            March 2019           1,654          26,029             23.8             93.6                15.7
            March 2020           1,574          25,214             22.7             95.2                16.0
            March 2021           1,464          21,685             21.1             93.0                14.8
            March 2022           1,411          22,404             20.3             96.4                15.9
            March 2023           1,342          21,774             19.3             95.1                16.2
            March 2024           1,249          21,211             18.0             93.1                17.0
 
Annual openings
Year ended: March 2003

            March 2003           6,831          34,488            100.0               _                  5.0
            March 2004           5,582          35,770             81.7             81.7                 6.4
            March 2005           4,765          36,025             69.8             85.4                 7.6
            March 2006           4,272          36,503             62.5             89.7                 8.5
            March 2007           3,861          35,076             56.5             90.4                 9.1
            March 2008           3,464          34,552             50.7             89.7                10.0
            March 2009           3,133          30,458             45.9             90.4                 9.7
            March 2010           2,636          28,756             38.6             84.1                10.9
            March 2011           2,611          29,223             38.2             99.1                11.2
            March 2012           2,485          30,763             36.4             95.2                12.4
            March 2013           2,322          30,523             34.0             93.4                13.1
            March 2014           2,233          31,160             32.7             96.2                14.0
            March 2015           2,158          31,090             31.6             96.6                14.4
            March 2016           2,011          30,698             29.4             93.2                15.3
            March 2017           1,913          30,019             28.0             95.1                15.7
            March 2018           1,785          28,791             26.1             93.3                16.1
            March 2019           1,619          27,373             23.7             90.7                16.9
            March 2020           1,532          25,648             22.4             94.6                16.7
            March 2021           1,437          23,456             21.0             93.8                16.3
            March 2022           1,380          23,958             20.2             96.0                17.4
            March 2023           1,323          23,206             19.4             95.9                17.5
            March 2024           1,264          22,075             18.5             95.5                17.5
 
Annual openings
Year ended: March 2004

            March 2004           6,596          31,473            100.0               _                  4.8
            March 2005           5,218          32,966             79.1             79.1                 6.3
            March 2006           4,528          32,957             68.6             86.8                 7.3
            March 2007           4,004          31,714             60.7             88.4                 7.9
            March 2008           3,599          31,184             54.6             89.9                 8.7
            March 2009           3,201          28,021             48.5             88.9                 8.8
            March 2010           2,690          26,259             40.8             84.0                 9.8
            March 2011           2,665          25,704             40.4             99.1                 9.6
            March 2012           2,510          25,974             38.1             94.2                10.3
            March 2013           2,372          25,818             36.0             94.5                10.9
            March 2014           2,255          25,764             34.2             95.1                11.4
            March 2015           2,170          24,781             32.9             96.2                11.4
            March 2016           2,055          24,209             31.2             94.7                11.8
            March 2017           1,944          23,831             29.5             94.6                12.3
            March 2018           1,810          22,652             27.4             93.1                12.5
            March 2019           1,660          22,260             25.2             91.7                13.4
            March 2020           1,571          21,525             23.8             94.6                13.7
            March 2021           1,484          18,739             22.5             94.5                12.6
            March 2022           1,423          19,818             21.6             95.9                13.9
            March 2023           1,343          19,790             20.4             94.4                14.7
            March 2024           1,290          19,470             19.6             96.1                15.1
 
Annual openings
Year ended: March 2005

            March 2005           6,970          34,585            100.0               _                  5.0
            March 2006           5,620          33,217             80.6             80.6                 5.9
            March 2007           4,774          32,997             68.5             84.9                 6.9
            March 2008           4,159          32,820             59.7             87.1                 7.9
            March 2009           3,641          29,172             52.2             87.5                 8.0
            March 2010           2,935          26,532             42.1             80.6                 9.0
            March 2011           2,891          27,070             41.5             98.5                 9.4
            March 2012           2,724          27,620             39.1             94.2                10.1
            March 2013           2,519          27,058             36.1             92.5                10.7
            March 2014           2,374          26,997             34.1             94.2                11.4
            March 2015           2,265          26,620             32.5             95.4                11.8
            March 2016           2,125          27,033             30.5             93.8                12.7
            March 2017           1,995          26,417             28.6             93.9                13.2
            March 2018           1,876          26,083             26.9             94.0                13.9
            March 2019           1,684          25,398             24.2             89.8                15.1
            March 2020           1,593          24,196             22.9             94.6                15.2
            March 2021           1,490          22,538             21.4             93.5                15.1
            March 2022           1,432          22,920             20.5             96.1                16.0
            March 2023           1,370          21,562             19.7             95.7                15.7
            March 2024           1,293          21,578             18.6             94.4                16.7
 
Annual openings
Year ended: March 2006

            March 2006           7,327          31,029            100.0               _                  4.2
            March 2007           5,719          30,096             78.1             78.1                 5.3
            March 2008           4,811          29,849             65.7             84.1                 6.2
            March 2009           4,144          27,223             56.6             86.1                 6.6
            March 2010           3,284          26,008             44.8             79.2                 7.9
            March 2011           3,217          26,067             43.9             98.0                 8.1
            March 2012           2,988          26,019             40.8             92.9                 8.7
            March 2013           2,762          25,568             37.7             92.4                 9.3
            March 2014           2,585          25,288             35.3             93.6                 9.8
            March 2015           2,438          25,124             33.3             94.3                10.3
            March 2016           2,309          24,992             31.5             94.7                10.8
            March 2017           2,152          24,691             29.4             93.2                11.5
            March 2018           2,024          24,370             27.6             94.1                12.0
            March 2019           1,796          23,587             24.5             88.7                13.1
            March 2020           1,742          23,398             23.8             97.0                13.4
            March 2021           1,637          22,584             22.3             94.0                13.8
            March 2022           1,566          24,166             21.4             95.7                15.4
            March 2023           1,479          22,672             20.2             94.4                15.3
            March 2024           1,411          22,685             19.3             95.4                16.1
 
Annual openings
Year ended: March 2007

            March 2007           7,268          32,234            100.0               _                  4.4
            March 2008           5,784          30,990             79.6             79.6                 5.4
            March 2009           4,675          27,972             64.3             80.8                 6.0
            March 2010           3,618          25,698             49.8             77.4                 7.1
            March 2011           3,548          27,128             48.8             98.1                 7.6
            March 2012           3,301          27,303             45.4             93.0                 8.3
            March 2013           2,941          26,412             40.5             89.1                 9.0
            March 2014           2,729          26,545             37.5             92.8                 9.7
            March 2015           2,595          25,801             35.7             95.1                 9.9
            March 2016           2,413          25,487             33.2             93.0                10.6
            March 2017           2,270          24,412             31.2             94.1                10.8
            March 2018           2,111          24,463             29.0             93.0                11.6
            March 2019           1,886          24,211             25.9             89.3                12.8
            March 2020           1,857          23,535             25.6             98.5                12.7
            March 2021           1,742          22,043             24.0             93.8                12.7
            March 2022           1,649          22,188             22.7             94.7                13.5
            March 2023           1,549          22,188             21.3             93.9                14.3
            March 2024           1,453          21,394             20.0             93.8                14.7
 
Annual openings
Year ended: March 2008

            March 2008           7,078          29,521            100.0               _                  4.2
            March 2009           5,426          26,851             76.7             76.7                 4.9
            March 2010           3,971          24,245             56.1             73.2                 6.1
            March 2011           3,832          25,168             54.1             96.5                 6.6
            March 2012           3,450          25,624             48.7             90.0                 7.4
            March 2013           3,125          25,060             44.2             90.6                 8.0
            March 2014           2,906          24,221             41.1             93.0                 8.3
            March 2015           2,740          23,966             38.7             94.3                 8.7
            March 2016           2,588          23,653             36.6             94.5                 9.1
            March 2017           2,411          22,771             34.1             93.2                 9.4
            March 2018           2,217          21,794             31.3             92.0                 9.8
            March 2019           2,002          20,881             28.3             90.3                10.4
            March 2020           1,949          19,943             27.5             97.4                10.2
            March 2021           1,838          18,418             26.0             94.3                10.0
            March 2022           1,749          18,665             24.7             95.2                10.7
            March 2023           1,645          18,312             23.2             94.1                11.1
            March 2024           1,550          17,768             21.9             94.2                11.5
 
Annual openings
Year ended: March 2009

            March 2009           6,207          25,371            100.0               _                  4.1
            March 2010           4,251          22,840             68.5             68.5                 5.4
            March 2011           3,992          23,516             64.3             93.9                 5.9
            March 2012           3,567          23,718             57.5             89.4                 6.6
            March 2013           3,178          23,481             51.2             89.1                 7.4
            March 2014           2,896          22,847             46.7             91.1                 7.9
            March 2015           2,680          23,162             43.2             92.5                 8.6
            March 2016           2,491          22,544             40.1             92.9                 9.1
            March 2017           2,352          21,385             37.9             94.4                 9.1
            March 2018           2,136          20,482             34.4             90.8                 9.6
            March 2019           1,932          20,032             31.1             90.4                10.4
            March 2020           1,952          19,917             31.4            101.0                10.2
            March 2021           1,821          18,114             29.3             93.3                 9.9
            March 2022           1,748          19,248             28.2             96.0                11.0
            March 2023           1,651          18,920             26.6             94.5                11.5
            March 2024           1,576          18,723             25.4             95.5                11.9
 
Annual openings
Year ended: March 2010

            March 2010           5,192          22,008            100.0               _                  4.2
            March 2011           4,482          23,146             86.3             86.3                 5.2
            March 2012           3,863          23,057             74.4             86.2                 6.0
            March 2013           3,423          22,945             65.9             88.6                 6.7
            March 2014           3,078          23,090             59.3             89.9                 7.5
            March 2015           2,841          22,623             54.7             92.3                 8.0
            March 2016           2,631          22,758             50.7             92.6                 8.6
            March 2017           2,432          22,493             46.8             92.4                 9.2
            March 2018           2,256          21,271             43.5             92.8                 9.4
            March 2019           1,951          20,360             37.6             86.5                10.4
            March 2020           1,922          19,630             37.0             98.5                10.2
            March 2021           1,791          17,957             34.5             93.2                10.0
            March 2022           1,713          18,130             33.0             95.6                10.6
            March 2023           1,596          17,251             30.7             93.2                10.8
            March 2024           1,488          16,737             28.7             93.2                11.2
 
Annual openings
Year ended: March 2011

            March 2011           5,803          22,400            100.0               _                  3.9
            March 2012           4,781          22,718             82.4             82.4                 4.8
            March 2013           3,990          22,377             68.8             83.5                 5.6
            March 2014           3,437          22,197             59.2             86.1                 6.5
            March 2015           3,138          22,295             54.1             91.3                 7.1
            March 2016           2,827          22,053             48.7             90.1                 7.8
            March 2017           2,619          21,344             45.1             92.6                 8.1
            March 2018           2,357          21,276             40.6             90.0                 9.0
            March 2019           2,027          20,685             34.9             86.0                10.2
            March 2020           1,998          20,013             34.4             98.6                10.0
            March 2021           1,838          18,043             31.7             92.0                 9.8
            March 2022           1,745          18,460             30.1             94.9                10.6
            March 2023           1,615          18,229             27.8             92.6                11.3
            March 2024           1,500          17,820             25.8             92.9                11.9
 
Annual openings
Year ended: March 2012

            March 2012           6,457          25,237            100.0               _                  3.9
            March 2013           5,067          24,061             78.5             78.5                 4.7
            March 2014           4,357          24,081             67.5             86.0                 5.5
            March 2015           3,895          23,843             60.3             89.4                 6.1
            March 2016           3,563          23,655             55.2             91.5                 6.6
            March 2017           3,200          23,355             49.6             89.8                 7.3
            March 2018           2,885          22,365             44.7             90.2                 7.8
            March 2019           2,450          21,256             37.9             84.9                 8.7
            March 2020           2,381          20,560             36.9             97.2                 8.6
            March 2021           2,192          18,849             33.9             92.1                 8.6
            March 2022           2,102          19,446             32.6             95.9                 9.3
            March 2023           1,952          19,682             30.2             92.9                10.1
            March 2024           1,830          19,496             28.3             93.8                10.7
 
Annual openings
Year ended: March 2013

            March 2013           6,757          26,088            100.0               _                  3.9
            March 2014           5,535          25,237             81.9             81.9                 4.6
            March 2015           4,795          25,462             71.0             86.6                 5.3
            March 2016           4,211          25,662             62.3             87.8                 6.1
            March 2017           3,750          25,334             55.5             89.1                 6.8
            March 2018           3,341          24,574             49.4             89.1                 7.4
            March 2019           2,830          23,541             41.9             84.7                 8.3
            March 2020           2,747          22,871             40.7             97.1                 8.3
            March 2021           2,497          20,512             37.0             90.9                 8.2
            March 2022           2,356          21,335             34.9             94.4                 9.1
            March 2023           2,231          21,232             33.0             94.7                 9.5
            March 2024           2,062          20,323             30.5             92.4                 9.9
 
Annual openings
Year ended: March 2014

            March 2014           6,631          25,779            100.0               _                  3.9
            March 2015           5,450          25,395             82.2             82.2                 4.7
            March 2016           4,646          24,803             70.1             85.2                 5.3
            March 2017           4,036          24,321             60.9             86.9                 6.0
            March 2018           3,590          23,720             54.1             88.9                 6.6
            March 2019           2,929          22,877             44.2             81.6                 7.8
            March 2020           2,848          21,946             42.9             97.2                 7.7
            March 2021           2,633          20,403             39.7             92.5                 7.7
            March 2022           2,490          21,528             37.6             94.6                 8.6
            March 2023           2,281          21,165             34.4             91.6                 9.3
            March 2024           2,129          20,202             32.1             93.3                 9.5
 
Annual openings
Year ended: March 2015

            March 2015           6,912          26,032            100.0               _                  3.8
            March 2016           5,396          26,629             78.1             78.1                 4.9
            March 2017           4,562          26,115             66.0             84.5                 5.7
            March 2018           3,973          27,345             57.5             87.1                 6.9
            March 2019           3,251          26,468             47.0             81.8                 8.1
            March 2020           3,170          26,403             45.9             97.5                 8.3
            March 2021           2,889          26,191             41.8             91.1                 9.1
            March 2022           2,729          28,061             39.5             94.5                10.3
            March 2023           2,535          27,522             36.7             92.9                10.9
            March 2024           2,377          26,772             34.4             93.8                11.3
 
Annual openings
Year ended: March 2016

            March 2016           7,566          28,715            100.0               _                  3.8
            March 2017           6,002          27,900             79.3             79.3                 4.6
            March 2018           5,016          27,589             66.3             83.6                 5.5
            March 2019           3,971          26,902             52.5             79.2                 6.8
            March 2020           3,751          27,002             49.6             94.5                 7.2
            March 2021           3,420          26,035             45.2             91.2                 7.6
            March 2022           3,200          26,021             42.3             93.6                 8.1
            March 2023           2,964          25,781             39.2             92.6                 8.7
            March 2024           2,749          24,847             36.3             92.7                 9.0
 
Annual openings
Year ended: March 2017

            March 2017           7,281          27,834            100.0               _                  3.8
            March 2018           5,708          26,975             78.4             78.4                 4.7
            March 2019           4,307          25,902             59.2             75.5                 6.0
            March 2020           4,327          26,294             59.4            100.5                 6.1
            March 2021           3,852          25,032             52.9             89.0                 6.5
            March 2022           3,533          25,395             48.5             91.7                 7.2
            March 2023           3,244          24,713             44.6             91.8                 7.6
            March 2024           2,937          23,673             40.3             90.5                 8.1
 
Annual openings
Year ended: March 2018

            March 2018           7,665          29,916            100.0               _                  3.9
            March 2019           5,303          29,499             69.2             69.2                 5.6
            March 2020           5,196          31,152             67.8             98.0                 6.0
            March 2021           4,640          29,601             60.5             89.3                 6.4
            March 2022           4,309          31,910             56.2             92.9                 7.4
            March 2023           3,915          30,727             51.1             90.9                 7.8
            March 2024           3,547          29,486             46.3             90.6                 8.3
 
Annual openings
Year ended: March 2019

            March 2019           7,272          28,405            100.0               _                  3.9
            March 2020           6,329          29,556             87.0             87.0                 4.7
            March 2021           5,532          27,181             76.1             87.4                 4.9
            March 2022           5,099          28,852             70.1             92.2                 5.7
            March 2023           4,588          28,422             63.1             90.0                 6.2
            March 2024           4,184          27,403             57.5             91.2                 6.5
 
Annual openings
Year ended: March 2020

            March 2020           7,828          32,269            100.0               _                  4.1
            March 2021           6,348          33,103             81.1             81.1                 5.2
            March 2022           5,614          38,066             71.7             88.4                 6.8
            March 2023           4,999          36,557             63.9             89.0                 7.3
            March 2024           4,459          39,011             57.0             89.2                 8.7
 
Annual openings
Year ended: March 2021

            March 2021           9,824          28,907            100.0               _                  2.9
            March 2022           7,552          30,541             76.9             76.9                 4.0
            March 2023           6,390          29,948             65.0             84.6                 4.7
            March 2024           5,517          28,705             56.2             86.3                 5.2
 
Annual openings
Year ended: March 2022

            March 2022          12,935          37,537            100.0               _                  2.9
            March 2023           9,669          36,461             74.8             74.8                 3.8
            March 2024           8,013          34,622             61.9             82.9                 4.3
 
Annual openings
Year ended: March 2023

            March 2023          13,013          38,004            100.0               _                  2.9
            March 2024           9,797          35,788             75.3             75.3                 3.7
 
Annual openings
Year ended: March 2024

            March 2024          11,514          36,286            100.0               _                  3.2
 
NOTE: A '_' indicates that the data are not available and a 'N' indicates that the data do not meet BLS disclosure standards.
