Table 7. Survival of private sector establishments by opening year

Total Private

Florida

                          Surviving       Total Employment   Survival Rates   Survival Rates of   Average Employment
                          Establishments  of Survivors       Since Birth      Previous Year's     of Survivors
                                                                              Survivors

Annual openings
Year ended: March 1994

            March 1994          40,201         264,486            100.0               _                  6.6
            March 1995          31,355         258,992             78.0             78.0                 8.3
            March 1996          26,265         245,944             65.3             83.8                 9.4
            March 1997          22,972         246,586             57.1             87.5                10.7
            March 1998          19,609         235,213             48.8             85.4                12.0
            March 1999          18,768         223,176             46.7             95.7                11.9
            March 2000          15,889         226,929             39.5             84.7                14.3
            March 2001          14,333         210,968             35.7             90.2                14.7
            March 2002          13,086         203,770             32.6             91.3                15.6
            March 2003          12,251         217,078             30.5             93.6                17.7
            March 2004          11,389         202,147             28.3             93.0                17.7
            March 2005          10,996         200,981             27.4             96.5                18.3
            March 2006          11,445         195,797             28.5            104.1                17.1
            March 2007          10,555         185,472             26.3             92.2                17.6
            March 2008           9,897         172,408             24.6             93.8                17.4
            March 2009           8,951         156,604             22.3             90.4                17.5
            March 2010           8,313         147,703             20.7             92.9                17.8
            March 2011           7,901         147,677             19.7             95.0                18.7
            March 2012           7,501         145,720             18.7             94.9                19.4
            March 2013           7,175         142,240             17.8             95.7                19.8
            March 2014           6,814         143,095             16.9             95.0                21.0
            March 2015           6,531         141,796             16.2             95.8                21.7
            March 2016           6,279         143,073             15.6             96.1                22.8
            March 2017           5,971         145,169             14.9             95.1                24.3
            March 2018           5,737         144,976             14.3             96.1                25.3
            March 2019           5,486         143,042             13.6             95.6                26.1
            March 2020           5,202         141,626             12.9             94.8                27.2
            March 2021           4,904         127,104             12.2             94.3                25.9
            March 2022           4,683         138,406             11.6             95.5                29.6
            March 2023           4,431         144,291             11.0             94.6                32.6
            March 2024           4,148         140,445             10.3             93.6                33.9
 
Annual openings
Year ended: March 1995

            March 1995          42,009         297,206            100.0               _                  7.1
            March 1996          32,306         278,811             76.9             76.9                 8.6
            March 1997          27,504         268,679             65.5             85.1                 9.8
            March 1998          22,961         262,388             54.7             83.5                11.4
            March 1999          21,393         274,916             50.9             93.2                12.9
            March 2000          17,869         280,866             42.5             83.5                15.7
            March 2001          16,093         281,213             38.3             90.1                17.5
            March 2002          14,600         238,388             34.8             90.7                16.3
            March 2003          13,986         230,642             33.3             95.8                16.5
            March 2004          12,946         226,376             30.8             92.6                17.5
            March 2005          11,983         213,809             28.5             92.6                17.8
            March 2006          11,266         212,917             26.8             94.0                18.9
            March 2007          11,083         200,453             26.4             98.4                18.1
            March 2008          10,472         188,056             24.9             94.5                18.0
            March 2009           9,834         164,628             23.4             93.9                16.7
            March 2010           9,205         153,266             21.9             93.6                16.7
            March 2011           8,753         153,389             20.8             95.1                17.5
            March 2012           8,377         146,905             19.9             95.7                17.5
            March 2013           7,918         143,067             18.8             94.5                18.1
            March 2014           7,559         140,369             18.0             95.5                18.6
            March 2015           7,270         139,590             17.3             96.2                19.2
            March 2016           6,944         140,158             16.5             95.5                20.2
            March 2017           6,635         138,176             15.8             95.6                20.8
            March 2018           6,316         134,505             15.0             95.2                21.3
            March 2019           6,041         130,312             14.4             95.6                21.6
            March 2020           5,738         125,692             13.7             95.0                21.9
            March 2021           5,458         112,787             13.0             95.1                20.7
            March 2022           5,191         112,745             12.4             95.1                21.7
            March 2023           4,967         114,637             11.8             95.7                23.1
            March 2024           4,708         110,481             11.2             94.8                23.5
 
Annual openings
Year ended: March 1996

            March 1996          47,424         340,729            100.0               _                  7.2
            March 1997          32,643         286,082             68.8             68.8                 8.8
            March 1998          26,494         272,226             55.9             81.2                10.3
            March 1999          24,764         278,341             52.2             93.5                11.2
            March 2000          20,322         275,247             42.9             82.1                13.5
            March 2001          18,327         269,020             38.6             90.2                14.7
            March 2002          16,566         252,202             34.9             90.4                15.2
            March 2003          15,430         238,420             32.5             93.1                15.5
            March 2004          14,184         234,927             29.9             91.9                16.6
            March 2005          12,857         233,803             27.1             90.6                18.2
            March 2006          12,113         228,871             25.5             94.2                18.9
            March 2007          11,397         214,272             24.0             94.1                18.8
            March 2008          10,855         195,597             22.9             95.2                18.0
            March 2009          11,214         165,869             23.6            103.3                14.8
            March 2010          10,501         156,040             22.1             93.6                14.9
            March 2011           9,769         154,981             20.6             93.0                15.9
            March 2012           9,299         151,545             19.6             95.2                16.3
            March 2013           8,285         147,330             17.5             89.1                17.8
            March 2014           8,143         151,558             17.2             98.3                18.6
            March 2015           7,727         152,955             16.3             94.9                19.8
            March 2016           7,315         153,608             15.4             94.7                21.0
            March 2017           7,233         150,323             15.3             98.9                20.8
            March 2018           6,889         148,273             14.5             95.2                21.5
            March 2019           6,470         146,852             13.6             93.9                22.7
            March 2020           6,162         142,465             13.0             95.2                23.1
            March 2021           5,901         128,094             12.4             95.8                21.7
            March 2022           5,643         130,152             11.9             95.6                23.1
            March 2023           5,252         131,032             11.1             93.1                24.9
            March 2024           5,077         128,289             10.7             96.7                25.3
 
Annual openings
Year ended: March 1997

            March 1997          47,271         362,426            100.0               _                  7.7
            March 1998          35,438         353,613             75.0             75.0                10.0
            March 1999          32,956         350,588             69.7             93.0                10.6
            March 2000          27,384         344,252             57.9             83.1                12.6
            March 2001          21,469         312,467             45.4             78.4                14.6
            March 2002          18,875         281,072             39.9             87.9                14.9
            March 2003          17,229         250,122             36.4             91.3                14.5
            March 2004          15,806         228,193             33.4             91.7                14.4
            March 2005          14,272         223,010             30.2             90.3                15.6
            March 2006          13,972         221,692             29.6             97.9                15.9
            March 2007          13,093         217,666             27.7             93.7                16.6
            March 2008          12,431         204,324             26.3             94.9                16.4
            March 2009          11,115         181,657             23.5             89.4                16.3
            March 2010          10,452         168,953             22.1             94.0                16.2
            March 2011           9,794         162,271             20.7             93.7                16.6
            March 2012           9,408         158,339             19.9             96.1                16.8
            March 2013           8,945         157,746             18.9             95.1                17.6
            March 2014           8,659         158,138             18.3             96.8                18.3
            March 2015           8,274         155,882             17.5             95.6                18.8
            March 2016           7,981         155,996             16.9             96.5                19.5
            March 2017           7,622         154,514             16.1             95.5                20.3
            March 2018           7,277         153,273             15.4             95.5                21.1
            March 2019           6,966         151,417             14.7             95.7                21.7
            March 2020           6,917         148,871             14.6             99.3                21.5
            March 2021           6,456         137,530             13.7             93.3                21.3
            March 2022           6,160         140,324             13.0             95.4                22.8
            March 2023           5,868         141,178             12.4             95.3                24.1
            March 2024           5,561         142,191             11.8             94.8                25.6
 
Annual openings
Year ended: March 1998

            March 1998          39,768         351,346            100.0               _                  8.8
            March 1999          33,341         350,918             83.8             83.8                10.5
            March 2000          26,629         335,496             67.0             79.9                12.6
            March 2001          21,952         319,610             55.2             82.4                14.6
            March 2002          19,279         305,951             48.5             87.8                15.9
            March 2003          17,293         273,444             43.5             89.7                15.8
            March 2004          15,803         263,162             39.7             91.4                16.7
            March 2005          14,720         254,556             37.0             93.1                17.3
            March 2006          13,694         249,398             34.4             93.0                18.2
            March 2007          12,819         245,723             32.2             93.6                19.2
            March 2008          12,243         233,041             30.8             95.5                19.0
            March 2009          10,776         204,571             27.1             88.0                19.0
            March 2010          10,116         190,593             25.4             93.9                18.8
            March 2011           9,533         186,955             24.0             94.2                19.6
            March 2012           9,185         186,704             23.1             96.3                20.3
            March 2013           8,966         184,955             22.5             97.6                20.6
            March 2014           8,602         183,655             21.6             95.9                21.4
            March 2015           8,158         185,346             20.5             94.8                22.7
            March 2016           7,809         186,268             19.6             95.7                23.9
            March 2017           7,794         184,839             19.6             99.8                23.7
            March 2018           7,485         183,015             18.8             96.0                24.5
            March 2019           7,173         180,597             18.0             95.8                25.2
            March 2020           7,007         172,567             17.6             97.7                24.6
            March 2021           6,764         156,192             17.0             96.5                23.1
            March 2022           6,395         158,275             16.1             94.5                24.7
            March 2023           6,065         158,399             15.3             94.8                26.1
            March 2024           5,843         155,191             14.7             96.3                26.6
 
Annual openings
Year ended: March 1999

            March 1999          40,420         402,717            100.0               _                 10.0
            March 2000          32,738         390,264             81.0             81.0                11.9
            March 2001          28,139         343,783             69.6             86.0                12.2
            March 2002          24,733         323,870             61.2             87.9                13.1
            March 2003          22,314         309,923             55.2             90.2                13.9
            March 2004          20,318         287,139             50.3             91.1                14.1
            March 2005          18,589         277,988             46.0             91.5                15.0
            March 2006          17,458         277,877             43.2             93.9                15.9
            March 2007          16,269         266,141             40.2             93.2                16.4
            March 2008          15,199         253,441             37.6             93.4                16.7
            March 2009          13,195         224,994             32.6             86.8                17.1
            March 2010          12,567         213,565             31.1             95.2                17.0
            March 2011          11,800         210,016             29.2             93.9                17.8
            March 2012          11,699         207,874             28.9             99.1                17.8
            March 2013          11,130         205,160             27.5             95.1                18.4
            March 2014          10,703         204,868             26.5             96.2                19.1
            March 2015          10,262         203,450             25.4             95.9                19.8
            March 2016           9,868         203,267             24.4             96.2                20.6
            March 2017           9,494         202,323             23.5             96.2                21.3
            March 2018           9,081         198,885             22.5             95.6                21.9
            March 2019           8,717         193,869             21.6             96.0                22.2
            March 2020           8,128         188,123             20.1             93.2                23.1
            March 2021           7,829         170,833             19.4             96.3                21.8
            March 2022           7,378         171,864             18.3             94.2                23.3
            March 2023           7,022         172,293             17.4             95.2                24.5
            March 2024           6,614         170,767             16.4             94.2                25.8
 
Annual openings
Year ended: March 2000

            March 2000          49,365         359,732            100.0               _                  7.3
            March 2001          41,189         351,520             83.4             83.4                 8.5
            March 2002          34,466         314,454             69.8             83.7                 9.1
            March 2003          30,378         334,506             61.5             88.1                11.0
            March 2004          27,080         301,371             54.9             89.1                11.1
            March 2005          24,437         286,565             49.5             90.2                11.7
            March 2006          22,657         285,232             45.9             92.7                12.6
            March 2007          21,051         269,948             42.6             92.9                12.8
            March 2008          19,595         251,214             39.7             93.1                12.8
            March 2009          17,185         222,782             34.8             87.7                13.0
            March 2010          15,909         209,638             32.2             92.6                13.2
            March 2011          15,255         205,046             30.9             95.9                13.4
            March 2012          14,579         204,561             29.5             95.6                14.0
            March 2013          13,832         203,576             28.0             94.9                14.7
            March 2014          13,272         202,280             26.9             96.0                15.2
            March 2015          12,634         202,579             25.6             95.2                16.0
            March 2016          12,073         205,381             24.5             95.6                17.0
            March 2017          11,351         201,794             23.0             94.0                17.8
            March 2018          10,826         199,746             21.9             95.4                18.5
            March 2019          10,277         198,223             20.8             94.9                19.3
            March 2020           9,939         193,491             20.1             96.7                19.5
            March 2021           9,601         175,183             19.4             96.6                18.2
            March 2022           9,202         181,090             18.6             95.8                19.7
            March 2023           8,790         175,290             17.8             95.5                19.9
            March 2024           8,326         170,188             16.9             94.7                20.4
 
Annual openings
Year ended: March 2001

            March 2001          54,394         414,701            100.0               _                  7.6
            March 2002          40,962         368,325             75.3             75.3                 9.0
            March 2003          34,201         339,966             62.9             83.5                 9.9
            March 2004          29,975         329,263             55.1             87.6                11.0
            March 2005          26,424         336,038             48.6             88.2                12.7
            March 2006          24,164         334,067             44.4             91.4                13.8
            March 2007          22,782         318,317             41.9             94.3                14.0
            March 2008          21,414         282,791             39.4             94.0                13.2
            March 2009          18,990         240,947             34.9             88.7                12.7
            March 2010          17,187         228,345             31.6             90.5                13.3
            March 2011          15,727         227,373             28.9             91.5                14.5
            March 2012          15,598         218,784             28.7             99.2                14.0
            March 2013          14,979         217,919             27.5             96.0                14.5
            March 2014          13,982         215,223             25.7             93.3                15.4
            March 2015          13,125         214,174             24.1             93.9                16.3
            March 2016          12,412         211,653             22.8             94.6                17.1
            March 2017          11,721         206,746             21.5             94.4                17.6
            March 2018          11,052         200,152             20.3             94.3                18.1
            March 2019          10,552         196,228             19.4             95.5                18.6
            March 2020           9,951         188,326             18.3             94.3                18.9
            March 2021           9,533         173,197             17.5             95.8                18.2
            March 2022           8,899         174,543             16.4             93.3                19.6
            March 2023           8,456         175,886             15.5             95.0                20.8
            March 2024           8,046         171,203             14.8             95.2                21.3
 
Annual openings
Year ended: March 2002

            March 2002          50,020         327,935            100.0               _                  6.6
            March 2003          38,092         295,736             76.2             76.2                 7.8
            March 2004          31,997         278,405             64.0             84.0                 8.7
            March 2005          27,849         284,704             55.7             87.0                10.2
            March 2006          25,209         303,555             50.4             90.5                12.0
            March 2007          23,504         287,062             47.0             93.2                12.2
            March 2008          21,125         247,093             42.2             89.9                11.7
            March 2009          18,054         214,147             36.1             85.5                11.9
            March 2010          16,506         197,963             33.0             91.4                12.0
            March 2011          15,469         191,444             30.9             93.7                12.4
            March 2012          14,476         185,394             28.9             93.6                12.8
            March 2013          13,585         182,645             27.2             93.8                13.4
            March 2014          12,953         181,430             25.9             95.3                14.0
            March 2015          12,253         183,782             24.5             94.6                15.0
            March 2016          11,744         179,352             23.5             95.8                15.3
            March 2017          11,156         177,029             22.3             95.0                15.9
            March 2018          10,674         174,518             21.3             95.7                16.3
            March 2019          10,160         171,402             20.3             95.2                16.9
            March 2020           9,731         164,570             19.5             95.8                16.9
            March 2021           9,339         149,390             18.7             96.0                16.0
            March 2022           8,880         150,289             17.8             95.1                16.9
            March 2023           8,492         150,364             17.0             95.6                17.7
            March 2024           8,009         147,349             16.0             94.3                18.4
 
Annual openings
Year ended: March 2003

            March 2003          55,223         353,413            100.0               _                  6.4
            March 2004          42,615         331,788             77.2             77.2                 7.8
            March 2005          35,437         326,825             64.2             83.2                 9.2
            March 2006          31,560         303,455             57.2             89.1                 9.6
            March 2007          27,892         292,110             50.5             88.4                10.5
            March 2008          25,273         257,047             45.8             90.6                10.2
            March 2009          20,867         219,538             37.8             82.6                10.5
            March 2010          18,877         200,931             34.2             90.5                10.6
            March 2011          17,628         196,733             31.9             93.4                11.2
            March 2012          16,557         190,356             30.0             93.9                11.5
            March 2013          15,434         184,110             27.9             93.2                11.9
            March 2014          14,719         184,507             26.7             95.4                12.5
            March 2015          13,796         183,072             25.0             93.7                13.3
            March 2016          13,036         183,882             23.6             94.5                14.1
            March 2017          12,433         181,701             22.5             95.4                14.6
            March 2018          11,784         180,889             21.3             94.8                15.4
            March 2019          11,208         177,147             20.3             95.1                15.8
            March 2020          10,666         172,919             19.3             95.2                16.2
            March 2021          10,215         159,611             18.5             95.8                15.6
            March 2022           9,650         160,898             17.5             94.5                16.7
            March 2023           9,115         160,976             16.5             94.5                17.7
            March 2024           8,554         159,275             15.5             93.8                18.6
 
Annual openings
Year ended: March 2004

            March 2004          60,489         360,489            100.0               _                  6.0
            March 2005          46,380         335,770             76.7             76.7                 7.2
            March 2006          39,962         324,604             66.1             86.2                 8.1
            March 2007          34,511         301,993             57.1             86.4                 8.8
            March 2008          30,345         268,094             50.2             87.9                 8.8
            March 2009          24,506         232,311             40.5             80.8                 9.5
            March 2010          21,934         216,969             36.3             89.5                 9.9
            March 2011          19,957         210,699             33.0             91.0                10.6
            March 2012          18,719         205,438             30.9             93.8                11.0
            March 2013          17,491         202,424             28.9             93.4                11.6
            March 2014          16,499         201,936             27.3             94.3                12.2
            March 2015          15,540         200,072             25.7             94.2                12.9
            March 2016          14,719         197,518             24.3             94.7                13.4
            March 2017          13,940         198,831             23.0             94.7                14.3
            March 2018          13,242         196,804             21.9             95.0                14.9
            March 2019          12,474         195,135             20.6             94.2                15.6
            March 2020          11,818         192,076             19.5             94.7                16.3
            March 2021          11,310         179,636             18.7             95.7                15.9
            March 2022          10,760         183,002             17.8             95.1                17.0
            March 2023          10,154         182,282             16.8             94.4                18.0
            March 2024           9,652         180,165             16.0             95.1                18.7
 
Annual openings
Year ended: March 2005

            March 2005          61,566         336,801            100.0               _                  5.5
            March 2006          48,096         322,583             78.1             78.1                 6.7
            March 2007          39,692         293,462             64.5             82.5                 7.4
            March 2008          33,370         263,925             54.2             84.1                 7.9
            March 2009          26,590         227,233             43.2             79.7                 8.5
            March 2010          23,255         211,943             37.8             87.5                 9.1
            March 2011          21,300         206,666             34.6             91.6                 9.7
            March 2012          19,925         201,983             32.4             93.5                10.1
            March 2013          18,689         199,909             30.4             93.8                10.7
            March 2014          17,532         195,100             28.5             93.8                11.1
            March 2015          16,493         194,798             26.8             94.1                11.8
            March 2016          15,540         194,802             25.2             94.2                12.5
            March 2017          14,587         191,152             23.7             93.9                13.1
            March 2018          13,881         189,550             22.5             95.2                13.7
            March 2019          13,053         186,547             21.2             94.0                14.3
            March 2020          12,376         183,235             20.1             94.8                14.8
            March 2021          11,860         171,606             19.3             95.8                14.5
            March 2022          11,289         173,709             18.3             95.2                15.4
            March 2023          10,646         173,997             17.3             94.3                16.3
            March 2024          10,003         170,946             16.2             94.0                17.1
 
Annual openings
Year ended: March 2006

            March 2006          69,233         346,142            100.0               _                  5.0
            March 2007          51,249         321,526             74.0             74.0                 6.3
            March 2008          41,015         276,511             59.2             80.0                 6.7
            March 2009          31,842         229,609             46.0             77.6                 7.2
            March 2010          27,619         211,533             39.9             86.7                 7.7
            March 2011          24,860         205,232             35.9             90.0                 8.3
            March 2012          22,790         199,834             32.9             91.7                 8.8
            March 2013          21,017         196,683             30.4             92.2                 9.4
            March 2014          19,664         193,474             28.4             93.6                 9.8
            March 2015          18,412         194,199             26.6             93.6                10.5
            March 2016          17,366         192,064             25.1             94.3                11.1
            March 2017          16,393         189,762             23.7             94.4                11.6
            March 2018          15,518         186,827             22.4             94.7                12.0
            March 2019          14,550         183,470             21.0             93.8                12.6
            March 2020          13,693         180,463             19.8             94.1                13.2
            March 2021          13,092         171,683             18.9             95.6                13.1
            March 2022          12,475         176,925             18.0             95.3                14.2
            March 2023          11,667         173,943             16.9             93.5                14.9
            March 2024          10,952         171,923             15.8             93.9                15.7
 
Annual openings
Year ended: March 2007

            March 2007          61,308         311,975            100.0               _                  5.1
            March 2008          44,941         273,908             73.3             73.3                 6.1
            March 2009          33,791         226,667             55.1             75.2                 6.7
            March 2010          28,824         206,412             47.0             85.3                 7.2
            March 2011          25,803         199,105             42.1             89.5                 7.7
            March 2012          23,562         197,138             38.4             91.3                 8.4
            March 2013          21,601         191,062             35.2             91.7                 8.8
            March 2014          20,193         192,304             32.9             93.5                 9.5
            March 2015          18,785         191,806             30.6             93.0                10.2
            March 2016          17,589         190,349             28.7             93.6                10.8
            March 2017          16,429         189,980             26.8             93.4                11.6
            March 2018          15,463         184,756             25.2             94.1                11.9
            March 2019          14,638         180,391             23.9             94.7                12.3
            March 2020          13,802         174,076             22.5             94.3                12.6
            March 2021          13,267         167,083             21.6             96.1                12.6
            March 2022          12,616         169,421             20.6             95.1                13.4
            March 2023          11,895         170,390             19.4             94.3                14.3
            March 2024          11,230         166,755             18.3             94.4                14.8
 
Annual openings
Year ended: March 2008

            March 2008          58,113         337,536            100.0               _                  5.8
            March 2009          38,926         267,528             67.0             67.0                 6.9
            March 2010          32,602         238,098             56.1             83.8                 7.3
            March 2011          28,620         229,019             49.2             87.8                 8.0
            March 2012          25,562         223,161             44.0             89.3                 8.7
            March 2013          22,986         215,479             39.6             89.9                 9.4
            March 2014          21,038         208,581             36.2             91.5                 9.9
            March 2015          19,436         207,358             33.4             92.4                10.7
            March 2016          18,162         207,204             31.3             93.4                11.4
            March 2017          16,938         202,124             29.1             93.3                11.9
            March 2018          15,849         198,980             27.3             93.6                12.6
            March 2019          14,977         195,214             25.8             94.5                13.0
            March 2020          14,006         188,735             24.1             93.5                13.5
            March 2021          13,377         180,350             23.0             95.5                13.5
            March 2022          12,616         181,902             21.7             94.3                14.4
            March 2023          11,746         180,380             20.2             93.1                15.4
            March 2024          11,165         174,521             19.2             95.1                15.6
 
Annual openings
Year ended: March 2009

            March 2009          49,689         278,222            100.0               _                  5.6
            March 2010          37,265         243,768             75.0             75.0                 6.5
            March 2011          31,395         229,704             63.2             84.2                 7.3
            March 2012          27,601         223,943             55.5             87.9                 8.1
            March 2013          24,678         212,291             49.7             89.4                 8.6
            March 2014          22,523         209,757             45.3             91.3                 9.3
            March 2015          20,669         208,655             41.6             91.8                10.1
            March 2016          19,224         204,657             38.7             93.0                10.6
            March 2017          17,841         202,850             35.9             92.8                11.4
            March 2018          16,739         200,299             33.7             93.8                12.0
            March 2019          15,713         195,190             31.6             93.9                12.4
            March 2020          14,660         190,118             29.5             93.3                13.0
            March 2021          13,901         176,954             28.0             94.8                12.7
            March 2022          13,120         179,965             26.4             94.4                13.7
            March 2023          12,014         175,645             24.2             91.6                14.6
            March 2024          11,794         176,162             23.7             98.2                14.9
 
Annual openings
Year ended: March 2010

            March 2010          44,215         225,195            100.0               _                  5.1
            March 2011          33,800         207,019             76.4             76.4                 6.1
            March 2012          29,058         198,004             65.7             86.0                 6.8
            March 2013          25,521         188,368             57.7             87.8                 7.4
            March 2014          22,880         182,679             51.7             89.7                 8.0
            March 2015          20,747         181,009             46.9             90.7                 8.7
            March 2016          19,208         178,405             43.4             92.6                 9.3
            March 2017          17,559         175,050             39.7             91.4                10.0
            March 2018          16,348         170,708             37.0             93.1                10.4
            March 2019          15,187         165,767             34.3             92.9                10.9
            March 2020          14,066         159,068             31.8             92.6                11.3
            March 2021          13,412         148,687             30.3             95.4                11.1
            March 2022          12,617         156,276             28.5             94.1                12.4
            March 2023          11,768         155,633             26.6             93.3                13.2
            March 2024          11,039         151,969             25.0             93.8                13.8
 
Annual openings
Year ended: March 2011

            March 2011          47,001         225,019            100.0               _                  4.8
            March 2012          36,592         214,561             77.9             77.9                 5.9
            March 2013          31,399         205,074             66.8             85.8                 6.5
            March 2014          27,855         201,782             59.3             88.7                 7.2
            March 2015          25,284         200,219             53.8             90.8                 7.9
            March 2016          23,157         201,284             49.3             91.6                 8.7
            March 2017          21,172         198,462             45.0             91.4                 9.4
            March 2018          19,698         197,145             41.9             93.0                10.0
            March 2019          18,509         191,314             39.4             94.0                10.3
            March 2020          17,068         184,293             36.3             92.2                10.8
            March 2021          16,283         176,642             34.6             95.4                10.8
            March 2022          14,755         180,627             31.4             90.6                12.2
            March 2023          14,235         181,617             30.3             96.5                12.8
            March 2024          13,325         177,197             28.4             93.6                13.3
 
Annual openings
Year ended: March 2012

            March 2012          51,553         254,205            100.0               _                  4.9
            March 2013          39,577         235,419             76.8             76.8                 5.9
            March 2014          34,102         227,447             66.1             86.2                 6.7
            March 2015          30,221         223,429             58.6             88.6                 7.4
            March 2016          27,574         223,719             53.5             91.2                 8.1
            March 2017          24,986         221,402             48.5             90.6                 8.9
            March 2018          22,924         216,592             44.5             91.7                 9.4
            March 2019          21,130         210,550             41.0             92.2                10.0
            March 2020          19,424         200,389             37.7             91.9                10.3
            March 2021          18,455         188,659             35.8             95.0                10.2
            March 2022          17,157         190,212             33.3             93.0                11.1
            March 2023          16,043         189,825             31.1             93.5                11.8
            March 2024          15,080         183,824             29.3             94.0                12.2
 
Annual openings
Year ended: March 2013

            March 2013          53,151         267,160            100.0               _                  5.0
            March 2014          41,658         261,290             78.4             78.4                 6.3
            March 2015          36,086         257,464             67.9             86.6                 7.1
            March 2016          32,311         252,023             60.8             89.5                 7.8
            March 2017          28,839         249,344             54.3             89.3                 8.6
            March 2018          26,273         240,717             49.4             91.1                 9.2
            March 2019          24,474         238,024             46.0             93.2                 9.7
            March 2020          22,369         227,276             42.1             91.4                10.2
            March 2021          21,087         211,716             39.7             94.3                10.0
            March 2022          19,663         219,206             37.0             93.2                11.1
            March 2023          18,350         217,580             34.5             93.3                11.9
            March 2024          16,975         206,581             31.9             92.5                12.2
 
Annual openings
Year ended: March 2014

            March 2014          54,119         264,302            100.0               _                  4.9
            March 2015          42,719         257,748             78.9             78.9                 6.0
            March 2016          37,138         250,745             68.6             86.9                 6.8
            March 2017          32,939         246,132             60.9             88.7                 7.5
            March 2018          29,960         243,537             55.4             91.0                 8.1
            March 2019          27,028         237,920             49.9             90.2                 8.8
            March 2020          24,772         229,951             45.8             91.7                 9.3
            March 2021          23,381         217,748             43.2             94.4                 9.3
            March 2022          21,713         219,797             40.1             92.9                10.1
            March 2023          20,322         215,213             37.6             93.6                10.6
            March 2024          18,764         206,161             34.7             92.3                11.0
 
Annual openings
Year ended: March 2015

            March 2015          56,521         280,541            100.0               _                  5.0
            March 2016          45,170         276,378             79.9             79.9                 6.1
            March 2017          38,697         271,348             68.5             85.7                 7.0
            March 2018          34,495         265,873             61.0             89.1                 7.7
            March 2019          31,085         254,458             55.0             90.1                 8.2
            March 2020          28,054         247,087             49.6             90.2                 8.8
            March 2021          26,405         243,746             46.7             94.1                 9.2
            March 2022          24,486         257,344             43.3             92.7                10.5
            March 2023          22,556         244,922             39.9             92.1                10.9
            March 2024          20,804         239,300             36.8             92.2                11.5
 
Annual openings
Year ended: March 2016

            March 2016          60,502         283,544            100.0               _                  4.7
            March 2017          47,325         279,306             78.2             78.2                 5.9
            March 2018          41,034         271,513             67.8             86.7                 6.6
            March 2019          36,312         266,395             60.0             88.5                 7.3
            March 2020          32,331         255,266             53.4             89.0                 7.9
            March 2021          29,872         246,145             49.4             92.4                 8.2
            March 2022          27,629         249,414             45.7             92.5                 9.0
            March 2023          25,541         247,650             42.2             92.4                 9.7
            March 2024          23,507         243,418             38.9             92.0                10.4
 
Annual openings
Year ended: March 2017

            March 2017          59,290         276,135            100.0               _                  4.7
            March 2018          46,610         267,576             78.6             78.6                 5.7
            March 2019          40,091         259,813             67.6             86.0                 6.5
            March 2020          35,124         250,027             59.2             87.6                 7.1
            March 2021          32,516         242,570             54.8             92.6                 7.5
            March 2022          29,722         247,943             50.1             91.4                 8.3
            March 2023          27,010         241,419             45.6             90.9                 8.9
            March 2024          24,704         232,807             41.7             91.5                 9.4
 
Annual openings
Year ended: March 2018

            March 2018          58,888         267,049            100.0               _                  4.5
            March 2019          45,764         261,350             77.7             77.7                 5.7
            March 2020          39,393         251,595             66.9             86.1                 6.4
            March 2021          36,177         247,191             61.4             91.8                 6.8
            March 2022          32,707         249,046             55.5             90.4                 7.6
            March 2023          29,801         243,538             50.6             91.1                 8.2
            March 2024          26,975         236,061             45.8             90.5                 8.8
 
Annual openings
Year ended: March 2019

            March 2019          64,120         281,035            100.0               _                  4.4
            March 2020          49,052         261,782             76.5             76.5                 5.3
            March 2021          44,021         255,017             68.7             89.7                 5.8
            March 2022          39,566         263,048             61.7             89.9                 6.6
            March 2023          34,949         260,638             54.5             88.3                 7.5
            March 2024          32,134         249,097             50.1             91.9                 7.8
 
Annual openings
Year ended: March 2020

            March 2020          64,451         278,345            100.0               _                  4.3
            March 2021          51,775         268,173             80.3             80.3                 5.2
            March 2022          45,700         280,173             70.9             88.3                 6.1
            March 2023          39,606         277,056             61.5             86.7                 7.0
            March 2024          35,744         265,641             55.5             90.2                 7.4
 
Annual openings
Year ended: March 2021

            March 2021          75,380         282,396            100.0               _                  3.7
            March 2022          57,705         290,418             76.6             76.6                 5.0
            March 2023          49,406         289,670             65.5             85.6                 5.9
            March 2024          43,012         281,997             57.1             87.1                 6.6
 
Annual openings
Year ended: March 2022

            March 2022          95,392         359,970            100.0               _                  3.8
            March 2023          71,033         351,071             74.5             74.5                 4.9
            March 2024          59,769         340,988             62.7             84.1                 5.7
 
Annual openings
Year ended: March 2023

            March 2023          88,188         343,918            100.0               _                  3.9
            March 2024          67,863         324,892             77.0             77.0                 4.8
 
Annual openings
Year ended: March 2024

            March 2024          86,692         334,359            100.0               _                  3.9
 
NOTE: A '_' indicates that the data are not available and a 'N' indicates that the data do not meet BLS disclosure standards.
