Table 7. Survival of private sector establishments by opening year

Total Private

Georgia

                          Surviving       Total Employment   Survival Rates   Survival Rates of   Average Employment
                          Establishments  of Survivors       Since Birth      Previous Year's     of Survivors
                                                                              Survivors

Annual openings
Year ended: March 1994

            March 1994          17,499         133,375            100.0               _                  7.6
            March 1995          13,949         136,710             79.7             79.7                 9.8
            March 1996          12,167         140,064             69.5             87.2                11.5
            March 1997          10,704         135,480             61.2             88.0                12.7
            March 1998           9,423         130,302             53.8             88.0                13.8
            March 1999           8,603         126,740             49.2             91.3                14.7
            March 2000           7,903         122,043             45.2             91.9                15.4
            March 2001           7,142         114,825             40.8             90.4                16.1
            March 2002           6,734         105,333             38.5             94.3                15.6
            March 2003           6,243          99,114             35.7             92.7                15.9
            March 2004           5,865          95,930             33.5             93.9                16.4
            March 2005           5,402          90,355             30.9             92.1                16.7
            March 2006           5,003          87,522             28.6             92.6                17.5
            March 2007           4,633          85,768             26.5             92.6                18.5
            March 2008           4,397          81,914             25.1             94.9                18.6
            March 2009           4,058          74,412             23.2             92.3                18.3
            March 2010           3,802          70,654             21.7             93.7                18.6
            March 2011           3,564          69,271             20.4             93.7                19.4
            March 2012           3,364          69,601             19.2             94.4                20.7
            March 2013           3,202          67,660             18.3             95.2                21.1
            March 2014           3,078          68,335             17.6             96.1                22.2
            March 2015           3,006          70,038             17.2             97.7                23.3
            March 2016           2,864          69,456             16.4             95.3                24.3
            March 2017           2,719          69,481             15.5             94.9                25.6
            March 2018           2,615          66,946             14.9             96.2                25.6
            March 2019           2,478          66,299             14.2             94.8                26.8
            March 2020           2,356          66,146             13.5             95.1                28.1
            March 2021           2,218          60,975             12.7             94.1                27.5
            March 2022           2,122          58,758             12.1             95.7                27.7
            March 2023           1,993          58,072             11.4             93.9                29.1
            March 2024           1,890          54,649             10.8             94.8                28.9
 
Annual openings
Year ended: March 1995

            March 1995          17,385         128,832            100.0               _                  7.4
            March 1996          14,140         135,581             81.3             81.3                 9.6
            March 1997          12,173         133,016             70.0             86.1                10.9
            March 1998          10,550         128,716             60.7             86.7                12.2
            March 1999           9,506         128,396             54.7             90.1                13.5
            March 2000           8,533         124,792             49.1             89.8                14.6
            March 2001           7,677         117,304             44.2             90.0                15.3
            March 2002           7,024         105,294             40.4             91.5                15.0
            March 2003           6,511          98,843             37.5             92.7                15.2
            March 2004           6,164          93,266             35.5             94.7                15.1
            March 2005           5,635          90,205             32.4             91.4                16.0
            March 2006           5,279          87,982             30.4             93.7                16.7
            March 2007           5,032          85,848             28.9             95.3                17.1
            March 2008           4,772          80,252             27.4             94.8                16.8
            March 2009           4,317          70,408             24.8             90.5                16.3
            March 2010           4,079          66,633             23.5             94.5                16.3
            March 2011           3,820          65,013             22.0             93.7                17.0
            March 2012           3,608          64,531             20.8             94.5                17.9
            March 2013           3,469          66,497             20.0             96.1                19.2
            March 2014           3,340          68,897             19.2             96.3                20.6
            March 2015           3,270          67,984             18.8             97.9                20.8
            March 2016           3,156          68,213             18.2             96.5                21.6
            March 2017           3,004          66,260             17.3             95.2                22.1
            March 2018           2,880          67,989             16.6             95.9                23.6
            March 2019           2,700          69,950             15.5             93.8                25.9
            March 2020           2,580          68,035             14.8             95.6                26.4
            March 2021           2,415          59,506             13.9             93.6                24.6
            March 2022           2,324          61,162             13.4             96.2                26.3
            March 2023           2,194          58,682             12.6             94.4                26.7
            March 2024           2,044          56,158             11.8             93.2                27.5
 
Annual openings
Year ended: March 1996

            March 1996          18,114         148,938            100.0               _                  8.2
            March 1997          14,594         153,503             80.6             80.6                10.5
            March 1998          12,306         147,467             67.9             84.3                12.0
            March 1999          10,924         140,564             60.3             88.8                12.9
            March 2000           9,805         138,785             54.1             89.8                14.2
            March 2001           8,651         133,258             47.8             88.2                15.4
            March 2002           7,871         121,261             43.5             91.0                15.4
            March 2003           7,308         115,446             40.3             92.8                15.8
            March 2004           6,733         113,562             37.2             92.1                16.9
            March 2005           6,082         114,074             33.6             90.3                18.8
            March 2006           5,644         114,007             31.2             92.8                20.2
            March 2007           5,305         113,385             29.3             94.0                21.4
            March 2008           5,055         109,183             27.9             95.3                21.6
            March 2009           4,633          97,221             25.6             91.7                21.0
            March 2010           4,289          91,855             23.7             92.6                21.4
            March 2011           4,041          93,576             22.3             94.2                23.2
            March 2012           3,829          91,978             21.1             94.8                24.0
            March 2013           3,648          89,397             20.1             95.3                24.5
            March 2014           3,592          88,409             19.8             98.5                24.6
            March 2015           3,457          88,231             19.1             96.2                25.5
            March 2016           3,363          90,403             18.6             97.3                26.9
            March 2017           3,223          89,436             17.8             95.8                27.7
            March 2018           3,035          84,796             16.8             94.2                27.9
            March 2019           2,885          83,816             15.9             95.1                29.1
            March 2020           2,750          80,202             15.2             95.3                29.2
            March 2021           2,626          76,099             14.5             95.5                29.0
            March 2022           2,514          76,353             13.9             95.7                30.4
            March 2023           2,322          76,060             12.8             92.4                32.8
            March 2024           2,241          73,388             12.4             96.5                32.7
 
Annual openings
Year ended: March 1997

            March 1997          18,461         142,856            100.0               _                  7.7
            March 1998          14,300         147,813             77.5             77.5                10.3
            March 1999          12,599         142,329             68.2             88.1                11.3
            March 2000          11,210         142,799             60.7             89.0                12.7
            March 2001           9,749         133,807             52.8             87.0                13.7
            March 2002           8,754         119,783             47.4             89.8                13.7
            March 2003           7,958         110,045             43.1             90.9                13.8
            March 2004           7,326         108,357             39.7             92.1                14.8
            March 2005           6,667         105,115             36.1             91.0                15.8
            March 2006           6,260         103,599             33.9             93.9                16.5
            March 2007           5,911          96,358             32.0             94.4                16.3
            March 2008           5,588          92,502             30.3             94.5                16.6
            March 2009           5,073          82,560             27.5             90.8                16.3
            March 2010           4,695          78,936             25.4             92.5                16.8
            March 2011           4,409          80,953             23.9             93.9                18.4
            March 2012           4,145          79,715             22.5             94.0                19.2
            March 2013           3,979          80,582             21.6             96.0                20.3
            March 2014           3,827          81,217             20.7             96.2                21.2
            March 2015           3,736          82,045             20.2             97.6                22.0
            March 2016           3,646          80,318             19.7             97.6                22.0
            March 2017           3,405          78,951             18.4             93.4                23.2
            March 2018           3,240          74,995             17.6             95.2                23.1
            March 2019           3,051          72,132             16.5             94.2                23.6
            March 2020           2,872          69,555             15.6             94.1                24.2
            March 2021           2,729          65,335             14.8             95.0                23.9
            March 2022           2,636          65,585             14.3             96.6                24.9
            March 2023           2,500          65,197             13.5             94.8                26.1
            March 2024           2,385          64,573             12.9             95.4                27.1
 
Annual openings
Year ended: March 1998

            March 1998          20,697         181,616            100.0               _                  8.8
            March 1999          16,826         177,245             81.3             81.3                10.5
            March 2000          14,785         175,829             71.4             87.9                11.9
            March 2001          12,624         162,112             61.0             85.4                12.8
            March 2002          11,158         146,706             53.9             88.4                13.1
            March 2003          10,188         138,672             49.2             91.3                13.6
            March 2004           9,473         133,879             45.8             93.0                14.1
            March 2005           8,573         129,471             41.4             90.5                15.1
            March 2006           8,042         127,347             38.9             93.8                15.8
            March 2007           7,518         125,669             36.3             93.5                16.7
            March 2008           7,064         120,971             34.1             94.0                17.1
            March 2009           6,465         107,945             31.2             91.5                16.7
            March 2010           6,026         101,209             29.1             93.2                16.8
            March 2011           5,685         100,530             27.5             94.3                17.7
            March 2012           5,306          97,674             25.6             93.3                18.4
            March 2013           5,161          98,834             24.9             97.3                19.2
            March 2014           4,919          98,414             23.8             95.3                20.0
            March 2015           4,851          99,089             23.4             98.6                20.4
            March 2016           4,676          99,549             22.6             96.4                21.3
            March 2017           4,358          99,888             21.1             93.2                22.9
            March 2018           4,173          97,816             20.2             95.8                23.4
            March 2019           3,942          96,455             19.0             94.5                24.5
            March 2020           3,730          93,224             18.0             94.6                25.0
            March 2021           3,569          88,065             17.2             95.7                24.7
            March 2022           3,442          84,993             16.6             96.4                24.7
            March 2023           3,254          86,710             15.7             94.5                26.6
            March 2024           3,068          84,507             14.8             94.3                27.5
 
Annual openings
Year ended: March 1999

            March 1999          21,217         175,367            100.0               _                  8.3
            March 2000          16,954         173,524             79.9             79.9                10.2
            March 2001          14,489         165,669             68.3             85.5                11.4
            March 2002          12,524         151,035             59.0             86.4                12.1
            March 2003          11,317         140,420             53.3             90.4                12.4
            March 2004          10,283         137,563             48.5             90.9                13.4
            March 2005           9,233         132,060             43.5             89.8                14.3
            March 2006           8,600         130,180             40.5             93.1                15.1
            March 2007           8,144         127,449             38.4             94.7                15.6
            March 2008           7,760         123,550             36.6             95.3                15.9
            March 2009           7,037         110,655             33.2             90.7                15.7
            March 2010           6,540         102,943             30.8             92.9                15.7
            March 2011           6,063         102,391             28.6             92.7                16.9
            March 2012           5,740         100,471             27.1             94.7                17.5
            March 2013           5,454         101,143             25.7             95.0                18.5
            March 2014           5,179          97,582             24.4             95.0                18.8
            March 2015           4,994          96,607             23.5             96.4                19.3
            March 2016           4,871          95,971             23.0             97.5                19.7
            March 2017           4,569          95,780             21.5             93.8                21.0
            March 2018           4,392          91,314             20.7             96.1                20.8
            March 2019           4,116          88,373             19.4             93.7                21.5
            March 2020           3,890          84,701             18.3             94.5                21.8
            March 2021           3,767          81,036             17.8             96.8                21.5
            March 2022           3,564          82,730             16.8             94.6                23.2
            March 2023           3,364          85,325             15.9             94.4                25.4
            March 2024           3,270          84,245             15.4             97.2                25.8
 
Annual openings
Year ended: March 2000

            March 2000          20,902         184,629            100.0               _                  8.8
            March 2001          16,896         177,895             80.8             80.8                10.5
            March 2002          13,882         153,157             66.4             82.2                11.0
            March 2003          12,296         142,705             58.8             88.6                11.6
            March 2004          11,168         140,212             53.4             90.8                12.6
            March 2005          10,429         137,530             49.9             93.4                13.2
            March 2006           9,673         140,437             46.3             92.8                14.5
            March 2007           9,018         137,482             43.1             93.2                15.2
            March 2008           8,384         127,095             40.1             93.0                15.2
            March 2009           7,685         113,222             36.8             91.7                14.7
            March 2010           7,103         105,542             34.0             92.4                14.9
            March 2011           6,695         103,908             32.0             94.3                15.5
            March 2012           6,350         101,819             30.4             94.8                16.0
            March 2013           6,071         101,607             29.0             95.6                16.7
            March 2014           5,794         100,735             27.7             95.4                17.4
            March 2015           5,585          99,880             26.7             96.4                17.9
            March 2016           5,380          99,409             25.7             96.3                18.5
            March 2017           5,077          97,649             24.3             94.4                19.2
            March 2018           4,856          95,140             23.2             95.6                19.6
            March 2019           4,594          92,120             22.0             94.6                20.1
            March 2020           4,335          88,177             20.7             94.4                20.3
            March 2021           4,158          81,438             19.9             95.9                19.6
            March 2022           3,982          81,228             19.1             95.8                20.4
            March 2023           3,772          79,828             18.0             94.7                21.2
            March 2024           3,594          78,656             17.2             95.3                21.9
 
Annual openings
Year ended: March 2001

            March 2001          21,929         173,003            100.0               _                  7.9
            March 2002          16,406         155,615             74.8             74.8                 9.5
            March 2003          14,018         144,362             63.9             85.4                10.3
            March 2004          12,620         141,212             57.5             90.0                11.2
            March 2005          11,391         140,201             51.9             90.3                12.3
            March 2006          10,527         141,797             48.0             92.4                13.5
            March 2007           9,684         141,648             44.2             92.0                14.6
            March 2008           8,996         132,587             41.0             92.9                14.7
            March 2009           8,149         120,517             37.2             90.6                14.8
            March 2010           7,589         115,661             34.6             93.1                15.2
            March 2011           7,053         115,175             32.2             92.9                16.3
            March 2012           6,601         113,834             30.1             93.6                17.2
            March 2013           6,313         112,747             28.8             95.6                17.9
            March 2014           6,258         113,017             28.5             99.1                18.1
            March 2015           6,158         113,913             28.1             98.4                18.5
            March 2016           5,916         113,228             27.0             96.1                19.1
            March 2017           5,506         113,850             25.1             93.1                20.7
            March 2018           5,189         112,976             23.7             94.2                21.8
            March 2019           4,894         110,950             22.3             94.3                22.7
            March 2020           4,657         109,938             21.2             95.2                23.6
            March 2021           4,417         102,188             20.1             94.8                23.1
            March 2022           4,232         102,759             19.3             95.8                24.3
            March 2023           4,026         100,763             18.4             95.1                25.0
            March 2024           3,849          96,472             17.6             95.6                25.1
 
Annual openings
Year ended: March 2002

            March 2002          22,491         164,550            100.0               _                  7.3
            March 2003          17,438         152,446             77.5             77.5                 8.7
            March 2004          15,276         148,818             67.9             87.6                 9.7
            March 2005          13,442         148,316             59.8             88.0                11.0
            March 2006          12,177         145,107             54.1             90.6                11.9
            March 2007          11,394         143,018             50.7             93.6                12.6
            March 2008          10,543         135,038             46.9             92.5                12.8
            March 2009           9,479         119,541             42.1             89.9                12.6
            March 2010           8,806         112,684             39.2             92.9                12.8
            March 2011           8,162         111,619             36.3             92.7                13.7
            March 2012           7,792         109,218             34.6             95.5                14.0
            March 2013           7,414         107,763             33.0             95.1                14.5
            March 2014           7,104         107,570             31.6             95.8                15.1
            March 2015           6,812         110,287             30.3             95.9                16.2
            March 2016           6,609         111,045             29.4             97.0                16.8
            March 2017           6,128         106,729             27.2             92.7                17.4
            March 2018           5,999         104,860             26.7             97.9                17.5
            March 2019           5,616         103,742             25.0             93.6                18.5
            March 2020           5,304          99,794             23.6             94.4                18.8
            March 2021           5,097          93,316             22.7             96.1                18.3
            March 2022           4,861          95,262             21.6             95.4                19.6
            March 2023           4,637          94,920             20.6             95.4                20.5
            March 2024           4,459          93,636             19.8             96.2                21.0
 
Annual openings
Year ended: March 2003

            March 2003          20,352         131,265            100.0               _                  6.4
            March 2004          16,028         126,746             78.8             78.8                 7.9
            March 2005          13,542         123,879             66.5             84.5                 9.1
            March 2006          12,374         126,400             60.8             91.4                10.2
            March 2007          11,269         124,945             55.4             91.1                11.1
            March 2008          10,376         117,703             51.0             92.1                11.3
            March 2009           9,244         107,208             45.4             89.1                11.6
            March 2010           8,355          99,816             41.1             90.4                11.9
            March 2011           7,695          98,979             37.8             92.1                12.9
            March 2012           7,180          97,822             35.3             93.3                13.6
            March 2013           6,880          97,454             33.8             95.8                14.2
            March 2014           6,526          98,948             32.1             94.9                15.2
            March 2015           6,284         100,174             30.9             96.3                15.9
            March 2016           5,974          98,621             29.4             95.1                16.5
            March 2017           5,647         100,737             27.7             94.5                17.8
            March 2018           5,263          98,011             25.9             93.2                18.6
            March 2019           5,071          97,367             24.9             96.4                19.2
            March 2020           4,826          96,539             23.7             95.2                20.0
            March 2021           4,587          88,083             22.5             95.0                19.2
            March 2022           4,386          88,309             21.6             95.6                20.1
            March 2023           4,126          82,344             20.3             94.1                20.0
            March 2024           3,879          79,087             19.1             94.0                20.4
 
Annual openings
Year ended: March 2004

            March 2004          19,032         119,331            100.0               _                  6.3
            March 2005          14,424         116,826             75.8             75.8                 8.1
            March 2006          12,763         118,056             67.1             88.5                 9.2
            March 2007          11,471         115,059             60.3             89.9                10.0
            March 2008          10,341         107,440             54.3             90.1                10.4
            March 2009           9,032          94,129             47.5             87.3                10.4
            March 2010           8,242          88,242             43.3             91.3                10.7
            March 2011           7,502          86,024             39.4             91.0                11.5
            March 2012           6,969          84,981             36.6             92.9                12.2
            March 2013           6,568          84,989             34.5             94.2                12.9
            March 2014           6,173          84,011             32.4             94.0                13.6
            March 2015           5,949          85,204             31.3             96.4                14.3
            March 2016           5,670          84,351             29.8             95.3                14.9
            March 2017           5,240          82,184             27.5             92.4                15.7
            March 2018           4,934          82,247             25.9             94.2                16.7
            March 2019           4,680          79,044             24.6             94.9                16.9
            March 2020           4,382          75,649             23.0             93.6                17.3
            March 2021           4,240          71,970             22.3             96.8                17.0
            March 2022           4,008          73,416             21.1             94.5                18.3
            March 2023           3,846          72,604             20.2             96.0                18.9
            March 2024           3,530          70,448             18.5             91.8                20.0
 
Annual openings
Year ended: March 2005

            March 2005          21,134         132,886            100.0               _                  6.3
            March 2006          16,897         137,234             80.0             80.0                 8.1
            March 2007          14,909         135,823             70.5             88.2                 9.1
            March 2008          13,284         129,883             62.9             89.1                 9.8
            March 2009          11,367         114,111             53.8             85.6                10.0
            March 2010          10,197         105,880             48.2             89.7                10.4
            March 2011           9,391         105,567             44.4             92.1                11.2
            March 2012           8,609         102,575             40.7             91.7                11.9
            March 2013           8,068         101,362             38.2             93.7                12.6
            March 2014           7,649         101,012             36.2             94.8                13.2
            March 2015           7,351         101,191             34.8             96.1                13.8
            March 2016           7,000         101,242             33.1             95.2                14.5
            March 2017           6,497         100,216             30.7             92.8                15.4
            March 2018           6,107          99,820             28.9             94.0                16.3
            March 2019           5,768          98,838             27.3             94.4                17.1
            March 2020           5,406          97,007             25.6             93.7                17.9
            March 2021           5,169          91,146             24.5             95.6                17.6
            March 2022           5,037          90,263             23.8             97.4                17.9
            March 2023           4,763          88,459             22.5             94.6                18.6
            March 2024           4,544          88,216             21.5             95.4                19.4
 
Annual openings
Year ended: March 2006

            March 2006          21,049         122,389            100.0               _                  5.8
            March 2007          16,549         121,148             78.6             78.6                 7.3
            March 2008          14,319         114,990             68.0             86.5                 8.0
            March 2009          12,098          99,664             57.5             84.5                 8.2
            March 2010          10,553          93,672             50.1             87.2                 8.9
            March 2011           9,604          93,559             45.6             91.0                 9.7
            March 2012           8,875          91,356             42.2             92.4                10.3
            March 2013           8,237          91,153             39.1             92.8                11.1
            March 2014           7,742          91,976             36.8             94.0                11.9
            March 2015           7,436          91,976             35.3             96.0                12.4
            March 2016           6,979          91,066             33.2             93.9                13.0
            March 2017           6,495          88,495             30.9             93.1                13.6
            March 2018           6,102          87,283             29.0             93.9                14.3
            March 2019           5,680          84,944             27.0             93.1                15.0
            March 2020           5,329          81,538             25.3             93.8                15.3
            March 2021           5,030          75,865             23.9             94.4                15.1
            March 2022           4,804          77,784             22.8             95.5                16.2
            March 2023           4,509          79,041             21.4             93.9                17.5
            March 2024           4,266          78,833             20.3             94.6                18.5
 
Annual openings
Year ended: March 2007

            March 2007          21,285         119,097            100.0               _                  5.6
            March 2008          16,439         113,260             77.2             77.2                 6.9
            March 2009          13,625         102,071             64.0             82.9                 7.5
            March 2010          11,837          96,573             55.6             86.9                 8.2
            March 2011          10,651          95,758             50.0             90.0                 9.0
            March 2012           9,735          95,612             45.7             91.4                 9.8
            March 2013           9,031          94,868             42.4             92.8                10.5
            March 2014           8,431          95,953             39.6             93.4                11.4
            March 2015           7,960          96,005             37.4             94.4                12.1
            March 2016           7,604          96,260             35.7             95.5                12.7
            March 2017           6,971          94,083             32.8             91.7                13.5
            March 2018           6,490          93,313             30.5             93.1                14.4
            March 2019           6,064          92,648             28.5             93.4                15.3
            March 2020           5,662          87,431             26.6             93.4                15.4
            March 2021           5,379          85,074             25.3             95.0                15.8
            March 2022           5,138          86,249             24.1             95.5                16.8
            March 2023           4,855          83,175             22.8             94.5                17.1
            March 2024           4,565          78,815             21.4             94.0                17.3
 
Annual openings
Year ended: March 2008

            March 2008          20,761         118,264            100.0               _                  5.7
            March 2009          15,383         103,204             74.1             74.1                 6.7
            March 2010          12,996          94,852             62.6             84.5                 7.3
            March 2011          11,625          94,021             56.0             89.5                 8.1
            March 2012          10,605          93,580             51.1             91.2                 8.8
            March 2013           9,799          92,692             47.2             92.4                 9.5
            March 2014           9,110          94,039             43.9             93.0                10.3
            March 2015           8,568          94,982             41.3             94.1                11.1
            March 2016           8,124          95,164             39.1             94.8                11.7
            March 2017           7,465          92,035             36.0             91.9                12.3
            March 2018           7,004          91,601             33.7             93.8                13.1
            March 2019           6,543          88,712             31.5             93.4                13.6
            March 2020           6,038          86,354             29.1             92.3                14.3
            March 2021           5,741          82,899             27.7             95.1                14.4
            March 2022           5,423          84,939             26.1             94.5                15.7
            March 2023           5,074          84,005             24.4             93.6                16.6
            March 2024           4,833          82,333             23.3             95.3                17.0
 
Annual openings
Year ended: March 2009

            March 2009          17,189         102,371            100.0               _                  6.0
            March 2010          13,061          93,594             76.0             76.0                 7.2
            March 2011          11,251          90,537             65.5             86.1                 8.0
            March 2012          10,107          88,758             58.8             89.8                 8.8
            March 2013           9,203          87,840             53.5             91.1                 9.5
            March 2014           8,516          88,544             49.5             92.5                10.4
            March 2015           8,001          89,338             46.5             94.0                11.2
            March 2016           7,418          89,315             43.2             92.7                12.0
            March 2017           6,821          88,445             39.7             92.0                13.0
            March 2018           6,333          86,719             36.8             92.8                13.7
            March 2019           6,007          83,199             34.9             94.9                13.9
            March 2020           5,583          81,386             32.5             92.9                14.6
            March 2021           5,248          75,856             30.5             94.0                14.5
            March 2022           5,111          77,994             29.7             97.4                15.3
            March 2023           4,779          76,739             27.8             93.5                16.1
            March 2024           4,502          75,698             26.2             94.2                16.8
 
Annual openings
Year ended: March 2010

            March 2010          15,310          81,270            100.0               _                  5.3
            March 2011          11,825          79,703             77.2             77.2                 6.7
            March 2012          10,220          80,442             66.8             86.4                 7.9
            March 2013           9,211          81,425             60.2             90.1                 8.8
            March 2014           8,386          81,331             54.8             91.0                 9.7
            March 2015           7,717          81,366             50.4             92.0                10.5
            March 2016           7,121          81,312             46.5             92.3                11.4
            March 2017           6,444          77,199             42.1             90.5                12.0
            March 2018           5,934          76,313             38.8             92.1                12.9
            March 2019           5,463          74,439             35.7             92.1                13.6
            March 2020           4,976          71,415             32.5             91.1                14.4
            March 2021           4,677          65,498             30.5             94.0                14.0
            March 2022           4,443          66,140             29.0             95.0                14.9
            March 2023           4,159          66,290             27.2             93.6                15.9
            March 2024           3,965          63,615             25.9             95.3                16.0
 
Annual openings
Year ended: March 2011

            March 2011          16,339          82,907            100.0               _                  5.1
            March 2012          12,848          80,315             78.6             78.6                 6.3
            March 2013          11,151          81,184             68.2             86.8                 7.3
            March 2014          10,017          80,255             61.3             89.8                 8.0
            March 2015           9,162          81,017             56.1             91.5                 8.8
            March 2016           8,410          82,032             51.5             91.8                 9.8
            March 2017           7,696          81,068             47.1             91.5                10.5
            March 2018           7,118          79,720             43.6             92.5                11.2
            March 2019           6,506          79,815             39.8             91.4                12.3
            March 2020           5,971          77,237             36.5             91.8                12.9
            March 2021           5,595          74,433             34.2             93.7                13.3
            March 2022           5,354          75,232             32.8             95.7                14.1
            March 2023           4,973          74,735             30.4             92.9                15.0
            March 2024           4,701          71,586             28.8             94.5                15.2
 
Annual openings
Year ended: March 2012

            March 2012          17,216          89,152            100.0               _                  5.2
            March 2013          13,566          85,885             78.8             78.8                 6.3
            March 2014          11,971          88,399             69.5             88.2                 7.4
            March 2015          10,865          88,853             63.1             90.8                 8.2
            March 2016           9,885          88,689             57.4             91.0                 9.0
            March 2017           8,862          88,988             51.5             89.7                10.0
            March 2018           8,148          88,873             47.3             91.9                10.9
            March 2019           7,429          85,533             43.2             91.2                11.5
            March 2020           6,736          82,665             39.1             90.7                12.3
            March 2021           6,398          77,839             37.2             95.0                12.2
            March 2022           6,164          77,871             35.8             96.3                12.6
            March 2023           5,733          76,023             33.3             93.0                13.3
            March 2024           5,415          73,702             31.5             94.5                13.6
 
Annual openings
Year ended: March 2013

            March 2013          17,182          85,850            100.0               _                  5.0
            March 2014          13,713          89,533             79.8             79.8                 6.5
            March 2015          11,931          89,388             69.4             87.0                 7.5
            March 2016          10,729          91,303             62.4             89.9                 8.5
            March 2017           9,516          89,810             55.4             88.7                 9.4
            March 2018           8,536          85,201             49.7             89.7                10.0
            March 2019           7,848          83,664             45.7             91.9                10.7
            March 2020           7,117          76,695             41.4             90.7                10.8
            March 2021           6,695          72,414             39.0             94.1                10.8
            March 2022           6,374          76,869             37.1             95.2                12.1
            March 2023           5,957          77,289             34.7             93.5                13.0
            March 2024           5,506          74,709             32.0             92.4                13.6
 
Annual openings
Year ended: March 2014

            March 2014          17,805          91,802            100.0               _                  5.2
            March 2015          14,043          95,380             78.9             78.9                 6.8
            March 2016          12,361          93,394             69.4             88.0                 7.6
            March 2017          10,791          91,342             60.6             87.3                 8.5
            March 2018           9,775          93,711             54.9             90.6                 9.6
            March 2019           8,878          93,640             49.9             90.8                10.5
            March 2020           7,937          90,736             44.6             89.4                11.4
            March 2021           7,464          86,556             41.9             94.0                11.6
            March 2022           7,060          89,788             39.7             94.6                12.7
            March 2023           6,503          87,323             36.5             92.1                13.4
            March 2024           5,996          82,332             33.7             92.2                13.7
 
Annual openings
Year ended: March 2015

            March 2015          19,530          98,530            100.0               _                  5.0
            March 2016          15,318         102,264             78.4             78.4                 6.7
            March 2017          12,864         106,058             65.9             84.0                 8.2
            March 2018          11,254         107,626             57.6             87.5                 9.6
            March 2019          10,062         110,181             51.5             89.4                11.0
            March 2020           8,947         106,304             45.8             88.9                11.9
            March 2021           8,322         105,642             42.6             93.0                12.7
            March 2022           7,894         134,475             40.4             94.9                17.0
            March 2023           7,237         126,846             37.1             91.7                17.5
            March 2024           6,734         121,985             34.5             93.0                18.1
 
Annual openings
Year ended: March 2016

            March 2016          21,559         109,134            100.0               _                  5.1
            March 2017          15,830         105,545             73.4             73.4                 6.7
            March 2018          13,511         104,424             62.7             85.4                 7.7
            March 2019          11,791         102,755             54.7             87.3                 8.7
            March 2020          10,460          99,125             48.5             88.7                 9.5
            March 2021           9,605          90,760             44.6             91.8                 9.4
            March 2022           9,302          94,027             43.1             96.8                10.1
            March 2023           8,594          93,779             39.9             92.4                10.9
            March 2024           7,976          91,575             37.0             92.8                11.5
 
Annual openings
Year ended: March 2017

            March 2017          24,223         125,446            100.0               _                  5.2
            March 2018          18,421         124,002             76.0             76.0                 6.7
            March 2019          15,795         121,835             65.2             85.7                 7.7
            March 2020          13,800         118,106             57.0             87.4                 8.6
            March 2021          12,574         111,892             51.9             91.1                 8.9
            March 2022          12,009         115,643             49.6             95.5                 9.6
            March 2023          10,989         112,680             45.4             91.5                10.3
            March 2024          10,180         107,846             42.0             92.6                10.6
 
Annual openings
Year ended: March 2018

            March 2018          22,365         118,670            100.0               _                  5.3
            March 2019          16,894         116,467             75.5             75.5                 6.9
            March 2020          14,407         109,936             64.4             85.3                 7.6
            March 2021          13,010         104,432             58.2             90.3                 8.0
            March 2022          12,092         108,956             54.1             92.9                 9.0
            March 2023          10,932         109,207             48.9             90.4                10.0
            March 2024           9,916         102,424             44.3             90.7                10.3
 
Annual openings
Year ended: March 2019

            March 2019          24,593         124,081            100.0               _                  5.0
            March 2020          18,583         119,283             75.6             75.6                 6.4
            March 2021          16,375         116,720             66.6             88.1                 7.1
            March 2022          14,988         125,652             60.9             91.5                 8.4
            March 2023          13,379         122,873             54.4             89.3                 9.2
            March 2024          12,104         115,558             49.2             90.5                 9.5
 
Annual openings
Year ended: March 2020

            March 2020          24,232         117,311            100.0               _                  4.8
            March 2021          19,320         115,334             79.7             79.7                 6.0
            March 2022          17,322         121,660             71.5             89.7                 7.0
            March 2023          15,307         119,986             63.2             88.4                 7.8
            March 2024          13,575         114,336             56.0             88.7                 8.4
 
Annual openings
Year ended: March 2021

            March 2021          29,292         124,960            100.0               _                  4.3
            March 2022          22,001         129,800             75.1             75.1                 5.9
            March 2023          18,271         127,440             62.4             83.0                 7.0
            March 2024          16,022         122,465             54.7             87.7                 7.6
 
Annual openings
Year ended: March 2022

            March 2022          35,435         134,118            100.0               _                  3.8
            March 2023          25,233         131,513             71.2             71.2                 5.2
            March 2024          21,342         127,503             60.2             84.6                 6.0
 
Annual openings
Year ended: March 2023

            March 2023          35,106         139,888            100.0               _                  4.0
            March 2024          26,533         133,654             75.6             75.6                 5.0
 
Annual openings
Year ended: March 2024

            March 2024          31,523         128,635            100.0               _                  4.1
 
NOTE: A '_' indicates that the data are not available and a 'N' indicates that the data do not meet BLS disclosure standards.
