Table 7. Survival of private sector establishments by opening year

Total Private

Hawaii

                          Surviving       Total Employment   Survival Rates   Survival Rates of   Average Employment
                          Establishments  of Survivors       Since Birth      Previous Year's     of Survivors
                                                                              Survivors

Annual openings
Year ended: March 1994

            March 1994           2,378          22,384            100.0               _                  9.4
            March 1995           1,915          21,671             80.5             80.5                11.3
            March 1996           1,657          20,736             69.7             86.5                12.5
            March 1997           1,479          20,253             62.2             89.3                13.7
            March 1998           1,314          19,897             55.3             88.8                15.1
            March 1999           1,173          17,177             49.3             89.3                14.6
            March 2000           1,071          16,580             45.0             91.3                15.5
            March 2001             974          16,696             41.0             90.9                17.1
            March 2002             923          14,847             38.8             94.8                16.1
            March 2003             877          14,880             36.9             95.0                17.0
            March 2004             816          14,766             34.3             93.0                18.1
            March 2005             787          14,745             33.1             96.4                18.7
            March 2006             749          14,852             31.5             95.2                19.8
            March 2007             731          15,327             30.7             97.6                21.0
            March 2008             694          14,942             29.2             94.9                21.5
            March 2009             661          13,649             27.8             95.2                20.6
            March 2010             628          13,299             26.4             95.0                21.2
            March 2011             602          13,339             25.3             95.9                22.2
            March 2012             567          13,283             23.8             94.2                23.4
            March 2013             590          13,407             24.8            104.1                22.7
            March 2014             567          13,269             23.8             96.1                23.4
            March 2015             559          12,984             23.5             98.6                23.2
            March 2016             528          12,751             22.2             94.5                24.1
            March 2017             520          12,605             21.9             98.5                24.2
            March 2018             512          12,351             21.5             98.5                24.1
            March 2019             520          11,644             21.9            101.6                22.4
            March 2020             483          11,456             20.3             92.9                23.7
            March 2021             448          10,428             18.8             92.8                23.3
            March 2022             428           9,943             18.0             95.5                23.2
            March 2023             418           9,952             17.6             97.7                23.8
            March 2024             399           9,677             16.8             95.5                24.3
 
Annual openings
Year ended: March 1995

            March 1995           2,638          20,847            100.0               _                  7.9
            March 1996           2,132          21,251             80.8             80.8                10.0
            March 1997           1,814          19,982             68.8             85.1                11.0
            March 1998           1,547          18,045             58.6             85.3                11.7
            March 1999           1,413          17,654             53.6             91.3                12.5
            March 2000           1,298          17,136             49.2             91.9                13.2
            March 2001           1,213          17,308             46.0             93.5                14.3
            March 2002           1,102          15,588             41.8             90.8                14.1
            March 2003           1,035          14,697             39.2             93.9                14.2
            March 2004             982          14,652             37.2             94.9                14.9
            March 2005             932          14,472             35.3             94.9                15.5
            March 2006             934          14,398             35.4            100.2                15.4
            March 2007             891          13,968             33.8             95.4                15.7
            March 2008             846          13,602             32.1             94.9                16.1
            March 2009             790          12,541             29.9             93.4                15.9
            March 2010             759          11,985             28.8             96.1                15.8
            March 2011             719          11,462             27.3             94.7                15.9
            March 2012             706          11,439             26.8             98.2                16.2
            March 2013             670          11,722             25.4             94.9                17.5
            March 2014             647          11,123             24.5             96.6                17.2
            March 2015             635          11,086             24.1             98.1                17.5
            March 2016             594          11,097             22.5             93.5                18.7
            March 2017             569          10,716             21.6             95.8                18.8
            March 2018             551          10,543             20.9             96.8                19.1
            March 2019             525           9,909             19.9             95.3                18.9
            March 2020             489           9,393             18.5             93.1                19.2
            March 2021             448           7,715             17.0             91.6                17.2
            March 2022             439           8,286             16.6             98.0                18.9
            March 2023             429           8,302             16.3             97.7                19.4
            March 2024             414           8,315             15.7             96.5                20.1
 
Annual openings
Year ended: March 1996

            March 1996           2,394          15,910            100.0               _                  6.6
            March 1997           1,898          15,955             79.3             79.3                 8.4
            March 1998           1,584          14,956             66.2             83.5                 9.4
            March 1999           1,440          14,413             60.2             90.9                10.0
            March 2000           1,273          14,173             53.2             88.4                11.1
            March 2001           1,115          13,548             46.6             87.6                12.2
            March 2002           1,038          12,871             43.4             93.1                12.4
            March 2003             967          13,128             40.4             93.2                13.6
            March 2004             928          13,032             38.8             96.0                14.0
            March 2005             876          13,227             36.6             94.4                15.1
            March 2006             843          13,149             35.2             96.2                15.6
            March 2007             803          12,850             33.5             95.3                16.0
            March 2008             762          13,105             31.8             94.9                17.2
            March 2009             721          11,899             30.1             94.6                16.5
            March 2010             683          11,642             28.5             94.7                17.0
            March 2011             646          11,555             27.0             94.6                17.9
            March 2012             629          11,624             26.3             97.4                18.5
            March 2013             604          11,722             25.2             96.0                19.4
            March 2014             596          11,594             24.9             98.7                19.5
            March 2015             581          11,883             24.3             97.5                20.5
            March 2016             555          12,021             23.2             95.5                21.7
            March 2017             537          11,875             22.4             96.8                22.1
            March 2018             538          11,788             22.5            100.2                21.9
            March 2019             561          11,352             23.4            104.3                20.2
            March 2020             512          10,764             21.4             91.3                21.0
            March 2021             483           8,299             20.2             94.3                17.2
            March 2022             468           9,750             19.5             96.9                20.8
            March 2023             457          10,095             19.1             97.6                22.1
            March 2024             421          10,355             17.6             92.1                24.6
 
Annual openings
Year ended: March 1997

            March 1997           2,340          18,054            100.0               _                  7.7
            March 1998           1,782          17,539             76.2             76.2                 9.8
            March 1999           1,538          17,617             65.7             86.3                11.5
            March 2000           1,398          18,180             59.7             90.9                13.0
            March 2001           1,224          17,987             52.3             87.6                14.7
            March 2002           1,104          16,791             47.2             90.2                15.2
            March 2003           1,035          16,746             44.2             93.8                16.2
            March 2004             974          17,092             41.6             94.1                17.5
            March 2005             937          16,715             40.0             96.2                17.8
            March 2006             900          17,329             38.5             96.1                19.3
            March 2007             856          16,331             36.6             95.1                19.1
            March 2008             842          16,399             36.0             98.4                19.5
            March 2009             765          14,202             32.7             90.9                18.6
            March 2010             714          13,396             30.5             93.3                18.8
            March 2011             683          12,936             29.2             95.7                18.9
            March 2012             649          13,265             27.7             95.0                20.4
            March 2013             626          13,193             26.8             96.5                21.1
            March 2014             587          12,063             25.1             93.8                20.6
            March 2015             562          12,062             24.0             95.7                21.5
            March 2016             550          12,434             23.5             97.9                22.6
            March 2017             531          12,646             22.7             96.5                23.8
            March 2018             525          12,798             22.4             98.9                24.4
            March 2019             580          12,468             24.8            110.5                21.5
            March 2020             548          12,078             23.4             94.5                22.0
            March 2021             508           9,682             21.7             92.7                19.1
            March 2022             497          10,419             21.2             97.8                21.0
            March 2023             483          10,669             20.6             97.2                22.1
            March 2024             536          10,530             22.9            111.0                19.6
 
Annual openings
Year ended: March 1998

            March 1998           2,336          14,903            100.0               _                  6.4
            March 1999           1,862          15,261             79.7             79.7                 8.2
            March 2000           1,585          14,730             67.9             85.1                 9.3
            March 2001           1,395          14,064             59.7             88.0                10.1
            March 2002           1,273          13,331             54.5             91.3                10.5
            March 2003           1,183          12,861             50.6             92.9                10.9
            March 2004           1,141          13,268             48.8             96.4                11.6
            March 2005           1,090          13,255             46.7             95.5                12.2
            March 2006           1,050          13,447             44.9             96.3                12.8
            March 2007           1,012          13,228             43.3             96.4                13.1
            March 2008             956          12,969             40.9             94.5                13.6
            March 2009             905          11,163             38.7             94.7                12.3
            March 2010             833          10,214             35.7             92.0                12.3
            March 2011             790          10,061             33.8             94.8                12.7
            March 2012             755           9,861             32.3             95.6                13.1
            March 2013             715          10,119             30.6             94.7                14.2
            March 2014             684           9,824             29.3             95.7                14.4
            March 2015             658           9,311             28.2             96.2                14.2
            March 2016             632           9,064             27.1             96.0                14.3
            March 2017             592           8,442             25.3             93.7                14.3
            March 2018             576           8,567             24.7             97.3                14.9
            March 2019             544           8,566             23.3             94.4                15.7
            March 2020             511           8,176             21.9             93.9                16.0
            March 2021             466           6,165             19.9             91.2                13.2
            March 2022             453           6,741             19.4             97.2                14.9
            March 2023             447           6,610             19.1             98.7                14.8
            March 2024             426           6,462             18.2             95.3                15.2
 
Annual openings
Year ended: March 1999

            March 1999           2,300          14,585            100.0               _                  6.3
            March 2000           1,853          13,083             80.6             80.6                 7.1
            March 2001           1,592          12,647             69.2             85.9                 7.9
            March 2002           1,392          12,005             60.5             87.4                 8.6
            March 2003           1,297          11,783             56.4             93.2                 9.1
            March 2004           1,239          11,746             53.9             95.5                 9.5
            March 2005           1,218          11,632             53.0             98.3                 9.6
            March 2006           1,141          11,355             49.6             93.7                10.0
            March 2007           1,091          11,259             47.4             95.6                10.3
            March 2008           1,030          11,213             44.8             94.4                10.9
            March 2009             967           9,759             42.0             93.9                10.1
            March 2010             895           9,412             38.9             92.6                10.5
            March 2011             851           9,863             37.0             95.1                11.6
            March 2012             844           9,589             36.7             99.2                11.4
            March 2013             812           9,653             35.3             96.2                11.9
            March 2014             789           9,383             34.3             97.2                11.9
            March 2015             763           9,526             33.2             96.7                12.5
            March 2016             731           9,137             31.8             95.8                12.5
            March 2017             712           8,892             31.0             97.4                12.5
            March 2018             688          10,243             29.9             96.6                14.9
            March 2019             658           8,948             28.6             95.6                13.6
            March 2020             617           8,674             26.8             93.8                14.1
            March 2021             565           7,446             24.6             91.6                13.2
            March 2022             565           7,748             24.6            100.0                13.7
            March 2023             557           7,688             24.2             98.6                13.8
            March 2024             541           7,487             23.5             97.1                13.8
 
Annual openings
Year ended: March 2000

            March 2000           2,528          16,586            100.0               _                  6.6
            March 2001           1,940          15,983             76.7             76.7                 8.2
            March 2002           1,740          15,409             68.8             89.7                 8.9
            March 2003           1,552          15,579             61.4             89.2                10.0
            March 2004           1,433          15,321             56.7             92.3                10.7
            March 2005           1,371          15,485             54.2             95.7                11.3
            March 2006           1,291          15,528             51.1             94.2                12.0
            March 2007           1,229          14,673             48.6             95.2                11.9
            March 2008           1,161          14,161             45.9             94.5                12.2
            March 2009           1,065          12,662             42.1             91.7                11.9
            March 2010           1,005          11,698             39.8             94.4                11.6
            March 2011             980          11,503             38.8             97.5                11.7
            March 2012             940          11,464             37.2             95.9                12.2
            March 2013             918          11,603             36.3             97.7                12.6
            March 2014             877          11,311             34.7             95.5                12.9
            March 2015             857          11,187             33.9             97.7                13.1
            March 2016             828          10,981             32.8             96.6                13.3
            March 2017             789          10,728             31.2             95.3                13.6
            March 2018             765          10,346             30.3             97.0                13.5
            March 2019             704          10,303             27.8             92.0                14.6
            March 2020             689           9,902             27.3             97.9                14.4
            March 2021             626           8,013             24.8             90.9                12.8
            March 2022             605           8,650             23.9             96.6                14.3
            March 2023             580           8,543             22.9             95.9                14.7
            March 2024             555           8,263             22.0             95.7                14.9
 
Annual openings
Year ended: March 2001

            March 2001           2,444          15,116            100.0               _                  6.2
            March 2002           1,948          14,205             79.7             79.7                 7.3
            March 2003           1,717          14,113             70.3             88.1                 8.2
            March 2004           1,582          14,271             64.7             92.1                 9.0
            March 2005           1,523          15,757             62.3             96.3                10.3
            March 2006           1,386          15,288             56.7             91.0                11.0
            March 2007           1,301          15,271             53.2             93.9                11.7
            March 2008           1,244          14,620             50.9             95.6                11.8
            March 2009           1,168          13,266             47.8             93.9                11.4
            March 2010           1,096          12,589             44.8             93.8                11.5
            March 2011           1,049          12,385             42.9             95.7                11.8
            March 2012             985          12,167             40.3             93.9                12.4
            March 2013             942          11,874             38.5             95.6                12.6
            March 2014             902          11,570             36.9             95.8                12.8
            March 2015             857          11,394             35.1             95.0                13.3
            March 2016             822          10,929             33.6             95.9                13.3
            March 2017             790          10,911             32.3             96.1                13.8
            March 2018             752          10,330             30.8             95.2                13.7
            March 2019             721          10,072             29.5             95.9                14.0
            March 2020             697           9,700             28.5             96.7                13.9
            March 2021             625           8,186             25.6             89.7                13.1
            March 2022             626           8,387             25.6            100.2                13.4
            March 2023             608           8,238             24.9             97.1                13.5
            March 2024             584           8,003             23.9             96.1                13.7
 
Annual openings
Year ended: March 2002

            March 2002           2,455          14,531            100.0               _                  5.9
            March 2003           2,003          15,287             81.6             81.6                 7.6
            March 2004           1,749          14,333             71.2             87.3                 8.2
            March 2005           1,604          15,131             65.3             91.7                 9.4
            March 2006           1,487          15,470             60.6             92.7                10.4
            March 2007           1,394          16,068             56.8             93.7                11.5
            March 2008           1,318          15,487             53.7             94.5                11.8
            March 2009           1,200          14,399             48.9             91.0                12.0
            March 2010           1,160          13,878             47.3             96.7                12.0
            March 2011           1,083          13,386             44.1             93.4                12.4
            March 2012           1,038          13,167             42.3             95.8                12.7
            March 2013           1,014          12,695             41.3             97.7                12.5
            March 2014             967          12,583             39.4             95.4                13.0
            March 2015             914          12,496             37.2             94.5                13.7
            March 2016             876          12,314             35.7             95.8                14.1
            March 2017             818          12,333             33.3             93.4                15.1
            March 2018             774          11,799             31.5             94.6                15.2
            March 2019             741          11,118             30.2             95.7                15.0
            March 2020             696          10,605             28.4             93.9                15.2
            March 2021             637           8,301             25.9             91.5                13.0
            March 2022             617           8,651             25.1             96.9                14.0
            March 2023             600           8,474             24.4             97.2                14.1
            March 2024             571           8,152             23.3             95.2                14.3
 
Annual openings
Year ended: March 2003

            March 2003           2,242          13,317            100.0               _                  5.9
            March 2004           1,868          13,692             83.3             83.3                 7.3
            March 2005           1,696          13,972             75.6             90.8                 8.2
            March 2006           1,543          14,414             68.8             91.0                 9.3
            March 2007           1,425          13,870             63.6             92.4                 9.7
            March 2008           1,323          14,158             59.0             92.8                10.7
            March 2009           1,185          12,302             52.9             89.6                10.4
            March 2010           1,103          11,838             49.2             93.1                10.7
            March 2011           1,038          11,759             46.3             94.1                11.3
            March 2012             981          11,690             43.8             94.5                11.9
            March 2013             945          11,466             42.1             96.3                12.1
            March 2014             893          11,204             39.8             94.5                12.5
            March 2015             845          11,163             37.7             94.6                13.2
            March 2016             809          11,157             36.1             95.7                13.8
            March 2017             770          11,102             34.3             95.2                14.4
            March 2018             739          11,056             33.0             96.0                15.0
            March 2019             703          11,537             31.4             95.1                16.4
            March 2020             665          12,004             29.7             94.6                18.1
            March 2021             611          10,306             27.3             91.9                16.9
            March 2022             604          11,039             26.9             98.9                18.3
            March 2023             697          11,244             31.1            115.4                16.1
            March 2024             656          11,041             29.3             94.1                16.8
 
Annual openings
Year ended: March 2004

            March 2004           2,217          11,702            100.0               _                  5.3
            March 2005           1,796          14,814             81.0             81.0                 8.2
            March 2006           1,598          17,338             72.1             89.0                10.8
            March 2007           1,454          17,903             65.6             91.0                12.3
            March 2008           1,341          15,993             60.5             92.2                11.9
            March 2009           1,205          14,101             54.4             89.9                11.7
            March 2010           1,118          13,642             50.4             92.8                12.2
            March 2011           1,050          13,561             47.4             93.9                12.9
            March 2012             994          13,087             44.8             94.7                13.2
            March 2013             965          12,996             43.5             97.1                13.5
            March 2014             915          12,965             41.3             94.8                14.2
            March 2015             864          13,066             39.0             94.4                15.1
            March 2016             811          12,486             36.6             93.9                15.4
            March 2017             780          12,628             35.2             96.2                16.2
            March 2018             757          12,555             34.1             97.1                16.6
            March 2019             719          11,237             32.4             95.0                15.6
            March 2020             676          11,762             30.5             94.0                17.4
            March 2021             627           9,072             28.3             92.8                14.5
            March 2022             611           9,471             27.6             97.4                15.5
            March 2023             593          10,117             26.7             97.1                17.1
            March 2024             558          10,092             25.2             94.1                18.1
 
Annual openings
Year ended: March 2005

            March 2005           2,174          12,110            100.0               _                  5.6
            March 2006           1,790          13,072             82.3             82.3                 7.3
            March 2007           1,578          13,194             72.6             88.2                 8.4
            March 2008           1,415          13,043             65.1             89.7                 9.2
            March 2009           1,278          11,971             58.8             90.3                 9.4
            March 2010           1,127          11,482             51.8             88.2                10.2
            March 2011           1,039          11,291             47.8             92.2                10.9
            March 2012           1,009          11,647             46.4             97.1                11.5
            March 2013             947          11,892             43.6             93.9                12.6
            March 2014             892          11,315             41.0             94.2                12.7
            March 2015             867          11,744             39.9             97.2                13.5
            March 2016             820          11,569             37.7             94.6                14.1
            March 2017             774          11,100             35.6             94.4                14.3
            March 2018             735          10,894             33.8             95.0                14.8
            March 2019             695          10,276             32.0             94.6                14.8
            March 2020             635           9,520             29.2             91.4                15.0
            March 2021             581           8,206             26.7             91.5                14.1
            March 2022             583           8,624             26.8            100.3                14.8
            March 2023             570           8,869             26.2             97.8                15.6
            March 2024             538           8,466             24.7             94.4                15.7
 
Annual openings
Year ended: March 2006

            March 2006           2,387          11,527            100.0               _                  4.8
            March 2007           1,907          11,242             79.9             79.9                 5.9
            March 2008           1,668          10,756             69.9             87.5                 6.4
            March 2009           1,441           9,826             60.4             86.4                 6.8
            March 2010           1,275           9,377             53.4             88.5                 7.4
            March 2011           1,179           9,220             49.4             92.5                 7.8
            March 2012           1,119           9,376             46.9             94.9                 8.4
            March 2013           1,053           9,510             44.1             94.1                 9.0
            March 2014           1,010           9,127             42.3             95.9                 9.0
            March 2015             971           8,949             40.7             96.1                 9.2
            March 2016             903           8,548             37.8             93.0                 9.5
            March 2017             838           7,974             35.1             92.8                 9.5
            March 2018             790           7,721             33.1             94.3                 9.8
            March 2019             748           7,412             31.3             94.7                 9.9
            March 2020             700           7,167             29.3             93.6                10.2
            March 2021             642           5,571             26.9             91.7                 8.7
            March 2022             619           6,026             25.9             96.4                 9.7
            March 2023             600           6,183             25.1             96.9                10.3
            March 2024             572           5,771             24.0             95.3                10.1
 
Annual openings
Year ended: March 2007

            March 2007           2,332          11,290            100.0               _                  4.8
            March 2008           1,870          11,083             80.2             80.2                 5.9
            March 2009           1,573           9,563             67.5             84.1                 6.1
            March 2010           1,408           8,823             60.4             89.5                 6.3
            March 2011           1,250           8,665             53.6             88.8                 6.9
            March 2012           1,170           9,295             50.2             93.6                 7.9
            March 2013           1,106           8,982             47.4             94.5                 8.1
            March 2014           1,057           8,957             45.3             95.6                 8.5
            March 2015             976           8,782             41.9             92.3                 9.0
            March 2016             938           8,812             40.2             96.1                 9.4
            March 2017             871           8,729             37.3             92.9                10.0
            March 2018             837           8,374             35.9             96.1                10.0
            March 2019             792           8,051             34.0             94.6                10.2
            March 2020             730           7,789             31.3             92.2                10.7
            March 2021             669           6,282             28.7             91.6                 9.4
            March 2022             665           6,974             28.5             99.4                10.5
            March 2023             651           6,987             27.9             97.9                10.7
            March 2024             622           6,970             26.7             95.5                11.2
 
Annual openings
Year ended: March 2008

            March 2008           2,189          12,223            100.0               _                  5.6
            March 2009           1,668          11,222             76.2             76.2                 6.7
            March 2010           1,468          10,477             67.1             88.0                 7.1
            March 2011           1,287          10,024             58.8             87.7                 7.8
            March 2012           1,232           9,826             56.3             95.7                 8.0
            March 2013           1,150           9,652             52.5             93.3                 8.4
            March 2014           1,055           9,724             48.2             91.7                 9.2
            March 2015           1,004           9,818             45.9             95.2                 9.8
            March 2016             945          10,232             43.2             94.1                10.8
            March 2017             886           9,485             40.5             93.8                10.7
            March 2018             839           9,381             38.3             94.7                11.2
            March 2019             800           9,104             36.5             95.4                11.4
            March 2020             734           8,569             33.5             91.8                11.7
            March 2021             653           6,879             29.8             89.0                10.5
            March 2022             644           7,603             29.4             98.6                11.8
            March 2023             613           7,738             28.0             95.2                12.6
            March 2024             574           7,359             26.2             93.6                12.8
 
Annual openings
Year ended: March 2009

            March 2009           2,022          11,379            100.0               _                  5.6
            March 2010           1,570          10,229             77.6             77.6                 6.5
            March 2011           1,409          10,564             69.7             89.7                 7.5
            March 2012           1,287          11,468             63.6             91.3                 8.9
            March 2013           1,226          11,682             60.6             95.3                 9.5
            March 2014           1,158          11,914             57.3             94.5                10.3
            March 2015           1,070          11,562             52.9             92.4                10.8
            March 2016           1,021          11,442             50.5             95.4                11.2
            March 2017             945          11,413             46.7             92.6                12.1
            March 2018             891          11,131             44.1             94.3                12.5
            March 2019             833          10,720             41.2             93.5                12.9
            March 2020             780          10,451             38.6             93.6                13.4
            March 2021             705           8,299             34.9             90.4                11.8
            March 2022             689           9,118             34.1             97.7                13.2
            March 2023             654           9,065             32.3             94.9                13.9
            March 2024             616           9,019             30.5             94.2                14.6
 
Annual openings
Year ended: March 2010

            March 2010           1,836          10,049            100.0               _                  5.5
            March 2011           1,468          11,985             80.0             80.0                 8.2
            March 2012           1,279          10,541             69.7             87.1                 8.2
            March 2013           1,177          10,651             64.1             92.0                 9.0
            March 2014           1,085          10,442             59.1             92.2                 9.6
            March 2015           1,001          10,966             54.5             92.3                11.0
            March 2016             937          11,154             51.0             93.6                11.9
            March 2017             874          11,355             47.6             93.3                13.0
            March 2018             825          11,240             44.9             94.4                13.6
            March 2019             762          10,961             41.5             92.4                14.4
            March 2020             691           9,944             37.6             90.7                14.4
            March 2021             637           8,505             34.7             92.2                13.4
            March 2022             623           9,455             33.9             97.8                15.2
            March 2023             590           9,330             32.1             94.7                15.8
            March 2024             566           8,744             30.8             95.9                15.4
 
Annual openings
Year ended: March 2011

            March 2011           1,818           9,539            100.0               _                  5.2
            March 2012           1,452           9,801             79.9             79.9                 6.8
            March 2013           1,288          10,590             70.8             88.7                 8.2
            March 2014           1,182          10,614             65.0             91.8                 9.0
            March 2015           1,109          10,265             61.0             93.8                 9.3
            March 2016           1,008          10,587             55.4             90.9                10.5
            March 2017             915          10,454             50.3             90.8                11.4
            March 2018             846          10,005             46.5             92.5                11.8
            March 2019             786          10,008             43.2             92.9                12.7
            March 2020             707           8,889             38.9             89.9                12.6
            March 2021             644           7,102             35.4             91.1                11.0
            March 2022             641           7,546             35.3             99.5                11.8
            March 2023             619           7,902             34.0             96.6                12.8
            March 2024             596           7,621             32.8             96.3                12.8
 
Annual openings
Year ended: March 2012

            March 2012           1,886           8,543            100.0               _                  4.5
            March 2013           1,525           9,588             80.9             80.9                 6.3
            March 2014           1,319           9,414             69.9             86.5                 7.1
            March 2015           1,204           9,625             63.8             91.3                 8.0
            March 2016           1,088           9,518             57.7             90.4                 8.7
            March 2017           1,002           9,515             53.1             92.1                 9.5
            March 2018             933           9,273             49.5             93.1                 9.9
            March 2019             862           9,105             45.7             92.4                10.6
            March 2020             761           8,769             40.3             88.3                11.5
            March 2021             690           7,565             36.6             90.7                11.0
            March 2022             687           8,031             36.4             99.6                11.7
            March 2023             653           8,109             34.6             95.1                12.4
            March 2024             615           8,110             32.6             94.2                13.2
 
Annual openings
Year ended: March 2013

            March 2013           2,108           9,860            100.0               _                  4.7
            March 2014           1,654           9,805             78.5             78.5                 5.9
            March 2015           1,461           9,631             69.3             88.3                 6.6
            March 2016           1,300           9,596             61.7             89.0                 7.4
            March 2017           1,188           8,931             56.4             91.4                 7.5
            March 2018           1,089           8,726             51.7             91.7                 8.0
            March 2019             991           8,335             47.0             91.0                 8.4
            March 2020             870           7,927             41.3             87.8                 9.1
            March 2021             798           6,630             37.9             91.7                 8.3
            March 2022             761           7,005             36.1             95.4                 9.2
            March 2023             728           6,909             34.5             95.7                 9.5
            March 2024             685           6,388             32.5             94.1                 9.3
 
Annual openings
Year ended: March 2014

            March 2014           2,009          10,374            100.0               _                  5.2
            March 2015           1,629          10,652             81.1             81.1                 6.5
            March 2016           1,413          10,772             70.3             86.7                 7.6
            March 2017           1,280          10,810             63.7             90.6                 8.4
            March 2018           1,142          10,319             56.8             89.2                 9.0
            March 2019           1,042          10,247             51.9             91.2                 9.8
            March 2020             932           9,956             46.4             89.4                10.7
            March 2021             864           7,508             43.0             92.7                 8.7
            March 2022             834           8,021             41.5             96.5                 9.6
            March 2023             797           8,170             39.7             95.6                10.3
            March 2024             735           7,516             36.6             92.2                10.2
 
Annual openings
Year ended: March 2015

            March 2015           2,233           9,982            100.0               _                  4.5
            March 2016           1,772          10,521             79.4             79.4                 5.9
            March 2017           1,555          10,452             69.6             87.8                 6.7
            March 2018           1,414          10,371             63.3             90.9                 7.3
            March 2019           1,272          10,354             57.0             90.0                 8.1
            March 2020           1,082          12,466             48.5             85.1                11.5
            March 2021             992          10,807             44.4             91.7                10.9
            March 2022             970          12,232             43.4             97.8                12.6
            March 2023             906          11,955             40.6             93.4                13.2
            March 2024             840          11,593             37.6             92.7                13.8
 
Annual openings
Year ended: March 2016

            March 2016           2,468          11,686            100.0               _                  4.7
            March 2017           1,961          12,425             79.5             79.5                 6.3
            March 2018           1,707          12,134             69.2             87.0                 7.1
            March 2019           1,489          11,818             60.3             87.2                 7.9
            March 2020           1,292          11,477             52.4             86.8                 8.9
            March 2021           1,167           9,130             47.3             90.3                 7.8
            March 2022           1,144          10,331             46.4             98.0                 9.0
            March 2023           1,084          10,386             43.9             94.8                 9.6
            March 2024           1,009           9,958             40.9             93.1                 9.9
 
Annual openings
Year ended: March 2017

            March 2017           2,623          14,582            100.0               _                  5.6
            March 2018           2,137          14,304             81.5             81.5                 6.7
            March 2019           1,885          14,232             71.9             88.2                 7.6
            March 2020           1,650          13,526             62.9             87.5                 8.2
            March 2021           1,455          10,727             55.5             88.2                 7.4
            March 2022           1,362          11,357             51.9             93.6                 8.3
            March 2023           1,308          11,380             49.9             96.0                 8.7
            March 2024           1,196          10,787             45.6             91.4                 9.0
 
Annual openings
Year ended: March 2018

            March 2018           2,724          12,789            100.0               _                  4.7
            March 2019           2,116          12,650             77.7             77.7                 6.0
            March 2020           1,758          12,301             64.5             83.1                 7.0
            March 2021           1,546          10,650             56.8             87.9                 6.9
            March 2022           1,494          11,673             54.8             96.6                 7.8
            March 2023           1,373          11,529             50.4             91.9                 8.4
            March 2024           1,255          10,952             46.1             91.4                 8.7
 
Annual openings
Year ended: March 2019

            March 2019           2,894          13,076            100.0               _                  4.5
            March 2020           2,205          12,409             76.2             76.2                 5.6
            March 2021           1,895          11,488             65.5             85.9                 6.1
            March 2022           1,781          12,611             61.5             94.0                 7.1
            March 2023           1,660          12,800             57.4             93.2                 7.7
            March 2024           1,446          12,381             50.0             87.1                 8.6
 
Annual openings
Year ended: March 2020

            March 2020           2,719          10,187            100.0               _                  3.7
            March 2021           2,038           8,929             75.0             75.0                 4.4
            March 2022           1,851          10,261             68.1             90.8                 5.5
            March 2023           1,680          10,341             61.8             90.8                 6.2
            March 2024           1,510           9,475             55.5             89.9                 6.3
 
Annual openings
Year ended: March 2021

            March 2021           3,601          10,712            100.0               _                  3.0
            March 2022           2,797          12,100             77.7             77.7                 4.3
            March 2023           2,428          11,847             67.4             86.8                 4.9
            March 2024           2,120          11,082             58.9             87.3                 5.2
 
Annual openings
Year ended: March 2022

            March 2022           4,180          12,672            100.0               _                  3.0
            March 2023           3,217          12,922             77.0             77.0                 4.0
            March 2024           2,635          11,804             63.0             81.9                 4.5
 
Annual openings
Year ended: March 2023

            March 2023           4,294          13,486            100.0               _                  3.1
            March 2024           3,168          13,469             73.8             73.8                 4.3
 
Annual openings
Year ended: March 2024

            March 2024           3,696          12,299            100.0               _                  3.3
 
NOTE: A '_' indicates that the data are not available and a 'N' indicates that the data do not meet BLS disclosure standards.
