Table 7. Survival of private sector establishments by opening year

Total Private

Idaho

                          Surviving       Total Employment   Survival Rates   Survival Rates of   Average Employment
                          Establishments  of Survivors       Since Birth      Previous Year's     of Survivors
                                                                              Survivors

Annual openings
Year ended: March 1994

            March 1994           3,249          15,082            100.0               _                  4.6
            March 1995           2,577          15,437             79.3             79.3                 6.0
            March 1996           2,224          15,053             68.5             86.3                 6.8
            March 1997           2,012          15,239             61.9             90.5                 7.6
            March 1998           1,818          15,095             56.0             90.4                 8.3
            March 1999           1,674          14,436             51.5             92.1                 8.6
            March 2000           1,553          14,420             47.8             92.8                 9.3
            March 2001           1,386          14,432             42.7             89.2                10.4
            March 2002           1,303          13,124             40.1             94.0                10.1
            March 2003           1,253          12,881             38.6             96.2                10.3
            March 2004           1,173          12,734             36.1             93.6                10.9
            March 2005           1,127          12,658             34.7             96.1                11.2
            March 2006           1,063          13,066             32.7             94.3                12.3
            March 2007           1,010          12,940             31.1             95.0                12.8
            March 2008             956          11,739             29.4             94.7                12.3
            March 2009             871          10,297             26.8             91.1                11.8
            March 2010             819           9,416             25.2             94.0                11.5
            March 2011             778           9,254             23.9             95.0                11.9
            March 2012             748           9,090             23.0             96.1                12.2
            March 2013             716           9,107             22.0             95.7                12.7
            March 2014             675           9,311             20.8             94.3                13.8
            March 2015             657           9,187             20.2             97.3                14.0
            March 2016             621           8,584             19.1             94.5                13.8
            March 2017             599           8,304             18.4             96.5                13.9
            March 2018             576           8,301             17.7             96.2                14.4
            March 2019             559           8,274             17.2             97.0                14.8
            March 2020             542           8,279             16.7             97.0                15.3
            March 2021             514           8,414             15.8             94.8                16.4
            March 2022             482           8,386             14.8             93.8                17.4
            March 2023             463           8,252             14.3             96.1                17.8
            March 2024             442           7,994             13.6             95.5                18.1
 
Annual openings
Year ended: March 1995

            March 1995           3,211          15,559            100.0               _                  4.8
            March 1996           2,565          15,807             79.9             79.9                 6.2
            March 1997           2,227          15,477             69.4             86.8                 6.9
            March 1998           1,979          15,451             61.6             88.9                 7.8
            March 1999           1,814          15,091             56.5             91.7                 8.3
            March 2000           1,644          14,628             51.2             90.6                 8.9
            March 2001           1,481          13,398             46.1             90.1                 9.0
            March 2002           1,380          12,600             43.0             93.2                 9.1
            March 2003           1,300          12,212             40.5             94.2                 9.4
            March 2004           1,226          12,742             38.2             94.3                10.4
            March 2005           1,195          12,824             37.2             97.5                10.7
            March 2006           1,159          13,156             36.1             97.0                11.4
            March 2007           1,101          13,065             34.3             95.0                11.9
            March 2008           1,023          12,482             31.9             92.9                12.2
            March 2009             936          10,909             29.1             91.5                11.7
            March 2010             873          10,459             27.2             93.3                12.0
            March 2011             825          10,317             25.7             94.5                12.5
            March 2012             786          10,058             24.5             95.3                12.8
            March 2013             757          10,466             23.6             96.3                13.8
            March 2014             730          10,357             22.7             96.4                14.2
            March 2015             696          10,354             21.7             95.3                14.9
            March 2016             677          10,178             21.1             97.3                15.0
            March 2017             641          10,185             20.0             94.7                15.9
            March 2018             617           9,753             19.2             96.3                15.8
            March 2019             589           9,355             18.3             95.5                15.9
            March 2020             564           9,533             17.6             95.8                16.9
            March 2021             544           9,754             16.9             96.5                17.9
            March 2022             522           9,415             16.3             96.0                18.0
            March 2023             485           9,593             15.1             92.9                19.8
            March 2024             456           9,243             14.2             94.0                20.3
 
Annual openings
Year ended: March 1996

            March 1996           3,256          15,895            100.0               _                  4.9
            March 1997           2,612          16,226             80.2             80.2                 6.2
            March 1998           2,270          16,895             69.7             86.9                 7.4
            March 1999           2,055          17,081             63.1             90.5                 8.3
            March 2000           1,879          17,117             57.7             91.4                 9.1
            March 2001           1,703          17,654             52.3             90.6                10.4
            March 2002           1,542          16,488             47.4             90.5                10.7
            March 2003           1,458          15,773             44.8             94.6                10.8
            March 2004           1,361          15,981             41.8             93.3                11.7
            March 2005           1,282          16,218             39.4             94.2                12.7
            March 2006           1,224          16,582             37.6             95.5                13.5
            March 2007           1,160          16,490             35.6             94.8                14.2
            March 2008           1,110          16,529             34.1             95.7                14.9
            March 2009           1,009          14,337             31.0             90.9                14.2
            March 2010             980          13,786             30.1             97.1                14.1
            March 2011             922          13,660             28.3             94.1                14.8
            March 2012             886          13,602             27.2             96.1                15.4
            March 2013             845          13,813             26.0             95.4                16.3
            March 2014             818          14,428             25.1             96.8                17.6
            March 2015             785          14,378             24.1             96.0                18.3
            March 2016             753          14,047             23.1             95.9                18.7
            March 2017             719          14,130             22.1             95.5                19.7
            March 2018             711          14,236             21.8             98.9                20.0
            March 2019             692          14,382             21.3             97.3                20.8
            March 2020             683          14,030             21.0             98.7                20.5
            March 2021             660          14,007             20.3             96.6                21.2
            March 2022             628          13,818             19.3             95.2                22.0
            March 2023             607          13,481             18.6             96.7                22.2
            March 2024             571          12,706             17.5             94.1                22.3
 
Annual openings
Year ended: March 1997

            March 1997           3,308          15,933            100.0               _                  4.8
            March 1998           2,609          17,887             78.9             78.9                 6.9
            March 1999           2,267          17,867             68.5             86.9                 7.9
            March 2000           2,020          18,381             61.1             89.1                 9.1
            March 2001           1,784          17,684             53.9             88.3                 9.9
            March 2002           1,620          16,858             49.0             90.8                10.4
            March 2003           1,496          16,692             45.2             92.3                11.2
            March 2004           1,404          16,721             42.4             93.9                11.9
            March 2005           1,341          16,881             40.5             95.5                12.6
            March 2006           1,253          17,209             37.9             93.4                13.7
            March 2007           1,216          16,929             36.8             97.0                13.9
            March 2008           1,148          16,226             34.7             94.4                14.1
            March 2009           1,057          14,811             32.0             92.1                14.0
            March 2010             996          14,281             30.1             94.2                14.3
            March 2011             941          13,657             28.4             94.5                14.5
            March 2012             878          13,630             26.5             93.3                15.5
            March 2013             857          13,599             25.9             97.6                15.9
            March 2014             811          13,563             24.5             94.6                16.7
            March 2015             771          13,571             23.3             95.1                17.6
            March 2016             744          13,397             22.5             96.5                18.0
            March 2017             712          13,088             21.5             95.7                18.4
            March 2018             719          12,761             21.7            101.0                17.7
            March 2019             698          12,682             21.1             97.1                18.2
            March 2020             677          12,372             20.5             97.0                18.3
            March 2021             652          12,035             19.7             96.3                18.5
            March 2022             621          12,043             18.8             95.2                19.4
            March 2023             581          11,682             17.6             93.6                20.1
            March 2024             546          11,638             16.5             94.0                21.3
 
Annual openings
Year ended: March 1998

            March 1998           3,573          17,425            100.0               _                  4.9
            March 1999           2,800          17,809             78.4             78.4                 6.4
            March 2000           2,461          17,771             68.9             87.9                 7.2
            March 2001           2,129          18,738             59.6             86.5                 8.8
            March 2002           1,855          19,628             51.9             87.1                10.6
            March 2003           1,757          19,239             49.2             94.7                10.9
            March 2004           1,622          18,899             45.4             92.3                11.7
            March 2005           1,524          19,433             42.7             94.0                12.8
            March 2006           1,466          18,358             41.0             96.2                12.5
            March 2007           1,396          18,725             39.1             95.2                13.4
            March 2008           1,300          18,351             36.4             93.1                14.1
            March 2009           1,191          15,917             33.3             91.6                13.4
            March 2010           1,134          15,771             31.7             95.2                13.9
            March 2011           1,038          15,173             29.1             91.5                14.6
            March 2012             970          13,762             27.1             93.4                14.2
            March 2013             921          14,699             25.8             94.9                16.0
            March 2014             867          14,600             24.3             94.1                16.8
            March 2015             836          13,666             23.4             96.4                16.3
            March 2016             790          14,036             22.1             94.5                17.8
            March 2017             761          13,836             21.3             96.3                18.2
            March 2018             735          13,790             20.6             96.6                18.8
            March 2019             709          13,469             19.8             96.5                19.0
            March 2020             683          12,846             19.1             96.3                18.8
            March 2021             645          11,808             18.1             94.4                18.3
            March 2022             623          11,328             17.4             96.6                18.2
            March 2023             575          11,290             16.1             92.3                19.6
            March 2024             536          10,516             15.0             93.2                19.6
 
Annual openings
Year ended: March 1999

            March 1999           3,467          17,641            100.0               _                  5.1
            March 2000           2,771          18,943             79.9             79.9                 6.8
            March 2001           2,416          18,667             69.7             87.2                 7.7
            March 2002           2,133          17,998             61.5             88.3                 8.4
            March 2003           1,948          17,476             56.2             91.3                 9.0
            March 2004           1,814          17,455             52.3             93.1                 9.6
            March 2005           1,705          17,779             49.2             94.0                10.4
            March 2006           1,594          17,891             46.0             93.5                11.2
            March 2007           1,509          17,719             43.5             94.7                11.7
            March 2008           1,391          17,110             40.1             92.2                12.3
            March 2009           1,262          14,853             36.4             90.7                11.8
            March 2010           1,174          14,082             33.9             93.0                12.0
            March 2011           1,110          13,905             32.0             94.5                12.5
            March 2012           1,036          13,371             29.9             93.3                12.9
            March 2013             990          13,121             28.6             95.6                13.3
            March 2014             946          12,843             27.3             95.6                13.6
            March 2015             916          12,601             26.4             96.8                13.8
            March 2016             873          12,687             25.2             95.3                14.5
            March 2017             833          12,698             24.0             95.4                15.2
            March 2018             811          12,704             23.4             97.4                15.7
            March 2019             769          12,329             22.2             94.8                16.0
            March 2020             759          11,950             21.9             98.7                15.7
            March 2021             726          11,541             20.9             95.7                15.9
            March 2022             695          11,591             20.0             95.7                16.7
            March 2023             668          11,678             19.3             96.1                17.5
            March 2024             625          11,400             18.0             93.6                18.2
 
Annual openings
Year ended: March 2000

            March 2000           3,621          18,455            100.0               _                  5.1
            March 2001           2,869          19,314             79.2             79.2                 6.7
            March 2002           2,433          18,075             67.2             84.8                 7.4
            March 2003           2,224          18,545             61.4             91.4                 8.3
            March 2004           2,052          18,155             56.7             92.3                 8.8
            March 2005           1,925          19,428             53.2             93.8                10.1
            March 2006           1,796          19,877             49.6             93.3                11.1
            March 2007           1,671          19,672             46.1             93.0                11.8
            March 2008           1,536          18,646             42.4             91.9                12.1
            March 2009           1,394          16,467             38.5             90.8                11.8
            March 2010           1,294          15,305             35.7             92.8                11.8
            March 2011           1,224          14,948             33.8             94.6                12.2
            March 2012           1,132          14,650             31.3             92.5                12.9
            March 2013           1,092          14,488             30.2             96.5                13.3
            March 2014           1,044          14,895             28.8             95.6                14.3
            March 2015           1,022          14,536             28.2             97.9                14.2
            March 2016             977          14,771             27.0             95.6                15.1
            March 2017             932          14,047             25.7             95.4                15.1
            March 2018             903          14,350             24.9             96.9                15.9
            March 2019             874          13,825             24.1             96.8                15.8
            March 2020             848          14,014             23.4             97.0                16.5
            March 2021             811          13,370             22.4             95.6                16.5
            March 2022             787          13,048             21.7             97.0                16.6
            March 2023             767          12,924             21.2             97.5                16.9
            March 2024             726          12,924             20.0             94.7                17.8
 
Annual openings
Year ended: March 2001

            March 2001           4,002          23,407            100.0               _                  5.8
            March 2002           2,966          20,990             74.1             74.1                 7.1
            March 2003           2,638          20,420             65.9             88.9                 7.7
            March 2004           2,379          19,942             59.4             90.2                 8.4
            March 2005           2,181          20,263             54.5             91.7                 9.3
            March 2006           2,050          20,748             51.2             94.0                10.1
            March 2007           1,896          20,217             47.4             92.5                10.7
            March 2008           1,746          18,755             43.6             92.1                10.7
            March 2009           1,568          16,793             39.2             89.8                10.7
            March 2010           1,449          16,442             36.2             92.4                11.3
            March 2011           1,362          15,818             34.0             94.0                11.6
            March 2012           1,253          16,063             31.3             92.0                12.8
            March 2013           1,234          16,239             30.8             98.5                13.2
            March 2014           1,168          16,517             29.2             94.7                14.1
            March 2015           1,128          16,673             28.2             96.6                14.8
            March 2016           1,084          16,864             27.1             96.1                15.6
            March 2017           1,023          16,581             25.6             94.4                16.2
            March 2018             997          16,647             24.9             97.5                16.7
            March 2019             964          16,807             24.1             96.7                17.4
            March 2020             944          16,312             23.6             97.9                17.3
            March 2021             909          15,836             22.7             96.3                17.4
            March 2022             868          16,029             21.7             95.5                18.5
            March 2023             826          15,728             20.6             95.2                19.0
            March 2024             756          15,582             18.9             91.5                20.6
 
Annual openings
Year ended: March 2002

            March 2002           3,412          16,769            100.0               _                  4.9
            March 2003           2,720          16,833             79.7             79.7                 6.2
            March 2004           2,360          16,374             69.2             86.8                 6.9
            March 2005           2,190          17,077             64.2             92.8                 7.8
            March 2006           2,007          17,273             58.8             91.6                 8.6
            March 2007           1,860          17,622             54.5             92.7                 9.5
            March 2008           1,704          16,667             49.9             91.6                 9.8
            March 2009           1,545          15,140             45.3             90.7                 9.8
            March 2010           1,416          13,630             41.5             91.7                 9.6
            March 2011           1,305          12,969             38.2             92.2                 9.9
            March 2012           1,193          13,049             35.0             91.4                10.9
            March 2013           1,136          13,312             33.3             95.2                11.7
            March 2014           1,082          13,319             31.7             95.2                12.3
            March 2015           1,044          13,579             30.6             96.5                13.0
            March 2016             974          13,578             28.5             93.3                13.9
            March 2017             926          13,500             27.1             95.1                14.6
            March 2018             888          13,620             26.0             95.9                15.3
            March 2019             851          13,639             24.9             95.8                16.0
            March 2020             821          13,954             24.1             96.5                17.0
            March 2021             792          13,755             23.2             96.5                17.4
            March 2022             766          13,777             22.5             96.7                18.0
            March 2023             731          14,027             21.4             95.4                19.2
            March 2024             687          13,789             20.1             94.0                20.1
 
Annual openings
Year ended: March 2003

            March 2003           3,659          18,592            100.0               _                  5.1
            March 2004           2,892          17,925             79.0             79.0                 6.2
            March 2005           2,597          18,238             71.0             89.8                 7.0
            March 2006           2,355          18,627             64.4             90.7                 7.9
            March 2007           2,158          18,655             59.0             91.6                 8.6
            March 2008           1,982          17,639             54.2             91.8                 8.9
            March 2009           1,701          15,194             46.5             85.8                 8.9
            March 2010           1,557          14,194             42.6             91.5                 9.1
            March 2011           1,448          13,830             39.6             93.0                 9.6
            March 2012           1,314          13,616             35.9             90.7                10.4
            March 2013           1,240          13,313             33.9             94.4                10.7
            March 2014           1,162          13,139             31.8             93.7                11.3
            March 2015           1,136          13,137             31.0             97.8                11.6
            March 2016           1,092          13,435             29.8             96.1                12.3
            March 2017           1,035          13,427             28.3             94.8                13.0
            March 2018             990          13,381             27.1             95.7                13.5
            March 2019             956          13,448             26.1             96.6                14.1
            March 2020             926          13,670             25.3             96.9                14.8
            March 2021             871          13,572             23.8             94.1                15.6
            March 2022             831          13,574             22.7             95.4                16.3
            March 2023             768          12,908             21.0             92.4                16.8
            March 2024             715          12,836             19.5             93.1                18.0
 
Annual openings
Year ended: March 2004

            March 2004           3,741          17,529            100.0               _                  4.7
            March 2005           3,039          18,136             81.2             81.2                 6.0
            March 2006           2,717          18,798             72.6             89.4                 6.9
            March 2007           2,446          18,978             65.4             90.0                 7.8
            March 2008           2,190          18,513             58.5             89.5                 8.5
            March 2009           1,904          16,150             50.9             86.9                 8.5
            March 2010           1,749          15,493             46.8             91.9                 8.9
            March 2011           1,589          14,857             42.5             90.9                 9.3
            March 2012           1,438          14,658             38.4             90.5                10.2
            March 2013           1,387          14,409             37.1             96.5                10.4
            March 2014           1,338          14,936             35.8             96.5                11.2
            March 2015           1,245          14,422             33.3             93.0                11.6
            March 2016           1,184          15,024             31.6             95.1                12.7
            March 2017           1,135          14,853             30.3             95.9                13.1
            March 2018           1,113          15,330             29.8             98.1                13.8
            March 2019           1,062          15,506             28.4             95.4                14.6
            March 2020           1,028          15,496             27.5             96.8                15.1
            March 2021             989          15,081             26.4             96.2                15.2
            March 2022             953          14,507             25.5             96.4                15.2
            March 2023             880          14,073             23.5             92.3                16.0
            March 2024             819          13,677             21.9             93.1                16.7
 
Annual openings
Year ended: March 2005

            March 2005           4,457          18,484            100.0               _                  4.1
            March 2006           3,639          20,242             81.6             81.6                 5.6
            March 2007           3,185          19,544             71.5             87.5                 6.1
            March 2008           2,723          18,174             61.1             85.5                 6.7
            March 2009           2,265          15,290             50.8             83.2                 6.8
            March 2010           2,075          14,403             46.6             91.6                 6.9
            March 2011           1,869          13,380             41.9             90.1                 7.2
            March 2012           1,670          13,171             37.5             89.4                 7.9
            March 2013           1,544          12,864             34.6             92.5                 8.3
            March 2014           1,462          13,187             32.8             94.7                 9.0
            March 2015           1,420          13,272             31.9             97.1                 9.3
            March 2016           1,336          12,996             30.0             94.1                 9.7
            March 2017           1,268          12,698             28.4             94.9                10.0
            March 2018           1,208          12,874             27.1             95.3                10.7
            March 2019           1,149          12,768             25.8             95.1                11.1
            March 2020           1,093          12,710             24.5             95.1                11.6
            March 2021           1,074          12,628             24.1             98.3                11.8
            March 2022           1,055          12,477             23.7             98.2                11.8
            March 2023             989          11,824             22.2             93.7                12.0
            March 2024             929          11,865             20.8             93.9                12.8
 
Annual openings
Year ended: March 2006

            March 2006           5,071          20,405            100.0               _                  4.0
            March 2007           3,968          19,968             78.2             78.2                 5.0
            March 2008           3,237          18,391             63.8             81.6                 5.7
            March 2009           2,611          15,411             51.5             80.7                 5.9
            March 2010           2,247          14,689             44.3             86.1                 6.5
            March 2011           2,017          14,148             39.8             89.8                 7.0
            March 2012           1,810          13,634             35.7             89.7                 7.5
            March 2013           1,696          14,108             33.4             93.7                 8.3
            March 2014           1,622          14,030             32.0             95.6                 8.6
            March 2015           1,562          14,159             30.8             96.3                 9.1
            March 2016           1,446          14,105             28.5             92.6                 9.8
            March 2017           1,352          14,345             26.7             93.5                10.6
            March 2018           1,292          14,448             25.5             95.6                11.2
            March 2019           1,230          14,524             24.3             95.2                11.8
            March 2020           1,176          14,359             23.2             95.6                12.2
            March 2021           1,137          14,312             22.4             96.7                12.6
            March 2022           1,068          13,705             21.1             93.9                12.8
            March 2023           1,000          13,142             19.7             93.6                13.1
            March 2024             928          12,351             18.3             92.8                13.3
 
Annual openings
Year ended: March 2007

            March 2007           5,073          21,141            100.0               _                  4.2
            March 2008           3,675          19,365             72.4             72.4                 5.3
            March 2009           2,870          16,594             56.6             78.1                 5.8
            March 2010           2,443          15,525             48.2             85.1                 6.4
            March 2011           2,156          15,399             42.5             88.3                 7.1
            March 2012           1,901          15,058             37.5             88.2                 7.9
            March 2013           1,752          14,842             34.5             92.2                 8.5
            March 2014           1,676          14,813             33.0             95.7                 8.8
            March 2015           1,590          15,220             31.3             94.9                 9.6
            March 2016           1,447          15,374             28.5             91.0                10.6
            March 2017           1,366          15,546             26.9             94.4                11.4
            March 2018           1,291          15,595             25.4             94.5                12.1
            March 2019           1,231          15,858             24.3             95.4                12.9
            March 2020           1,163          16,021             22.9             94.5                13.8
            March 2021           1,128          15,882             22.2             97.0                14.1
            March 2022           1,091          15,833             21.5             96.7                14.5
            March 2023             999          16,049             19.7             91.6                16.1
            March 2024             932          15,554             18.4             93.3                16.7
 
Annual openings
Year ended: March 2008

            March 2008           4,318          18,676            100.0               _                  4.3
            March 2009           3,085          15,729             71.4             71.4                 5.1
            March 2010           2,567          14,444             59.4             83.2                 5.6
            March 2011           2,238          14,078             51.8             87.2                 6.3
            March 2012           1,942          13,417             45.0             86.8                 6.9
            March 2013           1,812          13,206             42.0             93.3                 7.3
            March 2014           1,688          13,436             39.1             93.2                 8.0
            March 2015           1,550          13,852             35.9             91.8                 8.9
            March 2016           1,425          14,406             33.0             91.9                10.1
            March 2017           1,332          14,398             30.8             93.5                10.8
            March 2018           1,265          14,425             29.3             95.0                11.4
            March 2019           1,196          14,754             27.7             94.5                12.3
            March 2020           1,146          14,780             26.5             95.8                12.9
            March 2021           1,084          14,367             25.1             94.6                13.3
            March 2022           1,024          14,813             23.7             94.5                14.5
            March 2023             955          14,603             22.1             93.3                15.3
            March 2024             905          14,119             21.0             94.8                15.6
 
Annual openings
Year ended: March 2009

            March 2009           3,296          15,346            100.0               _                  4.7
            March 2010           2,416          14,088             73.3             73.3                 5.8
            March 2011           2,095          13,654             63.6             86.7                 6.5
            March 2012           1,795          13,412             54.5             85.7                 7.5
            March 2013           1,644          13,192             49.9             91.6                 8.0
            March 2014           1,508          12,894             45.8             91.7                 8.6
            March 2015           1,416          13,035             43.0             93.9                 9.2
            March 2016           1,311          13,722             39.8             92.6                10.5
            March 2017           1,263          13,740             38.3             96.3                10.9
            March 2018           1,231          13,430             37.3             97.5                10.9
            March 2019           1,186          13,419             36.0             96.3                11.3
            March 2020           1,137          13,635             34.5             95.9                12.0
            March 2021           1,101          13,184             33.4             96.8                12.0
            March 2022           1,054          13,012             32.0             95.7                12.3
            March 2023             950          12,567             28.8             90.1                13.2
            March 2024             885          12,540             26.9             93.2                14.2
 
Annual openings
Year ended: March 2010

            March 2010           2,856          11,656            100.0               _                  4.1
            March 2011           2,185          11,225             76.5             76.5                 5.1
            March 2012           1,785          10,780             62.5             81.7                 6.0
            March 2013           1,596          10,257             55.9             89.4                 6.4
            March 2014           1,476          10,113             51.7             92.5                 6.9
            March 2015           1,369          10,407             47.9             92.8                 7.6
            March 2016           1,251          10,121             43.8             91.4                 8.1
            March 2017           1,176          10,391             41.2             94.0                 8.8
            March 2018           1,101          10,276             38.6             93.6                 9.3
            March 2019           1,036          10,501             36.3             94.1                10.1
            March 2020             996          10,437             34.9             96.1                10.5
            March 2021             956          10,636             33.5             96.0                11.1
            March 2022             912          10,867             31.9             95.4                11.9
            March 2023             804          10,204             28.2             88.2                12.7
            March 2024             754           9,822             26.4             93.8                13.0
 
Annual openings
Year ended: March 2011

            March 2011           3,038          12,616            100.0               _                  4.2
            March 2012           2,249          12,098             74.0             74.0                 5.4
            March 2013           1,966          12,284             64.7             87.4                 6.2
            March 2014           1,791          12,523             59.0             91.1                 7.0
            March 2015           1,605          12,893             52.8             89.6                 8.0
            March 2016           1,458          13,037             48.0             90.8                 8.9
            March 2017           1,346          13,021             44.3             92.3                 9.7
            March 2018           1,255          13,077             41.3             93.2                10.4
            March 2019           1,205          13,095             39.7             96.0                10.9
            March 2020           1,139          12,933             37.5             94.5                11.4
            March 2021           1,087          12,175             35.8             95.4                11.2
            March 2022           1,026          12,190             33.8             94.4                11.9
            March 2023             937          11,927             30.8             91.3                12.7
            March 2024             846          11,337             27.8             90.3                13.4
 
Annual openings
Year ended: March 2012

            March 2012           3,148          12,689            100.0               _                  4.0
            March 2013           2,425          12,755             77.0             77.0                 5.3
            March 2014           2,091          12,905             66.4             86.2                 6.2
            March 2015           1,886          12,935             59.9             90.2                 6.9
            March 2016           1,669          12,778             53.0             88.5                 7.7
            March 2017           1,541          13,089             49.0             92.3                 8.5
            March 2018           1,440          13,097             45.7             93.4                 9.1
            March 2019           1,337          12,803             42.5             92.8                 9.6
            March 2020           1,272          13,368             40.4             95.1                10.5
            March 2021           1,200          13,216             38.1             94.3                11.0
            March 2022           1,122          13,130             35.6             93.5                11.7
            March 2023           1,002          13,212             31.8             89.3                13.2
            March 2024             929          12,494             29.5             92.7                13.4
 
Annual openings
Year ended: March 2013

            March 2013           3,447          13,327            100.0               _                  3.9
            March 2014           2,625          13,143             76.2             76.2                 5.0
            March 2015           2,331          13,268             67.6             88.8                 5.7
            March 2016           2,033          14,119             59.0             87.2                 6.9
            March 2017           1,875          14,598             54.4             92.2                 7.8
            March 2018           1,723          15,063             50.0             91.9                 8.7
            March 2019           1,583          14,304             45.9             91.9                 9.0
            March 2020           1,465          14,826             42.5             92.5                10.1
            March 2021           1,394          14,223             40.4             95.2                10.2
            March 2022           1,312          14,268             38.1             94.1                10.9
            March 2023           1,160          13,711             33.7             88.4                11.8
            March 2024           1,045          13,314             30.3             90.1                12.7
 
Annual openings
Year ended: March 2014

            March 2014           4,034          18,279            100.0               _                  4.5
            March 2015           3,178          16,247             78.8             78.8                 5.1
            March 2016           2,710          15,563             67.2             85.3                 5.7
            March 2017           2,417          15,699             59.9             89.2                 6.5
            March 2018           2,193          16,308             54.4             90.7                 7.4
            March 2019           2,004          16,143             49.7             91.4                 8.1
            March 2020           1,868          16,191             46.3             93.2                 8.7
            March 2021           1,803          16,235             44.7             96.5                 9.0
            March 2022           1,703          16,558             42.2             94.5                 9.7
            March 2023           1,497          16,180             37.1             87.9                10.8
            March 2024           1,336          16,126             33.1             89.2                12.1
 
Annual openings
Year ended: March 2015

            March 2015           4,518          17,159            100.0               _                  3.8
            March 2016           3,461          16,989             76.6             76.6                 4.9
            March 2017           3,013          17,569             66.7             87.1                 5.8
            March 2018           2,682          17,735             59.4             89.0                 6.6
            March 2019           2,458          17,905             54.4             91.6                 7.3
            March 2020           2,295          18,021             50.8             93.4                 7.9
            March 2021           2,152          18,248             47.6             93.8                 8.5
            March 2022           2,022          18,923             44.8             94.0                 9.4
            March 2023           1,734          18,326             38.4             85.8                10.6
            March 2024           1,586          17,660             35.1             91.5                11.1
 
Annual openings
Year ended: March 2016

            March 2016           4,912          17,739            100.0               _                  3.6
            March 2017           3,942          18,024             80.3             80.3                 4.6
            March 2018           3,424          17,858             69.7             86.9                 5.2
            March 2019           3,107          17,821             63.3             90.7                 5.7
            March 2020           2,862          17,923             58.3             92.1                 6.3
            March 2021           2,667          18,538             54.3             93.2                 7.0
            March 2022           2,483          19,638             50.5             93.1                 7.9
            March 2023           2,131          18,321             43.4             85.8                 8.6
            March 2024           1,922          17,575             39.1             90.2                 9.1
 
Annual openings
Year ended: March 2017

            March 2017           5,048          16,978            100.0               _                  3.4
            March 2018           3,921          17,753             77.7             77.7                 4.5
            March 2019           3,508          17,950             69.5             89.5                 5.1
            March 2020           3,164          18,628             62.7             90.2                 5.9
            March 2021           2,903          18,702             57.5             91.8                 6.4
            March 2022           2,651          19,358             52.5             91.3                 7.3
            March 2023           2,218          18,427             43.9             83.7                 8.3
            March 2024           1,990          17,856             39.4             89.7                 9.0
 
Annual openings
Year ended: March 2018

            March 2018           5,323          17,936            100.0               _                  3.4
            March 2019           4,198          18,281             78.9             78.9                 4.4
            March 2020           3,673          18,407             69.0             87.5                 5.0
            March 2021           3,420          22,083             64.2             93.1                 6.5
            March 2022           3,109          23,746             58.4             90.9                 7.6
            March 2023           2,548          20,880             47.9             82.0                 8.2
            March 2024           2,286          20,492             42.9             89.7                 9.0
 
Annual openings
Year ended: March 2019

            March 2019           6,279          20,132            100.0               _                  3.2
            March 2020           5,051          20,922             80.4             80.4                 4.1
            March 2021           4,498          21,905             71.6             89.1                 4.9
            March 2022           4,024          22,820             64.1             89.5                 5.7
            March 2023           3,299          21,766             52.5             82.0                 6.6
            March 2024           2,959          20,789             47.1             89.7                 7.0
 
Annual openings
Year ended: March 2020

            March 2020           6,537          20,037            100.0               _                  3.1
            March 2021           5,295          20,882             81.0             81.0                 3.9
            March 2022           4,662          21,834             71.3             88.0                 4.7
            March 2023           3,764          20,274             57.6             80.7                 5.4
            March 2024           3,279          20,434             50.2             87.1                 6.2
 
Annual openings
Year ended: March 2021

            March 2021           8,171          22,269            100.0               _                  2.7
            March 2022           6,355          23,728             77.8             77.8                 3.7
            March 2023           4,990          21,527             61.1             78.5                 4.3
            March 2024           4,302          20,615             52.6             86.2                 4.8
 
Annual openings
Year ended: March 2022

            March 2022          10,115          26,439            100.0               _                  2.6
            March 2023           7,026          25,059             69.5             69.5                 3.6
            March 2024           5,903          24,266             58.4             84.0                 4.1
 
Annual openings
Year ended: March 2023

            March 2023           9,234          26,196            100.0               _                  2.8
            March 2024           6,891          25,003             74.6             74.6                 3.6
 
Annual openings
Year ended: March 2024

            March 2024           8,548          27,077            100.0               _                  3.2
 
NOTE: A '_' indicates that the data are not available and a 'N' indicates that the data do not meet BLS disclosure standards.
