Table 7. Survival of private sector establishments by opening year

Total Private

Illinois

                          Surviving       Total Employment   Survival Rates   Survival Rates of   Average Employment
                          Establishments  of Survivors       Since Birth      Previous Year's     of Survivors
                                                                              Survivors

Annual openings
Year ended: March 1994

            March 1994          22,973         189,547            100.0               _                  8.3
            March 1995          18,739         186,550             81.6             81.6                10.0
            March 1996          16,073         178,371             70.0             85.8                11.1
            March 1997          14,455         175,088             62.9             89.9                12.1
            March 1998          13,337         174,905             58.1             92.3                13.1
            March 1999          12,168         168,123             53.0             91.2                13.8
            March 2000          11,332         160,849             49.3             93.1                14.2
            March 2001          10,483         153,998             45.6             92.5                14.7
            March 2002           9,769         143,213             42.5             93.2                14.7
            March 2003           9,103         138,639             39.6             93.2                15.2
            March 2004           8,618         132,216             37.5             94.7                15.3
            March 2005           8,143         129,100             35.4             94.5                15.9
            March 2006           7,815         127,554             34.0             96.0                16.3
            March 2007           7,373         125,122             32.1             94.3                17.0
            March 2008           7,077         121,565             30.8             96.0                17.2
            March 2009           6,719         112,027             29.2             94.9                16.7
            March 2010           6,384         108,348             27.8             95.0                17.0
            March 2011           6,087         108,561             26.5             95.3                17.8
            March 2012           5,830         108,196             25.4             95.8                18.6
            March 2013           5,538         106,285             24.1             95.0                19.2
            March 2014           5,314         103,137             23.1             96.0                19.4
            March 2015           5,031         101,242             21.9             94.7                20.1
            March 2016           4,811          99,113             20.9             95.6                20.6
            March 2017           4,574          97,726             19.9             95.1                21.4
            March 2018           4,410          95,122             19.2             96.4                21.6
            March 2019           4,199          92,634             18.3             95.2                22.1
            March 2020           3,983          89,641             17.3             94.9                22.5
            March 2021           3,773          82,222             16.4             94.7                21.8
            March 2022           3,589          83,664             15.6             95.1                23.3
            March 2023           3,443          83,633             15.0             95.9                24.3
            March 2024           3,281          81,112             14.3             95.3                24.7
 
Annual openings
Year ended: March 1995

            March 1995          25,037         200,317            100.0               _                  8.0
            March 1996          19,874         194,714             79.4             79.4                 9.8
            March 1997          17,506         194,380             69.9             88.1                11.1
            March 1998          15,873         198,300             63.4             90.7                12.5
            March 1999          14,505         194,010             57.9             91.4                13.4
            March 2000          13,375         193,794             53.4             92.2                14.5
            March 2001          12,266         182,299             49.0             91.7                14.9
            March 2002          11,351         169,411             45.3             92.5                14.9
            March 2003          10,582         161,688             42.3             93.2                15.3
            March 2004           9,905         155,959             39.6             93.6                15.7
            March 2005           9,185         152,692             36.7             92.7                16.6
            March 2006           8,806         151,908             35.2             95.9                17.3
            March 2007           8,324         151,113             33.2             94.5                18.2
            March 2008           7,877         146,679             31.5             94.6                18.6
            March 2009           7,371         135,432             29.4             93.6                18.4
            March 2010           7,027         129,035             28.1             95.3                18.4
            March 2011           6,767         131,833             27.0             96.3                19.5
            March 2012           6,487         128,392             25.9             95.9                19.8
            March 2013           6,141         125,153             24.5             94.7                20.4
            March 2014           5,949         126,575             23.8             96.9                21.3
            March 2015           5,751         124,206             23.0             96.7                21.6
            March 2016           5,501         120,266             22.0             95.7                21.9
            March 2017           5,283         118,211             21.1             96.0                22.4
            March 2018           5,060         118,538             20.2             95.8                23.4
            March 2019           4,825         114,664             19.3             95.4                23.8
            March 2020           4,542         109,084             18.1             94.1                24.0
            March 2021           4,314          99,097             17.2             95.0                23.0
            March 2022           4,211         101,200             16.8             97.6                24.0
            March 2023           4,005          98,699             16.0             95.1                24.6
            March 2024           3,822          94,218             15.3             95.4                24.7
 
Annual openings
Year ended: March 1996

            March 1996          23,571         176,088            100.0               _                  7.5
            March 1997          19,405         177,633             82.3             82.3                 9.2
            March 1998          16,994         173,255             72.1             87.6                10.2
            March 1999          15,295         175,273             64.9             90.0                11.5
            March 2000          13,992         173,770             59.4             91.5                12.4
            March 2001          12,733         160,151             54.0             91.0                12.6
            March 2002          11,803         148,852             50.1             92.7                12.6
            March 2003          10,934         144,690             46.4             92.6                13.2
            March 2004          10,221         141,420             43.4             93.5                13.8
            March 2005           9,436         141,123             40.0             92.3                15.0
            March 2006           8,984         141,688             38.1             95.2                15.8
            March 2007           8,535         143,530             36.2             95.0                16.8
            March 2008           8,139         139,921             34.5             95.4                17.2
            March 2009           7,632         126,985             32.4             93.8                16.6
            March 2010           7,241         121,141             30.7             94.9                16.7
            March 2011           7,055         122,394             29.9             97.4                17.3
            March 2012           6,764         123,686             28.7             95.9                18.3
            March 2013           6,447         118,780             27.4             95.3                18.4
            March 2014           6,179         117,590             26.2             95.8                19.0
            March 2015           5,842         114,390             24.8             94.5                19.6
            March 2016           5,597         113,077             23.7             95.8                20.2
            March 2017           5,350         111,239             22.7             95.6                20.8
            March 2018           5,070         108,728             21.5             94.8                21.4
            March 2019           4,758         103,554             20.2             93.8                21.8
            March 2020           4,540          99,662             19.3             95.4                22.0
            March 2021           4,289          89,650             18.2             94.5                20.9
            March 2022           4,131          91,289             17.5             96.3                22.1
            March 2023           3,903          85,907             16.6             94.5                22.0
            March 2024           3,682          81,414             15.6             94.3                22.1
 
Annual openings
Year ended: March 1997

            March 1997          20,196         170,463            100.0               _                  8.4
            March 1998          16,312         169,332             80.8             80.8                10.4
            March 1999          14,255         164,052             70.6             87.4                11.5
            March 2000          12,814         170,027             63.4             89.9                13.3
            March 2001          11,521         172,518             57.0             89.9                15.0
            March 2002          10,393         160,576             51.5             90.2                15.5
            March 2003           9,654         142,835             47.8             92.9                14.8
            March 2004           8,973         137,712             44.4             92.9                15.3
            March 2005           8,321         134,368             41.2             92.7                16.1
            March 2006           7,885         134,919             39.0             94.8                17.1
            March 2007           7,500         134,236             37.1             95.1                17.9
            March 2008           7,271         131,733             36.0             96.9                18.1
            March 2009           6,778         117,966             33.6             93.2                17.4
            March 2010           6,342         113,359             31.4             93.6                17.9
            March 2011           6,022         112,330             29.8             95.0                18.7
            March 2012           5,733         113,986             28.4             95.2                19.9
            March 2013           5,422         111,132             26.8             94.6                20.5
            March 2014           5,224         108,565             25.9             96.3                20.8
            March 2015           4,914         105,651             24.3             94.1                21.5
            March 2016           4,736         102,625             23.5             96.4                21.7
            March 2017           4,489         100,154             22.2             94.8                22.3
            March 2018           4,291          97,238             21.2             95.6                22.7
            March 2019           4,069          96,409             20.1             94.8                23.7
            March 2020           3,827          95,216             18.9             94.1                24.9
            March 2021           3,644          86,385             18.0             95.2                23.7
            March 2022           3,532          87,727             17.5             96.9                24.8
            March 2023           3,338          88,728             16.5             94.5                26.6
            March 2024           3,199          86,006             15.8             95.8                26.9
 
Annual openings
Year ended: March 1998

            March 1998          22,282         165,725            100.0               _                  7.4
            March 1999          18,400         172,539             82.6             82.6                 9.4
            March 2000          15,923         177,774             71.5             86.5                11.2
            March 2001          14,233         176,328             63.9             89.4                12.4
            March 2002          12,624         163,304             56.7             88.7                12.9
            March 2003          11,611         156,911             52.1             92.0                13.5
            March 2004          10,643         158,359             47.8             91.7                14.9
            March 2005           9,881         155,397             44.3             92.8                15.7
            March 2006           9,319         159,252             41.8             94.3                17.1
            March 2007           8,794         158,721             39.5             94.4                18.0
            March 2008           8,247         157,239             37.0             93.8                19.1
            March 2009           7,687         144,916             34.5             93.2                18.9
            March 2010           7,196         136,892             32.3             93.6                19.0
            March 2011           6,872         137,840             30.8             95.5                20.1
            March 2012           6,587         140,063             29.6             95.9                21.3
            March 2013           6,234         140,010             28.0             94.6                22.5
            March 2014           6,062         140,347             27.2             97.2                23.2
            March 2015           5,791         136,999             26.0             95.5                23.7
            March 2016           5,598         136,348             25.1             96.7                24.4
            March 2017           5,306         133,846             23.8             94.8                25.2
            March 2018           4,989         130,879             22.4             94.0                26.2
            March 2019           4,782         130,234             21.5             95.9                27.2
            March 2020           4,511         127,515             20.2             94.3                28.3
            March 2021           4,320         115,139             19.4             95.8                26.7
            March 2022           4,141         118,453             18.6             95.9                28.6
            March 2023           3,950         118,265             17.7             95.4                29.9
            March 2024           3,742         113,285             16.8             94.7                30.3
 
Annual openings
Year ended: March 1999

            March 1999          21,659         165,081            100.0               _                  7.6
            March 2000          17,334         169,427             80.0             80.0                 9.8
            March 2001          15,119         166,505             69.8             87.2                11.0
            March 2002          13,301         151,290             61.4             88.0                11.4
            March 2003          12,055         148,146             55.7             90.6                12.3
            March 2004          11,083         146,923             51.2             91.9                13.3
            March 2005          10,113         145,518             46.7             91.2                14.4
            March 2006           9,568         144,769             44.2             94.6                15.1
            March 2007           8,971         142,710             41.4             93.8                15.9
            March 2008           8,453         140,033             39.0             94.2                16.6
            March 2009           7,920         129,079             36.6             93.7                16.3
            March 2010           7,395         122,626             34.1             93.4                16.6
            March 2011           7,107         123,398             32.8             96.1                17.4
            March 2012           6,911         124,795             31.9             97.2                18.1
            March 2013           6,504         123,555             30.0             94.1                19.0
            March 2014           6,337         122,071             29.3             97.4                19.3
            March 2015           6,047         118,764             27.9             95.4                19.6
            March 2016           5,802         113,200             26.8             95.9                19.5
            March 2017           5,486         114,928             25.3             94.6                20.9
            March 2018           5,204         114,013             24.0             94.9                21.9
            March 2019           4,917         110,936             22.7             94.5                22.6
            March 2020           4,644         107,956             21.4             94.4                23.2
            March 2021           4,429          99,094             20.4             95.4                22.4
            March 2022           4,237         101,533             19.6             95.7                24.0
            March 2023           4,037          99,578             18.6             95.3                24.7
            March 2024           3,827          96,907             17.7             94.8                25.3
 
Annual openings
Year ended: March 2000

            March 2000          21,454         143,189            100.0               _                  6.7
            March 2001          17,356         149,845             80.9             80.9                 8.6
            March 2002          14,601         135,499             68.1             84.1                 9.3
            March 2003          12,995         130,830             60.6             89.0                10.1
            March 2004          11,864         129,720             55.3             91.3                10.9
            March 2005          10,787         127,254             50.3             90.9                11.8
            March 2006          10,030         126,982             46.8             93.0                12.7
            March 2007           9,378         125,960             43.7             93.5                13.4
            March 2008           8,722         122,973             40.7             93.0                14.1
            March 2009           8,058         112,521             37.6             92.4                14.0
            March 2010           7,459         108,377             34.8             92.6                14.5
            March 2011           7,075         110,324             33.0             94.9                15.6
            March 2012           6,875         110,394             32.0             97.2                16.1
            March 2013           6,601         110,018             30.8             96.0                16.7
            March 2014           6,346         114,380             29.6             96.1                18.0
            March 2015           6,094         116,718             28.4             96.0                19.2
            March 2016           5,775         112,870             26.9             94.8                19.5
            March 2017           5,540         109,903             25.8             95.9                19.8
            March 2018           5,277         111,274             24.6             95.3                21.1
            March 2019           5,010         106,024             23.4             94.9                21.2
            March 2020           4,727         100,593             22.0             94.4                21.3
            March 2021           4,444          92,578             20.7             94.0                20.8
            March 2022           4,264          94,072             19.9             95.9                22.1
            March 2023           4,036          93,439             18.8             94.7                23.2
            March 2024           3,853          89,587             18.0             95.5                23.3
 
Annual openings
Year ended: March 2001

            March 2001          21,379         132,383            100.0               _                  6.2
            March 2002          16,453         123,772             77.0             77.0                 7.5
            March 2003          14,253         124,879             66.7             86.6                 8.8
            March 2004          12,760         122,729             59.7             89.5                 9.6
            March 2005          11,364         122,433             53.2             89.1                10.8
            March 2006          10,637         120,610             49.8             93.6                11.3
            March 2007           9,806         119,296             45.9             92.2                12.2
            March 2008           9,148         113,589             42.8             93.3                12.4
            March 2009           8,355         105,129             39.1             91.3                12.6
            March 2010           7,748         100,795             36.2             92.7                13.0
            March 2011           7,283         101,008             34.1             94.0                13.9
            March 2012           6,937         100,921             32.4             95.2                14.5
            March 2013           6,547          99,531             30.6             94.4                15.2
            March 2014           6,346          98,872             29.7             96.9                15.6
            March 2015           5,994          97,546             28.0             94.5                16.3
            March 2016           5,709          95,777             26.7             95.2                16.8
            March 2017           5,394          90,923             25.2             94.5                16.9
            March 2018           5,092          87,979             23.8             94.4                17.3
            March 2019           4,879          88,358             22.8             95.8                18.1
            March 2020           4,742          84,044             22.2             97.2                17.7
            March 2021           4,570          75,326             21.4             96.4                16.5
            March 2022           4,361          79,769             20.4             95.4                18.3
            March 2023           4,101          79,113             19.2             94.0                19.3
            March 2024           3,925          77,577             18.4             95.7                19.8
 
Annual openings
Year ended: March 2002

            March 2002          20,845         123,564            100.0               _                  5.9
            March 2003          16,670         117,798             80.0             80.0                 7.1
            March 2004          14,402         113,413             69.1             86.4                 7.9
            March 2005          12,768         112,113             61.3             88.7                 8.8
            March 2006          11,700         111,443             56.1             91.6                 9.5
            March 2007          10,811         111,273             51.9             92.4                10.3
            March 2008           9,939         106,657             47.7             91.9                10.7
            March 2009           8,991          96,607             43.1             90.5                10.7
            March 2010           8,311          90,387             39.9             92.4                10.9
            March 2011           7,800          88,751             37.4             93.9                11.4
            March 2012           7,366          88,510             35.3             94.4                12.0
            March 2013           6,926          87,590             33.2             94.0                12.6
            March 2014           6,657          84,875             31.9             96.1                12.7
            March 2015           6,268          82,210             30.1             94.2                13.1
            March 2016           6,003          81,287             28.8             95.8                13.5
            March 2017           5,669          80,227             27.2             94.4                14.2
            March 2018           5,346          77,865             25.6             94.3                14.6
            March 2019           5,064          75,885             24.3             94.7                15.0
            March 2020           4,697          73,267             22.5             92.8                15.6
            March 2021           4,534          68,028             21.8             96.5                15.0
            March 2022           4,321          68,578             20.7             95.3                15.9
            March 2023           4,110          69,054             19.7             95.1                16.8
            March 2024           3,912          67,986             18.8             95.2                17.4
 
Annual openings
Year ended: March 2003

            March 2003          21,111         122,106            100.0               _                  5.8
            March 2004          17,043         119,045             80.7             80.7                 7.0
            March 2005          14,530         117,169             68.8             85.3                 8.1
            March 2006          13,140         117,365             62.2             90.4                 8.9
            March 2007          12,056         116,135             57.1             91.8                 9.6
            March 2008          10,955         114,917             51.9             90.9                10.5
            March 2009           9,858         106,219             46.7             90.0                10.8
            March 2010           9,103         101,139             43.1             92.3                11.1
            March 2011           8,536         102,065             40.4             93.8                12.0
            March 2012           8,080         102,096             38.3             94.7                12.6
            March 2013           7,671          99,835             36.3             94.9                13.0
            March 2014           7,364          98,966             34.9             96.0                13.4
            March 2015           6,888          99,399             32.6             93.5                14.4
            March 2016           6,566         100,310             31.1             95.3                15.3
            March 2017           6,126          97,551             29.0             93.3                15.9
            March 2018           5,869          94,553             27.8             95.8                16.1
            March 2019           5,500          92,435             26.1             93.7                16.8
            March 2020           5,188          88,995             24.6             94.3                17.2
            March 2021           4,959          82,481             23.5             95.6                16.6
            March 2022           4,737          82,754             22.4             95.5                17.5
            March 2023           4,449          83,807             21.1             93.9                18.8
            March 2024           4,256          80,713             20.2             95.7                19.0
 
Annual openings
Year ended: March 2004

            March 2004          21,730         117,071            100.0               _                  5.4
            March 2005          16,977         115,944             78.1             78.1                 6.8
            March 2006          15,015         117,399             69.1             88.4                 7.8
            March 2007          13,518         114,250             62.2             90.0                 8.5
            March 2008          12,132         109,422             55.8             89.7                 9.0
            March 2009          10,791          99,101             49.7             88.9                 9.2
            March 2010           9,808          94,386             45.1             90.9                 9.6
            March 2011           9,156          94,254             42.1             93.4                10.3
            March 2012           8,638          96,242             39.8             94.3                11.1
            March 2013           8,114          95,671             37.3             93.9                11.8
            March 2014           7,802          95,988             35.9             96.2                12.3
            March 2015           7,309          93,390             33.6             93.7                12.8
            March 2016           6,947          91,896             32.0             95.0                13.2
            March 2017           6,506          90,415             29.9             93.7                13.9
            March 2018           6,156          90,200             28.3             94.6                14.7
            March 2019           5,788          89,253             26.6             94.0                15.4
            March 2020           5,425          86,515             25.0             93.7                15.9
            March 2021           5,152          80,011             23.7             95.0                15.5
            March 2022           4,926          86,497             22.7             95.6                17.6
            March 2023           4,680          87,521             21.5             95.0                18.7
            March 2024           4,416          85,624             20.3             94.4                19.4
 
Annual openings
Year ended: March 2005

            March 2005          21,804         111,854            100.0               _                  5.1
            March 2006          17,144         112,467             78.6             78.6                 6.6
            March 2007          14,944         111,586             68.5             87.2                 7.5
            March 2008          13,159         107,559             60.4             88.1                 8.2
            March 2009          11,607          99,210             53.2             88.2                 8.5
            March 2010          10,464          94,290             48.0             90.2                 9.0
            March 2011           9,752          95,021             44.7             93.2                 9.7
            March 2012           9,088          93,617             41.7             93.2                10.3
            March 2013           8,497          91,463             39.0             93.5                10.8
            March 2014           8,159          88,952             37.4             96.0                10.9
            March 2015           7,612          88,862             34.9             93.3                11.7
            March 2016           7,209          87,425             33.1             94.7                12.1
            March 2017           6,732          86,555             30.9             93.4                12.9
            March 2018           6,393          84,900             29.3             95.0                13.3
            March 2019           5,999          83,103             27.5             93.8                13.9
            March 2020           5,596          79,532             25.7             93.3                14.2
            March 2021           5,306          73,208             24.3             94.8                13.8
            March 2022           5,095          74,637             23.4             96.0                14.6
            March 2023           4,829          73,903             22.1             94.8                15.3
            March 2024           4,565          72,623             20.9             94.5                15.9
 
Annual openings
Year ended: March 2006

            March 2006          24,272         109,616            100.0               _                  4.5
            March 2007          19,128         111,756             78.8             78.8                 5.8
            March 2008          16,253         107,346             67.0             85.0                 6.6
            March 2009          14,010          99,134             57.7             86.2                 7.1
            March 2010          12,442          93,424             51.3             88.8                 7.5
            March 2011          11,506          92,795             47.4             92.5                 8.1
            March 2012          10,676          92,594             44.0             92.8                 8.7
            March 2013           9,806          89,327             40.4             91.9                 9.1
            March 2014           9,431          89,013             38.9             96.2                 9.4
            March 2015           8,781          89,209             36.2             93.1                10.2
            March 2016           8,338          88,784             34.4             95.0                10.6
            March 2017           7,810          84,442             32.2             93.7                10.8
            March 2018           7,323          83,257             30.2             93.8                11.4
            March 2019           6,887          81,168             28.4             94.0                11.8
            March 2020           6,405          79,505             26.4             93.0                12.4
            March 2021           6,178          74,744             25.5             96.5                12.1
            March 2022           5,917          75,312             24.4             95.8                12.7
            March 2023           5,521          76,000             22.7             93.3                13.8
            March 2024           5,293          75,924             21.8             95.9                14.3
 
Annual openings
Year ended: March 2007

            March 2007          22,420         105,829            100.0               _                  4.7
            March 2008          17,254         104,655             77.0             77.0                 6.1
            March 2009          14,398          97,548             64.2             83.4                 6.8
            March 2010          12,633          95,195             56.3             87.7                 7.5
            March 2011          11,577          96,544             51.6             91.6                 8.3
            March 2012          10,714          94,886             47.8             92.5                 8.9
            March 2013           9,872          93,105             44.0             92.1                 9.4
            March 2014           9,381          93,581             41.8             95.0                10.0
            March 2015           8,760          92,547             39.1             93.4                10.6
            March 2016           8,330          93,128             37.2             95.1                11.2
            March 2017           7,780          91,333             34.7             93.4                11.7
            March 2018           7,303          89,517             32.6             93.9                12.3
            March 2019           6,883          88,178             30.7             94.2                12.8
            March 2020           6,373          87,546             28.4             92.6                13.7
            March 2021           6,090          80,726             27.2             95.6                13.3
            March 2022           5,780          81,835             25.8             94.9                14.2
            March 2023           5,408          80,845             24.1             93.6                14.9
            March 2024           5,102          78,325             22.8             94.3                15.4
 
Annual openings
Year ended: March 2008

            March 2008          19,825          94,178            100.0               _                  4.8
            March 2009          14,903          85,955             75.2             75.2                 5.8
            March 2010          12,576          82,250             63.4             84.4                 6.5
            March 2011          11,368          82,980             57.3             90.4                 7.3
            March 2012          10,397          84,935             52.4             91.5                 8.2
            March 2013           9,496          83,898             47.9             91.3                 8.8
            March 2014           9,024          84,595             45.5             95.0                 9.4
            March 2015           8,345          83,054             42.1             92.5                10.0
            March 2016           7,876          83,075             39.7             94.4                10.5
            March 2017           7,374          81,809             37.2             93.6                11.1
            March 2018           6,974          80,538             35.2             94.6                11.5
            March 2019           6,503          79,346             32.8             93.2                12.2
            March 2020           5,992          77,124             30.2             92.1                12.9
            March 2021           5,758          69,430             29.0             96.1                12.1
            March 2022           5,488          71,811             27.7             95.3                13.1
            March 2023           5,232          70,995             26.4             95.3                13.6
            March 2024           4,935          67,485             24.9             94.3                13.7
 
Annual openings
Year ended: March 2009

            March 2009          19,000          82,866            100.0               _                  4.4
            March 2010          14,407          78,731             75.8             75.8                 5.5
            March 2011          12,599          77,429             66.3             87.5                 6.1
            March 2012          11,298          77,742             59.5             89.7                 6.9
            March 2013          10,225          76,383             53.8             90.5                 7.5
            March 2014           9,538          76,172             50.2             93.3                 8.0
            March 2015           8,699          75,933             45.8             91.2                 8.7
            March 2016           8,204          74,891             43.2             94.3                 9.1
            March 2017           7,563          74,770             39.8             92.2                 9.9
            March 2018           7,093          74,085             37.3             93.8                10.4
            March 2019           6,615          72,041             34.8             93.3                10.9
            March 2020           6,199          69,331             32.6             93.7                11.2
            March 2021           5,920          63,338             31.2             95.5                10.7
            March 2022           5,710          66,801             30.1             96.5                11.7
            March 2023           5,476          66,240             28.8             95.9                12.1
            March 2024           5,110          64,924             26.9             93.3                12.7
 
Annual openings
Year ended: March 2010

            March 2010          19,273          79,642            100.0               _                  4.1
            March 2011          14,948          78,927             77.6             77.6                 5.3
            March 2012          13,037          78,767             67.6             87.2                 6.0
            March 2013          11,602          78,825             60.2             89.0                 6.8
            March 2014          10,671          79,486             55.4             92.0                 7.4
            March 2015           9,799          80,882             50.8             91.8                 8.3
            March 2016           9,107          79,879             47.3             92.9                 8.8
            March 2017           8,415          79,280             43.7             92.4                 9.4
            March 2018           7,881          80,591             40.9             93.7                10.2
            March 2019           7,334          79,324             38.1             93.1                10.8
            March 2020           6,757          76,733             35.1             92.1                11.4
            March 2021           6,436          70,785             33.4             95.2                11.0
            March 2022           6,182          73,973             32.1             96.1                12.0
            March 2023           5,858          71,165             30.4             94.8                12.1
            March 2024           5,529          68,598             28.7             94.4                12.4
 
Annual openings
Year ended: March 2011

            March 2011          18,392          76,226            100.0               _                  4.1
            March 2012          14,300          77,599             77.8             77.8                 5.4
            March 2013          12,282          77,194             66.8             85.9                 6.3
            March 2014          11,200          78,256             60.9             91.2                 7.0
            March 2015          10,108          79,992             55.0             90.3                 7.9
            March 2016           9,317          81,960             50.7             92.2                 8.8
            March 2017           8,579          81,170             46.6             92.1                 9.5
            March 2018           7,886          79,658             42.9             91.9                10.1
            March 2019           7,313          78,444             39.8             92.7                10.7
            March 2020           6,767          77,742             36.8             92.5                11.5
            March 2021           6,461          71,701             35.1             95.5                11.1
            March 2022           6,158          75,776             33.5             95.3                12.3
            March 2023           5,734          74,722             31.2             93.1                13.0
            March 2024           5,378          74,381             29.2             93.8                13.8
 
Annual openings
Year ended: March 2012

            March 2012          19,489          84,665            100.0               _                  4.3
            March 2013          15,132          81,944             77.6             77.6                 5.4
            March 2014          13,374          82,234             68.6             88.4                 6.1
            March 2015          11,967          84,496             61.4             89.5                 7.1
            March 2016          10,962          85,174             56.2             91.6                 7.8
            March 2017           9,919          83,161             50.9             90.5                 8.4
            March 2018           9,220          81,846             47.3             93.0                 8.9
            March 2019           8,510          80,894             43.7             92.3                 9.5
            March 2020           7,881          79,291             40.4             92.6                10.1
            March 2021           7,447          74,663             38.2             94.5                10.0
            March 2022           7,058          76,802             36.2             94.8                10.9
            March 2023           6,666          76,113             34.2             94.4                11.4
            March 2024           6,196          74,721             31.8             92.9                12.1
 
Annual openings
Year ended: March 2013

            March 2013          17,369          79,690            100.0               _                  4.6
            March 2014          13,723          77,763             79.0             79.0                 5.7
            March 2015          11,917          78,971             68.6             86.8                 6.6
            March 2016          10,745          78,846             61.9             90.2                 7.3
            March 2017           9,642          76,725             55.5             89.7                 8.0
            March 2018           8,845          75,545             50.9             91.7                 8.5
            March 2019           8,041          73,773             46.3             90.9                 9.2
            March 2020           7,446          71,377             42.9             92.6                 9.6
            March 2021           7,153          65,009             41.2             96.1                 9.1
            March 2022           6,760          67,965             38.9             94.5                10.1
            March 2023           6,316          68,500             36.4             93.4                10.8
            March 2024           5,868          67,360             33.8             92.9                11.5
 
Annual openings
Year ended: March 2014

            March 2014          18,516          92,683            100.0               _                  5.0
            March 2015          14,602          90,856             78.9             78.9                 6.2
            March 2016          12,788          90,598             69.1             87.6                 7.1
            March 2017          11,352          87,738             61.3             88.8                 7.7
            March 2018          10,386          86,418             56.1             91.5                 8.3
            March 2019           9,438          83,912             51.0             90.9                 8.9
            March 2020           8,917          81,654             48.2             94.5                 9.2
            March 2021           8,435          74,969             45.6             94.6                 8.9
            March 2022           7,996          78,653             43.2             94.8                 9.8
            March 2023           7,269          77,638             39.3             90.9                10.7
            March 2024           6,747          77,304             36.4             92.8                11.5
 
Annual openings
Year ended: March 2015

            March 2015          21,194         109,285            100.0               _                  5.2
            March 2016          17,041         112,677             80.4             80.4                 6.6
            March 2017          14,827         114,562             70.0             87.0                 7.7
            March 2018          13,395         121,083             63.2             90.3                 9.0
            March 2019          12,011         118,746             56.7             89.7                 9.9
            March 2020          11,109         118,227             52.4             92.5                10.6
            March 2021          10,575         105,029             49.9             95.2                 9.9
            March 2022           9,943         136,339             46.9             94.0                13.7
            March 2023           9,217         136,900             43.5             92.7                14.9
            March 2024           8,640         133,243             40.8             93.7                15.4
 
Annual openings
Year ended: March 2016

            March 2016          22,735         114,814            100.0               _                  5.1
            March 2017          17,788         113,251             78.2             78.2                 6.4
            March 2018          15,610         112,308             68.7             87.8                 7.2
            March 2019          13,738         110,761             60.4             88.0                 8.1
            March 2020          12,431         106,798             54.7             90.5                 8.6
            March 2021          11,706         102,582             51.5             94.2                 8.8
            March 2022          11,075         111,212             48.7             94.6                10.0
            March 2023          10,275         109,722             45.2             92.8                10.7
            March 2024           9,583         107,235             42.2             93.3                11.2
 
Annual openings
Year ended: March 2017

            March 2017          23,962         109,872            100.0               _                  4.6
            March 2018          18,987         110,382             79.2             79.2                 5.8
            March 2019          16,491         111,857             68.8             86.9                 6.8
            March 2020          14,729         110,348             61.5             89.3                 7.5
            March 2021          13,861         107,307             57.8             94.1                 7.7
            March 2022          12,997         115,442             54.2             93.8                 8.9
            March 2023          12,004         114,024             50.1             92.4                 9.5
            March 2024          11,072         109,336             46.2             92.2                 9.9
 
Annual openings
Year ended: March 2018

            March 2018          22,145          93,704            100.0               _                  4.2
            March 2019          17,406          90,730             78.6             78.6                 5.2
            March 2020          15,317          90,240             69.2             88.0                 5.9
            March 2021          14,294          85,814             64.5             93.3                 6.0
            March 2022          13,314          93,408             60.1             93.1                 7.0
            March 2023          12,207          92,178             55.1             91.7                 7.6
            March 2024          11,194          87,150             50.5             91.7                 7.8
 
Annual openings
Year ended: March 2019

            March 2019          22,834          94,262            100.0               _                  4.1
            March 2020          18,109          92,444             79.3             79.3                 5.1
            March 2021          16,448          87,784             72.0             90.8                 5.3
            March 2022          15,100          96,054             66.1             91.8                 6.4
            March 2023          13,671          95,939             59.9             90.5                 7.0
            March 2024          12,531          92,009             54.9             91.7                 7.3
 
Annual openings
Year ended: March 2020

            March 2020          20,261          86,517            100.0               _                  4.3
            March 2021          17,136          83,303             84.6             84.6                 4.9
            March 2022          15,348          91,412             75.8             89.6                 6.0
            March 2023          13,689          89,017             67.6             89.2                 6.5
            March 2024          12,244          84,731             60.4             89.4                 6.9
 
Annual openings
Year ended: March 2021

            March 2021          24,916          91,039            100.0               _                  3.7
            March 2022          19,458         100,190             78.1             78.1                 5.1
            March 2023          16,808         100,891             67.5             86.4                 6.0
            March 2024          14,825          97,898             59.5             88.2                 6.6
 
Annual openings
Year ended: March 2022

            March 2022          28,584          97,920            100.0               _                  3.4
            March 2023          21,972          97,600             76.9             76.9                 4.4
            March 2024          18,576          93,813             65.0             84.5                 5.1
 
Annual openings
Year ended: March 2023

            March 2023          27,909          95,947            100.0               _                  3.4
            March 2024          21,808          95,437             78.1             78.1                 4.4
 
Annual openings
Year ended: March 2024

            March 2024          25,427          86,445            100.0               _                  3.4
 
NOTE: A '_' indicates that the data are not available and a 'N' indicates that the data do not meet BLS disclosure standards.
