Table 7. Survival of private sector establishments by opening year

Total Private

Kansas

                          Surviving       Total Employment   Survival Rates   Survival Rates of   Average Employment
                          Establishments  of Survivors       Since Birth      Previous Year's     of Survivors
                                                                              Survivors

Annual openings
Year ended: March 1994

            March 1994           6,233          43,255            100.0               _                  6.9
            March 1995           4,994          41,716             80.1             80.1                 8.4
            March 1996           4,289          39,889             68.8             85.9                 9.3
            March 1997           3,735          39,076             59.9             87.1                10.5
            March 1998           3,337          38,005             53.5             89.3                11.4
            March 1999           3,041          37,205             48.8             91.1                12.2
            March 2000           2,652          34,861             42.5             87.2                13.1
            March 2001           2,422          34,039             38.9             91.3                14.1
            March 2002           2,234          31,038             35.8             92.2                13.9
            March 2003           2,035          29,850             32.6             91.1                14.7
            March 2004           1,895          27,793             30.4             93.1                14.7
            March 2005           1,775          26,759             28.5             93.7                15.1
            March 2006           1,687          26,626             27.1             95.0                15.8
            March 2007           1,607          25,676             25.8             95.3                16.0
            March 2008           1,521          24,819             24.4             94.6                16.3
            March 2009           1,460          23,299             23.4             96.0                16.0
            March 2010           1,375          21,748             22.1             94.2                15.8
            March 2011           1,310          20,931             21.0             95.3                16.0
            March 2012           1,257          20,422             20.2             96.0                16.2
            March 2013           1,201          20,076             19.3             95.5                16.7
            March 2014           1,161          20,235             18.6             96.7                17.4
            March 2015           1,098          19,229             17.6             94.6                17.5
            March 2016           1,055          18,075             16.9             96.1                17.1
            March 2017           1,030          18,559             16.5             97.6                18.0
            March 2018             971          17,374             15.6             94.3                17.9
            March 2019             944          17,848             15.1             97.2                18.9
            March 2020             900          17,593             14.4             95.3                19.5
            March 2021             870          15,692             14.0             96.7                18.0
            March 2022             825          16,491             13.2             94.8                20.0
            March 2023             790          16,680             12.7             95.8                21.1
            March 2024             750          16,147             12.0             94.9                21.5
 
Annual openings
Year ended: March 1995

            March 1995           6,292          40,721            100.0               _                  6.5
            March 1996           5,056          42,170             80.4             80.4                 8.3
            March 1997           4,290          43,722             68.2             84.8                10.2
            March 1998           3,780          42,736             60.1             88.1                11.3
            March 1999           3,402          40,539             54.1             90.0                11.9
            March 2000           2,948          37,773             46.9             86.7                12.8
            March 2001           2,645          36,630             42.0             89.7                13.8
            March 2002           2,476          33,642             39.4             93.6                13.6
            March 2003           2,222          31,451             35.3             89.7                14.2
            March 2004           2,079          30,500             33.0             93.6                14.7
            March 2005           2,042          29,082             32.5             98.2                14.2
            March 2006           1,912          28,926             30.4             93.6                15.1
            March 2007           1,801          29,562             28.6             94.2                16.4
            March 2008           1,736          27,640             27.6             96.4                15.9
            March 2009           1,638          26,071             26.0             94.4                15.9
            March 2010           1,557          24,684             24.7             95.1                15.9
            March 2011           1,502          24,326             23.9             96.5                16.2
            March 2012           1,438          24,147             22.9             95.7                16.8
            March 2013           1,388          23,517             22.1             96.5                16.9
            March 2014           1,326          23,416             21.1             95.5                17.7
            March 2015           1,256          22,543             20.0             94.7                17.9
            March 2016           1,204          22,271             19.1             95.9                18.5
            March 2017           1,160          21,651             18.4             96.3                18.7
            March 2018           1,105          21,157             17.6             95.3                19.1
            March 2019           1,058          20,538             16.8             95.7                19.4
            March 2020           1,020          19,967             16.2             96.4                19.6
            March 2021             982          18,969             15.6             96.3                19.3
            March 2022             930          18,895             14.8             94.7                20.3
            March 2023             894          19,076             14.2             96.1                21.3
            March 2024             853          18,125             13.6             95.4                21.2
 
Annual openings
Year ended: March 1996

            March 1996           5,936          45,810            100.0               _                  7.7
            March 1997           4,744          45,261             79.9             79.9                 9.5
            March 1998           4,117          46,334             69.4             86.8                11.3
            March 1999           3,666          42,774             61.8             89.0                11.7
            March 2000           3,197          42,118             53.9             87.2                13.2
            March 2001           2,846          40,584             47.9             89.0                14.3
            March 2002           2,638          37,470             44.4             92.7                14.2
            March 2003           2,332          35,142             39.3             88.4                15.1
            March 2004           2,211          33,742             37.2             94.8                15.3
            March 2005           2,076          32,254             35.0             93.9                15.5
            March 2006           1,927          32,082             32.5             92.8                16.6
            March 2007           1,813          32,212             30.5             94.1                17.8
            March 2008           1,760          30,789             29.6             97.1                17.5
            March 2009           1,668          28,834             28.1             94.8                17.3
            March 2010           1,583          27,817             26.7             94.9                17.6
            March 2011           1,481          27,240             24.9             93.6                18.4
            March 2012           1,433          27,314             24.1             96.8                19.1
            March 2013           1,357          27,037             22.9             94.7                19.9
            March 2014           1,305          27,250             22.0             96.2                20.9
            March 2015           1,272          26,884             21.4             97.5                21.1
            March 2016           1,190          26,058             20.0             93.6                21.9
            March 2017           1,149          25,784             19.4             96.6                22.4
            March 2018           1,109          23,560             18.7             96.5                21.2
            March 2019           1,038          22,556             17.5             93.6                21.7
            March 2020             994          22,131             16.7             95.8                22.3
            March 2021             944          21,838             15.9             95.0                23.1
            March 2022             905          21,283             15.2             95.9                23.5
            March 2023             867          21,307             14.6             95.8                24.6
            March 2024             833          20,714             14.0             96.1                24.9
 
Annual openings
Year ended: March 1997

            March 1997           6,378          48,304            100.0               _                  7.6
            March 1998           5,152          51,408             80.8             80.8                10.0
            March 1999           4,448          49,600             69.7             86.3                11.2
            March 2000           3,801          47,192             59.6             85.5                12.4
            March 2001           3,364          43,621             52.7             88.5                13.0
            March 2002           3,091          38,704             48.5             91.9                12.5
            March 2003           2,689          37,297             42.2             87.0                13.9
            March 2004           2,503          34,770             39.2             93.1                13.9
            March 2005           2,333          34,126             36.6             93.2                14.6
            March 2006           2,166          32,565             34.0             92.8                15.0
            March 2007           1,996          31,646             31.3             92.2                15.9
            March 2008           1,889          30,178             29.6             94.6                16.0
            March 2009           1,786          27,535             28.0             94.5                15.4
            March 2010           1,698          26,245             26.6             95.1                15.5
            March 2011           1,622          25,787             25.4             95.5                15.9
            March 2012           1,531          25,331             24.0             94.4                16.5
            March 2013           1,465          25,061             23.0             95.7                17.1
            March 2014           1,380          24,269             21.6             94.2                17.6
            March 2015           1,344          24,724             21.1             97.4                18.4
            March 2016           1,289          23,126             20.2             95.9                17.9
            March 2017           1,213          21,397             19.0             94.1                17.6
            March 2018           1,153          21,225             18.1             95.1                18.4
            March 2019           1,115          21,036             17.5             96.7                18.9
            March 2020           1,076          20,266             16.9             96.5                18.8
            March 2021           1,021          18,938             16.0             94.9                18.5
            March 2022             987          19,120             15.5             96.7                19.4
            March 2023             936          18,493             14.7             94.8                19.8
            March 2024             881          18,585             13.8             94.1                21.1
 
Annual openings
Year ended: March 1998

            March 1998           6,522          51,406            100.0               _                  7.9
            March 1999           5,459          50,519             83.7             83.7                 9.3
            March 2000           4,524          48,664             69.4             82.9                10.8
            March 2001           3,998          44,902             61.3             88.4                11.2
            March 2002           3,626          42,995             55.6             90.7                11.9
            March 2003           3,172          39,692             48.6             87.5                12.5
            March 2004           2,967          38,365             45.5             93.5                12.9
            March 2005           2,725          35,862             41.8             91.8                13.2
            March 2006           2,514          34,642             38.5             92.3                13.8
            March 2007           2,366          34,453             36.3             94.1                14.6
            March 2008           2,230          33,054             34.2             94.3                14.8
            March 2009           2,101          31,147             32.2             94.2                14.8
            March 2010           1,998          29,531             30.6             95.1                14.8
            March 2011           1,923          29,279             29.5             96.2                15.2
            March 2012           1,821          29,052             27.9             94.7                16.0
            March 2013           1,741          28,376             26.7             95.6                16.3
            March 2014           1,660          29,545             25.5             95.3                17.8
            March 2015           1,584          29,511             24.3             95.4                18.6
            March 2016           1,536          29,683             23.6             97.0                19.3
            March 2017           1,476          29,312             22.6             96.1                19.9
            March 2018           1,421          29,079             21.8             96.3                20.5
            March 2019           1,346          28,154             20.6             94.7                20.9
            March 2020           1,297          27,700             19.9             96.4                21.4
            March 2021           1,236          25,378             19.0             95.3                20.5
            March 2022           1,191          25,548             18.3             96.4                21.5
            March 2023           1,134          25,112             17.4             95.2                22.1
            March 2024           1,079          23,932             16.5             95.1                22.2
 
Annual openings
Year ended: March 1999

            March 1999           6,339          47,961            100.0               _                  7.6
            March 2000           5,205          48,540             82.1             82.1                 9.3
            March 2001           4,452          44,055             70.2             85.5                 9.9
            March 2002           3,938          40,913             62.1             88.5                10.4
            March 2003           3,392          38,176             53.5             86.1                11.3
            March 2004           3,093          36,492             48.8             91.2                11.8
            March 2005           2,833          34,846             44.7             91.6                12.3
            March 2006           2,626          33,346             41.4             92.7                12.7
            March 2007           2,426          33,233             38.3             92.4                13.7
            March 2008           2,309          31,831             36.4             95.2                13.8
            March 2009           2,174          29,663             34.3             94.2                13.6
            March 2010           2,073          27,809             32.7             95.4                13.4
            March 2011           1,992          27,223             31.4             96.1                13.7
            March 2012           1,938          27,085             30.6             97.3                14.0
            March 2013           1,840          26,600             29.0             94.9                14.5
            March 2014           1,782          27,171             28.1             96.8                15.2
            March 2015           1,670          27,204             26.3             93.7                16.3
            March 2016           1,591          26,799             25.1             95.3                16.8
            March 2017           1,532          25,967             24.2             96.3                16.9
            March 2018           1,438          25,278             22.7             93.9                17.6
            March 2019           1,376          25,416             21.7             95.7                18.5
            March 2020           1,350          25,256             21.3             98.1                18.7
            March 2021           1,337          24,175             21.1             99.0                18.1
            March 2022           1,255          23,953             19.8             93.9                19.1
            March 2023           1,202          22,684             19.0             95.8                18.9
            March 2024           1,133          21,370             17.9             94.3                18.9
 
Annual openings
Year ended: March 2000

            March 2000           6,740          59,571            100.0               _                  8.8
            March 2001           5,600          62,209             83.1             83.1                11.1
            March 2002           4,773          58,749             70.8             85.2                12.3
            March 2003           3,987          53,026             59.2             83.5                13.3
            March 2004           3,617          50,368             53.7             90.7                13.9
            March 2005           3,334          47,521             49.5             92.2                14.3
            March 2006           3,055          47,831             45.3             91.6                15.7
            March 2007           2,804          51,836             41.6             91.8                18.5
            March 2008           2,640          46,532             39.2             94.2                17.6
            March 2009           2,474          43,259             36.7             93.7                17.5
            March 2010           2,313          42,581             34.3             93.5                18.4
            March 2011           2,224          41,410             33.0             96.2                18.6
            March 2012           2,133          40,212             31.6             95.9                18.9
            March 2013           2,052          40,017             30.4             96.2                19.5
            March 2014           1,984          39,304             29.4             96.7                19.8
            March 2015           1,897          37,614             28.1             95.6                19.8
            March 2016           1,811          36,875             26.9             95.5                20.4
            March 2017           1,758          37,251             26.1             97.1                21.2
            March 2018           1,659          38,338             24.6             94.4                23.1
            March 2019           1,586          36,148             23.5             95.6                22.8
            March 2020           1,528          35,970             22.7             96.3                23.5
            March 2021           1,510          34,918             22.4             98.8                23.1
            March 2022           1,426          35,042             21.2             94.4                24.6
            March 2023           1,415          33,283             21.0             99.2                23.5
            March 2024           1,364          31,898             20.2             96.4                23.4
 
Annual openings
Year ended: March 2001

            March 2001           7,364          53,297            100.0               _                  7.2
            March 2002           5,908          50,372             80.2             80.2                 8.5
            March 2003           4,789          46,582             65.0             81.1                 9.7
            March 2004           4,250          45,912             57.7             88.7                10.8
            March 2005           3,811          42,968             51.8             89.7                11.3
            March 2006           3,461          40,777             47.0             90.8                11.8
            March 2007           3,153          34,338             42.8             91.1                10.9
            March 2008           2,939          33,320             39.9             93.2                11.3
            March 2009           2,706          31,636             36.7             92.1                11.7
            March 2010           2,497          29,201             33.9             92.3                11.7
            March 2011           2,319          28,298             31.5             92.9                12.2
            March 2012           2,236          27,733             30.4             96.4                12.4
            March 2013           2,117          27,294             28.7             94.7                12.9
            March 2014           2,009          26,689             27.3             94.9                13.3
            March 2015           1,905          25,796             25.9             94.8                13.5
            March 2016           1,821          25,626             24.7             95.6                14.1
            March 2017           1,733          24,911             23.5             95.2                14.4
            March 2018           1,636          24,270             22.2             94.4                14.8
            March 2019           1,541          23,754             20.9             94.2                15.4
            March 2020           1,483          23,842             20.1             96.2                16.1
            March 2021           1,411          22,290             19.2             95.1                15.8
            March 2022           1,322          22,064             18.0             93.7                16.7
            March 2023           1,276          21,759             17.3             96.5                17.1
            March 2024           1,204          21,667             16.3             94.4                18.0
 
Annual openings
Year ended: March 2002

            March 2002           5,433          38,336            100.0               _                  7.1
            March 2003           4,074          35,323             75.0             75.0                 8.7
            March 2004           3,528          32,957             64.9             86.6                 9.3
            March 2005           3,097          33,423             57.0             87.8                10.8
            March 2006           2,770          32,274             51.0             89.4                11.7
            March 2007           2,521          30,567             46.4             91.0                12.1
            March 2008           2,339          30,271             43.1             92.8                12.9
            March 2009           2,157          28,274             39.7             92.2                13.1
            March 2010           2,038          26,819             37.5             94.5                13.2
            March 2011           1,894          27,650             34.9             92.9                14.6
            March 2012           1,757          26,663             32.3             92.8                15.2
            March 2013           1,653          25,974             30.4             94.1                15.7
            March 2014           1,562          25,271             28.8             94.5                16.2
            March 2015           1,498          23,993             27.6             95.9                16.0
            March 2016           1,396          23,466             25.7             93.2                16.8
            March 2017           1,317          22,405             24.2             94.3                17.0
            March 2018           1,251          21,805             23.0             95.0                17.4
            March 2019           1,212          21,509             22.3             96.9                17.7
            March 2020           1,172          21,414             21.6             96.7                18.3
            March 2021           1,131          20,055             20.8             96.5                17.7
            March 2022           1,079          19,624             19.9             95.4                18.2
            March 2023           1,044          20,027             19.2             96.8                19.2
            March 2024           1,003          19,373             18.5             96.1                19.3
 
Annual openings
Year ended: March 2003

            March 2003           6,362          45,939            100.0               _                  7.2
            March 2004           5,092          44,490             80.0             80.0                 8.7
            March 2005           4,370          41,559             68.7             85.8                 9.5
            March 2006           3,887          40,830             61.1             88.9                10.5
            March 2007           3,479          39,389             54.7             89.5                11.3
            March 2008           3,200          37,622             50.3             92.0                11.8
            March 2009           2,956          35,834             46.5             92.4                12.1
            March 2010           2,709          33,470             42.6             91.6                12.4
            March 2011           2,537          33,517             39.9             93.7                13.2
            March 2012           2,434          33,643             38.3             95.9                13.8
            March 2013           2,300          32,575             36.2             94.5                14.2
            March 2014           2,165          32,419             34.0             94.1                15.0
            March 2015           2,065          31,230             32.5             95.4                15.1
            March 2016           1,918          30,081             30.1             92.9                15.7
            March 2017           1,818          29,646             28.6             94.8                16.3
            March 2018           1,743          29,473             27.4             95.9                16.9
            March 2019           1,658          28,221             26.1             95.1                17.0
            March 2020           1,580          27,479             24.8             95.3                17.4
            March 2021           1,515          25,838             23.8             95.9                17.1
            March 2022           1,430          25,878             22.5             94.4                18.1
            March 2023           1,375          25,077             21.6             96.2                18.2
            March 2024           1,313          25,097             20.6             95.5                19.1
 
Annual openings
Year ended: March 2004

            March 2004           5,971          39,100            100.0               _                  6.5
            March 2005           4,828          39,638             80.9             80.9                 8.2
            March 2006           4,217          38,802             70.6             87.3                 9.2
            March 2007           3,698          37,957             61.9             87.7                10.3
            March 2008           3,338          36,993             55.9             90.3                11.1
            March 2009           3,034          35,123             50.8             90.9                11.6
            March 2010           2,802          32,697             46.9             92.4                11.7
            March 2011           2,643          34,626             44.3             94.3                13.1
            March 2012           2,474          33,948             41.4             93.6                13.7
            March 2013           2,301          31,807             38.5             93.0                13.8
            March 2014           2,175          31,674             36.4             94.5                14.6
            March 2015           2,063          31,709             34.6             94.9                15.4
            March 2016           1,949          28,586             32.6             94.5                14.7
            March 2017           1,831          28,500             30.7             93.9                15.6
            March 2018           1,725          27,493             28.9             94.2                15.9
            March 2019           1,649          27,113             27.6             95.6                16.4
            March 2020           1,583          26,998             26.5             96.0                17.1
            March 2021           1,476          24,870             24.7             93.2                16.8
            March 2022           1,393          24,643             23.3             94.4                17.7
            March 2023           1,329          24,424             22.3             95.4                18.4
            March 2024           1,245          23,932             20.9             93.7                19.2
 
Annual openings
Year ended: March 2005

            March 2005           5,777          35,331            100.0               _                  6.1
            March 2006           4,682          35,620             81.0             81.0                 7.6
            March 2007           3,929          34,538             68.0             83.9                 8.8
            March 2008           3,467          33,740             60.0             88.2                 9.7
            March 2009           3,081          31,238             53.3             88.9                10.1
            March 2010           2,858          29,091             49.5             92.8                10.2
            March 2011           2,618          28,101             45.3             91.6                10.7
            March 2012           2,444          27,620             42.3             93.4                11.3
            March 2013           2,281          27,255             39.5             93.3                11.9
            March 2014           2,164          28,379             37.5             94.9                13.1
            March 2015           2,096          28,192             36.3             96.9                13.5
            March 2016           1,990          28,399             34.4             94.9                14.3
            March 2017           1,904          28,047             33.0             95.7                14.7
            March 2018           1,831          27,232             31.7             96.2                14.9
            March 2019           1,741          26,498             30.1             95.1                15.2
            March 2020           1,641          26,152             28.4             94.3                15.9
            March 2021           1,551          23,873             26.8             94.5                15.4
            March 2022           1,468          24,109             25.4             94.6                16.4
            March 2023           1,392          23,694             24.1             94.8                17.0
            March 2024           1,322          22,305             22.9             95.0                16.9
 
Annual openings
Year ended: March 2006

            March 2006           5,462          32,995            100.0               _                  6.0
            March 2007           4,327          33,469             79.2             79.2                 7.7
            March 2008           3,801          43,182             69.6             87.8                11.4
            March 2009           3,302          38,072             60.5             86.9                11.5
            March 2010           2,971          34,318             54.4             90.0                11.6
            March 2011           2,737          31,441             50.1             92.1                11.5
            March 2012           2,521          31,822             46.2             92.1                12.6
            March 2013           2,344          30,953             42.9             93.0                13.2
            March 2014           2,192          30,899             40.1             93.5                14.1
            March 2015           2,084          30,649             38.2             95.1                14.7
            March 2016           1,932          28,820             35.4             92.7                14.9
            March 2017           1,831          28,123             33.5             94.8                15.4
            March 2018           1,723          27,111             31.5             94.1                15.7
            March 2019           1,649          27,989             30.2             95.7                17.0
            March 2020           1,567          26,173             28.7             95.0                16.7
            March 2021           1,490          22,770             27.3             95.1                15.3
            March 2022           1,432          22,220             26.2             96.1                15.5
            March 2023           1,374          22,491             25.2             95.9                16.4
            March 2024           1,314          21,666             24.1             95.6                16.5
 
Annual openings
Year ended: March 2007

            March 2007           5,692          34,387            100.0               _                  6.0
            March 2008           4,573          33,188             80.3             80.3                 7.3
            March 2009           3,884          30,487             68.2             84.9                 7.8
            March 2010           3,430          27,893             60.3             88.3                 8.1
            March 2011           3,081          26,324             54.1             89.8                 8.5
            March 2012           2,818          25,900             49.5             91.5                 9.2
            March 2013           2,620          25,794             46.0             93.0                 9.8
            March 2014           2,415          25,449             42.4             92.2                10.5
            March 2015           2,255          25,397             39.6             93.4                11.3
            March 2016           2,120          25,229             37.2             94.0                11.9
            March 2017           1,982          24,779             34.8             93.5                12.5
            March 2018           1,842          24,001             32.4             92.9                13.0
            March 2019           1,722          22,126             30.3             93.5                12.8
            March 2020           1,618          21,181             28.4             94.0                13.1
            March 2021           1,545          19,760             27.1             95.5                12.8
            March 2022           1,465          19,218             25.7             94.8                13.1
            March 2023           1,407          18,877             24.7             96.0                13.4
            March 2024           1,326          18,251             23.3             94.2                13.8
 
Annual openings
Year ended: March 2008

            March 2008           5,664          30,084            100.0               _                  5.3
            March 2009           4,351          27,416             76.8             76.8                 6.3
            March 2010           3,697          25,092             65.3             85.0                 6.8
            March 2011           3,321          24,137             58.6             89.8                 7.3
            March 2012           3,022          25,040             53.4             91.0                 8.3
            March 2013           2,782          23,802             49.1             92.1                 8.6
            March 2014           2,527          23,969             44.6             90.8                 9.5
            March 2015           2,329          23,471             41.1             92.2                10.1
            March 2016           2,162          24,027             38.2             92.8                11.1
            March 2017           2,019          24,027             35.6             93.4                11.9
            March 2018           1,885          24,118             33.3             93.4                12.8
            March 2019           1,803          22,903             31.8             95.6                12.7
            March 2020           1,688          22,919             29.8             93.6                13.6
            March 2021           1,573          21,517             27.8             93.2                13.7
            March 2022           1,505          21,816             26.6             95.7                14.5
            March 2023           1,437          21,720             25.4             95.5                15.1
            March 2024           1,366          19,746             24.1             95.1                14.5
 
Annual openings
Year ended: March 2009

            March 2009           5,310          27,346            100.0               _                  5.1
            March 2010           4,197          25,044             79.0             79.0                 6.0
            March 2011           3,605          23,682             67.9             85.9                 6.6
            March 2012           3,199          23,366             60.2             88.7                 7.3
            March 2013           2,852          22,642             53.7             89.2                 7.9
            March 2014           2,599          22,549             48.9             91.1                 8.7
            March 2015           2,376          21,572             44.7             91.4                 9.1
            March 2016           2,195          20,932             41.3             92.4                 9.5
            March 2017           2,019          20,166             38.0             92.0                10.0
            March 2018           1,880          19,361             35.4             93.1                10.3
            March 2019           1,743          18,980             32.8             92.7                10.9
            March 2020           1,658          18,672             31.2             95.1                11.3
            March 2021           1,561          17,687             29.4             94.1                11.3
            March 2022           1,469          17,746             27.7             94.1                12.1
            March 2023           1,389          18,062             26.2             94.6                13.0
            March 2024           1,302          17,742             24.5             93.7                13.6
 
Annual openings
Year ended: March 2010

            March 2010           4,707          23,766            100.0               _                  5.0
            March 2011           3,704          23,043             78.7             78.7                 6.2
            March 2012           3,160          23,101             67.1             85.3                 7.3
            March 2013           2,809          23,546             59.7             88.9                 8.4
            March 2014           2,517          23,741             53.5             89.6                 9.4
            March 2015           2,315          23,037             49.2             92.0                10.0
            March 2016           2,106          23,191             44.7             91.0                11.0
            March 2017           1,913          21,788             40.6             90.8                11.4
            March 2018           1,814          21,221             38.5             94.8                11.7
            March 2019           1,693          20,482             36.0             93.3                12.1
            March 2020           1,594          19,942             33.9             94.2                12.5
            March 2021           1,498          18,830             31.8             94.0                12.6
            March 2022           1,401          18,729             29.8             93.5                13.4
            March 2023           1,342          17,800             28.5             95.8                13.3
            March 2024           1,259          16,838             26.7             93.8                13.4
 
Annual openings
Year ended: March 2011

            March 2011           4,841          23,907            100.0               _                  4.9
            March 2012           3,745          23,520             77.4             77.4                 6.3
            March 2013           3,236          21,658             66.8             86.4                 6.7
            March 2014           2,850          21,244             58.9             88.1                 7.5
            March 2015           2,618          21,063             54.1             91.9                 8.0
            March 2016           2,337          20,494             48.3             89.3                 8.8
            March 2017           2,169          19,935             44.8             92.8                 9.2
            March 2018           2,031          19,810             42.0             93.6                 9.8
            March 2019           1,939          19,147             40.1             95.5                 9.9
            March 2020           1,819          18,502             37.6             93.8                10.2
            March 2021           1,679          17,201             34.7             92.3                10.2
            March 2022           1,578          17,168             32.6             94.0                10.9
            March 2023           1,507          17,414             31.1             95.5                11.6
            March 2024           1,425          16,775             29.4             94.6                11.8
 
Annual openings
Year ended: March 2012

            March 2012           5,242          29,240            100.0               _                  5.6
            March 2013           3,989          26,993             76.1             76.1                 6.8
            March 2014           3,476          25,920             66.3             87.1                 7.5
            March 2015           3,090          25,380             58.9             88.9                 8.2
            March 2016           2,786          24,667             53.1             90.2                 8.9
            March 2017           2,556          24,382             48.8             91.7                 9.5
            March 2018           2,327          23,876             44.4             91.0                10.3
            March 2019           2,190          24,527             41.8             94.1                11.2
            March 2020           2,034          24,348             38.8             92.9                12.0
            March 2021           1,879          22,587             35.8             92.4                12.0
            March 2022           1,788          23,535             34.1             95.2                13.2
            March 2023           1,693          23,214             32.3             94.7                13.7
            March 2024           1,596          23,289             30.4             94.3                14.6
 
Annual openings
Year ended: March 2013

            March 2013           5,108          27,149            100.0               _                  5.3
            March 2014           3,995          26,849             78.2             78.2                 6.7
            March 2015           3,471          27,609             68.0             86.9                 8.0
            March 2016           3,035          26,004             59.4             87.4                 8.6
            March 2017           2,756          25,044             54.0             90.8                 9.1
            March 2018           2,487          24,241             48.7             90.2                 9.7
            March 2019           2,257          23,963             44.2             90.8                10.6
            March 2020           2,101          23,047             41.1             93.1                11.0
            March 2021           1,938          21,385             37.9             92.2                11.0
            March 2022           1,802          21,670             35.3             93.0                12.0
            March 2023           1,685          21,718             33.0             93.5                12.9
            March 2024           1,580          21,588             30.9             93.8                13.7
 
Annual openings
Year ended: March 2014

            March 2014           5,566          28,652            100.0               _                  5.1
            March 2015           4,439          28,368             79.8             79.8                 6.4
            March 2016           3,829          28,522             68.8             86.3                 7.4
            March 2017           3,363          28,355             60.4             87.8                 8.4
            March 2018           3,049          28,033             54.8             90.7                 9.2
            March 2019           2,780          27,270             49.9             91.2                 9.8
            March 2020           2,566          26,668             46.1             92.3                10.4
            March 2021           2,383          24,931             42.8             92.9                10.5
            March 2022           2,215          24,961             39.8             93.0                11.3
            March 2023           2,070          25,129             37.2             93.5                12.1
            March 2024           1,931          24,685             34.7             93.3                12.8
 
Annual openings
Year ended: March 2015

            March 2015           5,331          26,136            100.0               _                  4.9
            March 2016           4,174          25,880             78.3             78.3                 6.2
            March 2017           3,536          24,020             66.3             84.7                 6.8
            March 2018           3,093          23,616             58.0             87.5                 7.6
            March 2019           2,815          23,269             52.8             91.0                 8.3
            March 2020           2,571          22,926             48.2             91.3                 8.9
            March 2021           2,364          21,462             44.3             91.9                 9.1
            March 2022           2,239          21,848             42.0             94.7                 9.8
            March 2023           2,117          22,679             39.7             94.6                10.7
            March 2024           1,951          21,106             36.6             92.2                10.8
 
Annual openings
Year ended: March 2016

            March 2016           7,726          30,031            100.0               _                  3.9
            March 2017           5,721          27,726             74.0             74.0                 4.8
            March 2018           4,788          27,348             62.0             83.7                 5.7
            March 2019           4,139          26,687             53.6             86.4                 6.4
            March 2020           3,462          24,775             44.8             83.6                 7.2
            March 2021           3,245          23,593             42.0             93.7                 7.3
            March 2022           2,987          24,134             38.7             92.0                 8.1
            March 2023           2,760          23,734             35.7             92.4                 8.6
            March 2024           2,512          22,653             32.5             91.0                 9.0
 
Annual openings
Year ended: March 2017

            March 2017           5,995          26,961            100.0               _                  4.5
            March 2018           4,581          25,932             76.4             76.4                 5.7
            March 2019           3,835          25,174             64.0             83.7                 6.6
            March 2020           3,363          24,347             56.1             87.7                 7.2
            March 2021           3,080          24,319             51.4             91.6                 7.9
            March 2022           2,810          24,135             46.9             91.2                 8.6
            March 2023           2,585          23,765             43.1             92.0                 9.2
            March 2024           2,353          22,251             39.2             91.0                 9.5
 
Annual openings
Year ended: March 2018

            March 2018           5,457          22,204            100.0               _                  4.1
            March 2019           4,165          22,397             76.3             76.3                 5.4
            March 2020           3,463          21,145             63.5             83.1                 6.1
            March 2021           3,065          21,225             56.2             88.5                 6.9
            March 2022           2,787          21,402             51.1             90.9                 7.7
            March 2023           2,535          21,213             46.5             91.0                 8.4
            March 2024           2,326          20,652             42.6             91.8                 8.9
 
Annual openings
Year ended: March 2019

            March 2019           5,578          23,714            100.0               _                  4.3
            March 2020           4,211          22,783             75.5             75.5                 5.4
            March 2021           3,653          22,441             65.5             86.7                 6.1
            March 2022           3,255          23,427             58.4             89.1                 7.2
            March 2023           2,917          22,759             52.3             89.6                 7.8
            March 2024           2,613          21,317             46.8             89.6                 8.2
 
Annual openings
Year ended: March 2020

            March 2020           5,804          25,110            100.0               _                  4.3
            March 2021           4,458          23,505             76.8             76.8                 5.3
            March 2022           3,869          24,187             66.7             86.8                 6.3
            March 2023           3,449          23,755             59.4             89.1                 6.9
            March 2024           3,053          22,484             52.6             88.5                 7.4
 
Annual openings
Year ended: March 2021

            March 2021           6,590          25,116            100.0               _                  3.8
            March 2022           4,976          26,140             75.5             75.5                 5.3
            March 2023           4,234          25,864             64.2             85.1                 6.1
            March 2024           3,667          24,050             55.6             86.6                 6.6
 
Annual openings
Year ended: March 2022

            March 2022           8,490          31,760            100.0               _                  3.7
            March 2023           6,271          31,406             73.9             73.9                 5.0
            March 2024           5,168          29,926             60.9             82.4                 5.8
 
Annual openings
Year ended: March 2023

            March 2023          10,003          34,893            100.0               _                  3.5
            March 2024           7,475          33,108             74.7             74.7                 4.4
 
Annual openings
Year ended: March 2024

            March 2024           9,194          32,229            100.0               _                  3.5
 
NOTE: A '_' indicates that the data are not available and a 'N' indicates that the data do not meet BLS disclosure standards.
