Table 7. Survival of private sector establishments by opening year

Total Private

Kentucky

                          Surviving       Total Employment   Survival Rates   Survival Rates of   Average Employment
                          Establishments  of Survivors       Since Birth      Previous Year's     of Survivors
                                                                              Survivors

Annual openings
Year ended: March 1994

            March 1994           6,642          48,176            100.0               _                  7.3
            March 1995           5,281          49,014             79.5             79.5                 9.3
            March 1996           4,593          48,053             69.2             87.0                10.5
            March 1997           4,146          47,649             62.4             90.3                11.5
            March 1998           3,763          46,887             56.7             90.8                12.5
            March 1999           3,442          44,760             51.8             91.5                13.0
            March 2000           3,296          44,608             49.6             95.8                13.5
            March 2001           2,886          43,036             43.5             87.6                14.9
            March 2002           2,699          40,869             40.6             93.5                15.1
            March 2003           2,511          37,465             37.8             93.0                14.9
            March 2004           2,378          37,183             35.8             94.7                15.6
            March 2005           2,226          36,992             33.5             93.6                16.6
            March 2006           2,133          36,998             32.1             95.8                17.3
            March 2007           2,011          35,295             30.3             94.3                17.6
            March 2008           1,902          34,898             28.6             94.6                18.3
            March 2009           1,786          32,236             26.9             93.9                18.0
            March 2010           1,730          31,565             26.0             96.9                18.2
            March 2011           1,646          30,934             24.8             95.1                18.8
            March 2012           1,601          31,105             24.1             97.3                19.4
            March 2013           1,522          30,979             22.9             95.1                20.4
            March 2014           1,459          30,639             22.0             95.9                21.0
            March 2015           1,402          30,252             21.1             96.1                21.6
            March 2016           1,353          30,411             20.4             96.5                22.5
            March 2017           1,279          29,877             19.3             94.5                23.4
            March 2018           1,213          28,849             18.3             94.8                23.8
            March 2019           1,164          28,418             17.5             96.0                24.4
            March 2020           1,116          27,271             16.8             95.9                24.4
            March 2021           1,090          25,416             16.4             97.7                23.3
            March 2022           1,031          25,702             15.5             94.6                24.9
            March 2023           1,031          25,848             15.5            100.0                25.1
            March 2024             977          25,206             14.7             94.8                25.8
 
Annual openings
Year ended: March 1995

            March 1995           7,013          49,510            100.0               _                  7.1
            March 1996           5,602          51,477             79.9             79.9                 9.2
            March 1997           4,812          53,852             68.6             85.9                11.2
            March 1998           4,290          54,476             61.2             89.2                12.7
            March 1999           3,880          52,610             55.3             90.4                13.6
            March 2000           3,633          51,959             51.8             93.6                14.3
            March 2001           3,244          48,985             46.3             89.3                15.1
            March 2002           2,976          45,672             42.4             91.7                15.3
            March 2003           2,793          44,490             39.8             93.9                15.9
            March 2004           2,632          44,562             37.5             94.2                16.9
            March 2005           2,468          44,095             35.2             93.8                17.9
            March 2006           2,330          43,739             33.2             94.4                18.8
            March 2007           2,173          41,576             31.0             93.3                19.1
            March 2008           2,051          39,628             29.2             94.4                19.3
            March 2009           1,940          36,102             27.7             94.6                18.6
            March 2010           1,864          34,809             26.6             96.1                18.7
            March 2011           1,751          35,812             25.0             93.9                20.5
            March 2012           1,705          35,730             24.3             97.4                21.0
            March 2013           1,646          36,109             23.5             96.5                21.9
            March 2014           1,579          36,142             22.5             95.9                22.9
            March 2015           1,533          36,839             21.9             97.1                24.0
            March 2016           1,474          36,836             21.0             96.2                25.0
            March 2017           1,412          36,323             20.1             95.8                25.7
            March 2018           1,354          35,287             19.3             95.9                26.1
            March 2019           1,309          35,005             18.7             96.7                26.7
            March 2020           1,271          34,132             18.1             97.1                26.9
            March 2021           1,234          32,350             17.6             97.1                26.2
            March 2022           1,159          31,508             16.5             93.9                27.2
            March 2023           1,138          31,712             16.2             98.2                27.9
            March 2024           1,091          31,719             15.6             95.9                29.1
 
Annual openings
Year ended: March 1996

            March 1996           6,962          50,589            100.0               _                  7.3
            March 1997           5,565          51,985             79.9             79.9                 9.3
            March 1998           4,805          54,088             69.0             86.3                11.3
            March 1999           4,307          55,397             61.9             89.6                12.9
            March 2000           4,063          56,362             58.4             94.3                13.9
            March 2001           3,613          52,539             51.9             88.9                14.5
            March 2002           3,272          49,764             47.0             90.6                15.2
            March 2003           3,090          46,891             44.4             94.4                15.2
            March 2004           2,916          46,810             41.9             94.4                16.1
            March 2005           2,821          47,156             40.5             96.7                16.7
            March 2006           2,682          47,295             38.5             95.1                17.6
            March 2007           2,510          45,404             36.1             93.6                18.1
            March 2008           2,382          43,849             34.2             94.9                18.4
            March 2009           2,223          38,899             31.9             93.3                17.5
            March 2010           2,089          37,701             30.0             94.0                18.0
            March 2011           2,015          37,329             28.9             96.5                18.5
            March 2012           1,936          37,756             27.8             96.1                19.5
            March 2013           1,880          37,913             27.0             97.1                20.2
            March 2014           1,808          37,387             26.0             96.2                20.7
            March 2015           1,732          36,920             24.9             95.8                21.3
            March 2016           1,674          37,310             24.0             96.7                22.3
            March 2017           1,589          37,564             22.8             94.9                23.6
            March 2018           1,520          37,063             21.8             95.7                24.4
            March 2019           1,500          36,024             21.5             98.7                24.0
            March 2020           1,456          35,997             20.9             97.1                24.7
            March 2021           1,378          35,381             19.8             94.6                25.7
            March 2022           1,305          35,289             18.7             94.7                27.0
            March 2023           1,269          33,492             18.2             97.2                26.4
            March 2024           1,210          32,904             17.4             95.4                27.2
 
Annual openings
Year ended: March 1997

            March 1997           7,439          53,367            100.0               _                  7.2
            March 1998           5,847          53,681             78.6             78.6                 9.2
            March 1999           5,071          51,308             68.2             86.7                10.1
            March 2000           4,615          52,215             62.0             91.0                11.3
            March 2001           3,943          48,025             53.0             85.4                12.2
            March 2002           3,591          47,389             48.3             91.1                13.2
            March 2003           3,329          45,561             44.8             92.7                13.7
            March 2004           3,104          44,683             41.7             93.2                14.4
            March 2005           2,924          45,379             39.3             94.2                15.5
            March 2006           2,751          45,512             37.0             94.1                16.5
            March 2007           2,624          44,509             35.3             95.4                17.0
            March 2008           2,489          43,405             33.5             94.9                17.4
            March 2009           2,300          37,916             30.9             92.4                16.5
            March 2010           2,187          36,407             29.4             95.1                16.6
            March 2011           2,066          36,080             27.8             94.5                17.5
            March 2012           2,009          36,474             27.0             97.2                18.2
            March 2013           1,921          36,344             25.8             95.6                18.9
            March 2014           1,841          35,456             24.7             95.8                19.3
            March 2015           1,762          34,656             23.7             95.7                19.7
            March 2016           1,689          34,404             22.7             95.9                20.4
            March 2017           1,630          33,698             21.9             96.5                20.7
            March 2018           1,559          34,322             21.0             95.6                22.0
            March 2019           1,504          34,105             20.2             96.5                22.7
            March 2020           1,418          32,655             19.1             94.3                23.0
            March 2021           1,346          31,422             18.1             94.9                23.3
            March 2022           1,277          30,528             17.2             94.9                23.9
            March 2023           1,246          30,247             16.7             97.6                24.3
            March 2024           1,187          29,512             16.0             95.3                24.9
 
Annual openings
Year ended: March 1998

            March 1998           7,190          51,209            100.0               _                  7.1
            March 1999           5,865          53,379             81.6             81.6                 9.1
            March 2000           5,193          52,835             72.2             88.5                10.2
            March 2001           4,274          49,657             59.4             82.3                11.6
            March 2002           3,753          45,697             52.2             87.8                12.2
            March 2003           3,407          43,625             47.4             90.8                12.8
            March 2004           3,164          42,148             44.0             92.9                13.3
            March 2005           2,952          42,551             41.1             93.3                14.4
            March 2006           2,788          41,669             38.8             94.4                14.9
            March 2007           2,637          40,827             36.7             94.6                15.5
            March 2008           2,489          39,038             34.6             94.4                15.7
            March 2009           2,300          34,550             32.0             92.4                15.0
            March 2010           2,178          33,152             30.3             94.7                15.2
            March 2011           2,075          32,466             28.9             95.3                15.6
            March 2012           2,002          32,405             27.8             96.5                16.2
            March 2013           1,932          31,774             26.9             96.5                16.4
            March 2014           1,858          31,329             25.8             96.2                16.9
            March 2015           1,780          31,323             24.8             95.8                17.6
            March 2016           1,723          30,974             24.0             96.8                18.0
            March 2017           1,626          31,465             22.6             94.4                19.4
            March 2018           1,584          31,162             22.0             97.4                19.7
            March 2019           1,549          30,473             21.5             97.8                19.7
            March 2020           1,471          30,372             20.5             95.0                20.6
            March 2021           1,430          29,336             19.9             97.2                20.5
            March 2022           1,354          29,041             18.8             94.7                21.4
            March 2023           1,346          28,847             18.7             99.4                21.4
            March 2024           1,291          28,279             18.0             95.9                21.9
 
Annual openings
Year ended: March 1999

            March 1999           7,579          62,550            100.0               _                  8.3
            March 2000           6,492          67,323             85.7             85.7                10.4
            March 2001           5,188          60,788             68.5             79.9                11.7
            March 2002           4,491          56,931             59.3             86.6                12.7
            March 2003           4,114          54,682             54.3             91.6                13.3
            March 2004           3,763          53,942             49.7             91.5                14.3
            March 2005           3,484          52,694             46.0             92.6                15.1
            March 2006           3,281          53,282             43.3             94.2                16.2
            March 2007           3,078          50,969             40.6             93.8                16.6
            March 2008           2,860          49,470             37.7             92.9                17.3
            March 2009           2,667          46,050             35.2             93.3                17.3
            March 2010           2,537          43,221             33.5             95.1                17.0
            March 2011           2,444          42,750             32.2             96.3                17.5
            March 2012           2,383          43,276             31.4             97.5                18.2
            March 2013           2,285          43,197             30.1             95.9                18.9
            March 2014           2,188          44,342             28.9             95.8                20.3
            March 2015           2,078          43,441             27.4             95.0                20.9
            March 2016           1,978          42,971             26.1             95.2                21.7
            March 2017           1,921          42,728             25.3             97.1                22.2
            March 2018           1,839          41,835             24.3             95.7                22.7
            March 2019           1,781          41,527             23.5             96.8                23.3
            March 2020           1,704          40,005             22.5             95.7                23.5
            March 2021           1,626          37,200             21.5             95.4                22.9
            March 2022           1,547          36,882             20.4             95.1                23.8
            March 2023           1,534          37,287             20.2             99.2                24.3
            March 2024           1,473          36,221             19.4             96.0                24.6
 
Annual openings
Year ended: March 2000

            March 2000           7,230          51,265            100.0               _                  7.1
            March 2001           5,558          48,816             76.9             76.9                 8.8
            March 2002           4,590          44,985             63.5             82.6                 9.8
            March 2003           4,134          43,696             57.2             90.1                10.6
            March 2004           3,730          43,825             51.6             90.2                11.7
            March 2005           3,478          41,867             48.1             93.2                12.0
            March 2006           3,202          42,422             44.3             92.1                13.2
            March 2007           2,984          41,097             41.3             93.2                13.8
            March 2008           2,889          39,569             40.0             96.8                13.7
            March 2009           2,684          36,448             37.1             92.9                13.6
            March 2010           2,511          34,760             34.7             93.6                13.8
            March 2011           2,366          34,783             32.7             94.2                14.7
            March 2012           2,266          35,211             31.3             95.8                15.5
            March 2013           2,172          35,052             30.0             95.9                16.1
            March 2014           2,077          35,062             28.7             95.6                16.9
            March 2015           1,972          33,774             27.3             94.9                17.1
            March 2016           1,900          34,645             26.3             96.3                18.2
            March 2017           1,793          35,432             24.8             94.4                19.8
            March 2018           1,717          32,910             23.7             95.8                19.2
            March 2019           1,648          32,151             22.8             96.0                19.5
            March 2020           1,586          32,298             21.9             96.2                20.4
            March 2021           1,522          31,758             21.1             96.0                20.9
            March 2022           1,418          34,042             19.6             93.2                24.0
            March 2023           1,417          32,638             19.6             99.9                23.0
            March 2024           1,358          31,427             18.8             95.8                23.1
 
Annual openings
Year ended: March 2001

            March 2001           6,805          45,805            100.0               _                  6.7
            March 2002           5,169          43,198             76.0             76.0                 8.4
            March 2003           4,399          40,955             64.6             85.1                 9.3
            March 2004           3,990          40,144             58.6             90.7                10.1
            March 2005           3,633          41,124             53.4             91.1                11.3
            March 2006           3,312          41,448             48.7             91.2                12.5
            March 2007           3,027          40,072             44.5             91.4                13.2
            March 2008           2,842          38,654             41.8             93.9                13.6
            March 2009           2,631          35,479             38.7             92.6                13.5
            March 2010           2,494          32,721             36.6             94.8                13.1
            March 2011           2,349          33,129             34.5             94.2                14.1
            March 2012           2,242          33,039             32.9             95.4                14.7
            March 2013           2,132          32,500             31.3             95.1                15.2
            March 2014           2,031          31,958             29.8             95.3                15.7
            March 2015           1,974          31,851             29.0             97.2                16.1
            March 2016           1,891          32,211             27.8             95.8                17.0
            March 2017           1,789          31,979             26.3             94.6                17.9
            March 2018           1,717          31,129             25.2             96.0                18.1
            March 2019           1,668          30,385             24.5             97.1                18.2
            March 2020           1,589          29,794             23.4             95.3                18.8
            March 2021           1,495          27,634             22.0             94.1                18.5
            March 2022           1,443          27,165             21.2             96.5                18.8
            March 2023           1,420          26,622             20.9             98.4                18.7
            March 2024           1,332          25,861             19.6             93.8                19.4
 
Annual openings
Year ended: March 2002

            March 2002           6,710          45,532            100.0               _                  6.8
            March 2003           5,151          43,528             76.8             76.8                 8.5
            March 2004           4,489          43,652             66.9             87.1                 9.7
            March 2005           4,037          43,278             60.2             89.9                10.7
            March 2006           3,696          44,644             55.1             91.6                12.1
            March 2007           3,406          41,154             50.8             92.2                12.1
            March 2008           3,151          38,402             47.0             92.5                12.2
            March 2009           2,893          35,234             43.1             91.8                12.2
            March 2010           2,707          33,641             40.3             93.6                12.4
            March 2011           2,473          32,598             36.9             91.4                13.2
            March 2012           2,362          31,641             35.2             95.5                13.4
            March 2013           2,281          31,157             34.0             96.6                13.7
            March 2014           2,183          30,061             32.5             95.7                13.8
            March 2015           2,076          29,792             30.9             95.1                14.4
            March 2016           1,998          30,143             29.8             96.2                15.1
            March 2017           1,884          29,532             28.1             94.3                15.7
            March 2018           1,788          28,659             26.6             94.9                16.0
            March 2019           1,723          27,877             25.7             96.4                16.2
            March 2020           1,649          27,156             24.6             95.7                16.5
            March 2021           1,567          25,136             23.4             95.0                16.0
            March 2022           1,479          25,302             22.0             94.4                17.1
            March 2023           1,472          25,857             21.9             99.5                17.6
            March 2024           1,374          24,947             20.5             93.3                18.2
 
Annual openings
Year ended: March 2003

            March 2003           6,301          42,457            100.0               _                  6.7
            March 2004           4,982          40,993             79.1             79.1                 8.2
            March 2005           4,301          39,392             68.3             86.3                 9.2
            March 2006           3,819          39,468             60.6             88.8                10.3
            March 2007           3,372          38,160             53.5             88.3                11.3
            March 2008           3,077          36,857             48.8             91.3                12.0
            March 2009           2,769          32,970             43.9             90.0                11.9
            March 2010           2,538          32,594             40.3             91.7                12.8
            March 2011           2,370          31,534             37.6             93.4                13.3
            March 2012           2,254          32,924             35.8             95.1                14.6
            March 2013           2,106          31,193             33.4             93.4                14.8
            March 2014           1,980          33,483             31.4             94.0                16.9
            March 2015           1,899          32,629             30.1             95.9                17.2
            March 2016           1,809          33,401             28.7             95.3                18.5
            March 2017           1,723          33,565             27.3             95.2                19.5
            March 2018           1,634          34,345             25.9             94.8                21.0
            March 2019           1,574          33,550             25.0             96.3                21.3
            March 2020           1,503          34,262             23.9             95.5                22.8
            March 2021           1,424          32,030             22.6             94.7                22.5
            March 2022           1,327          36,520             21.1             93.2                27.5
            March 2023           1,294          34,208             20.5             97.5                26.4
            March 2024           1,248          33,243             19.8             96.4                26.6
 
Annual openings
Year ended: March 2004

            March 2004           6,474          39,669            100.0               _                  6.1
            March 2005           5,149          38,392             79.5             79.5                 7.5
            March 2006           4,473          36,937             69.1             86.9                 8.3
            March 2007           3,960          36,477             61.2             88.5                 9.2
            March 2008           3,585          35,769             55.4             90.5                10.0
            March 2009           3,222          32,379             49.8             89.9                10.0
            March 2010           2,918          30,681             45.1             90.6                10.5
            March 2011           2,667          30,127             41.2             91.4                11.3
            March 2012           2,535          29,759             39.2             95.1                11.7
            March 2013           2,411          29,224             37.2             95.1                12.1
            March 2014           2,290          28,477             35.4             95.0                12.4
            March 2015           2,163          28,658             33.4             94.5                13.2
            March 2016           2,031          28,970             31.4             93.9                14.3
            March 2017           1,902          27,443             29.4             93.6                14.4
            March 2018           1,778          28,281             27.5             93.5                15.9
            March 2019           1,717          28,334             26.5             96.6                16.5
            March 2020           1,628          27,399             25.1             94.8                16.8
            March 2021           1,557          26,323             24.1             95.6                16.9
            March 2022           1,458          26,950             22.5             93.6                18.5
            March 2023           1,452          26,875             22.4             99.6                18.5
            March 2024           1,397          25,409             21.6             96.2                18.2
 
Annual openings
Year ended: March 2005

            March 2005           6,937          42,242            100.0               _                  6.1
            March 2006           5,526          42,913             79.7             79.7                 7.8
            March 2007           4,691          41,891             67.6             84.9                 8.9
            March 2008           4,195          40,429             60.5             89.4                 9.6
            March 2009           3,701          37,333             53.4             88.2                10.1
            March 2010           3,360          35,489             48.4             90.8                10.6
            March 2011           3,067          34,982             44.2             91.3                11.4
            March 2012           2,924          34,672             42.2             95.3                11.9
            March 2013           2,736          33,892             39.4             93.6                12.4
            March 2014           2,594          33,508             37.4             94.8                12.9
            March 2015           2,429          33,586             35.0             93.6                13.8
            March 2016           2,324          34,533             33.5             95.7                14.9
            March 2017           2,187          34,878             31.5             94.1                15.9
            March 2018           2,104          34,627             30.3             96.2                16.5
            March 2019           2,003          33,035             28.9             95.2                16.5
            March 2020           1,874          32,503             27.0             93.6                17.3
            March 2021           1,815          31,558             26.2             96.9                17.4
            March 2022           1,722          30,912             24.8             94.9                18.0
            March 2023           1,711          31,409             24.7             99.4                18.4
            March 2024           1,642          31,700             23.7             96.0                19.3
 
Annual openings
Year ended: March 2006

            March 2006           7,067          44,144            100.0               _                  6.2
            March 2007           5,447          43,558             77.1             77.1                 8.0
            March 2008           4,719          42,466             66.8             86.6                 9.0
            March 2009           4,055          36,870             57.4             85.9                 9.1
            March 2010           3,592          35,406             50.8             88.6                 9.9
            March 2011           3,287          36,288             46.5             91.5                11.0
            March 2012           3,083          37,450             43.6             93.8                12.1
            March 2013           2,898          37,288             41.0             94.0                12.9
            March 2014           2,746          37,592             38.9             94.8                13.7
            March 2015           2,578          38,146             36.5             93.9                14.8
            March 2016           2,443          37,332             34.6             94.8                15.3
            March 2017           2,287          36,148             32.4             93.6                15.8
            March 2018           2,148          37,920             30.4             93.9                17.7
            March 2019           2,089          38,007             29.6             97.3                18.2
            March 2020           1,948          36,397             27.6             93.3                18.7
            March 2021           1,848          35,053             26.1             94.9                19.0
            March 2022           1,735          37,309             24.6             93.9                21.5
            March 2023           1,741          37,297             24.6            100.3                21.4
            March 2024           1,656          36,108             23.4             95.1                21.8
 
Annual openings
Year ended: March 2007

            March 2007           6,910          41,739            100.0               _                  6.0
            March 2008           5,445          41,121             78.8             78.8                 7.6
            March 2009           4,568          40,918             66.1             83.9                 9.0
            March 2010           4,016          37,898             58.1             87.9                 9.4
            March 2011           3,595          36,573             52.0             89.5                10.2
            March 2012           3,375          36,800             48.8             93.9                10.9
            March 2013           3,164          35,625             45.8             93.7                11.3
            March 2014           2,964          35,987             42.9             93.7                12.1
            March 2015           2,772          35,941             40.1             93.5                13.0
            March 2016           2,640          35,579             38.2             95.2                13.5
            March 2017           2,462          35,286             35.6             93.3                14.3
            March 2018           2,287          34,267             33.1             92.9                15.0
            March 2019           2,220          32,969             32.1             97.1                14.9
            March 2020           2,108          31,767             30.5             95.0                15.1
            March 2021           1,949          29,917             28.2             92.5                15.3
            March 2022           1,820          31,043             26.3             93.4                17.1
            March 2023           1,803          31,044             26.1             99.1                17.2
            March 2024           1,716          30,624             24.8             95.2                17.8
 
Annual openings
Year ended: March 2008

            March 2008           6,686          37,666            100.0               _                  5.6
            March 2009           5,151          34,406             77.0             77.0                 6.7
            March 2010           4,415          32,557             66.0             85.7                 7.4
            March 2011           3,956          31,991             59.2             89.6                 8.1
            March 2012           3,662          33,094             54.8             92.6                 9.0
            March 2013           3,373          31,867             50.4             92.1                 9.4
            March 2014           3,133          31,083             46.9             92.9                 9.9
            March 2015           2,902          30,406             43.4             92.6                10.5
            March 2016           2,738          30,043             41.0             94.3                11.0
            March 2017           2,556          29,627             38.2             93.4                11.6
            March 2018           2,452          29,720             36.7             95.9                12.1
            March 2019           2,340          28,587             35.0             95.4                12.2
            March 2020           2,208          28,242             33.0             94.4                12.8
            March 2021           2,105          27,078             31.5             95.3                12.9
            March 2022           1,894          27,303             28.3             90.0                14.4
            March 2023           1,882          26,979             28.1             99.4                14.3
            March 2024           1,817          26,728             27.2             96.5                14.7
 
Annual openings
Year ended: March 2009

            March 2009           6,012          32,444            100.0               _                  5.4
            March 2010           4,662          32,679             77.5             77.5                 7.0
            March 2011           4,008          31,559             66.7             86.0                 7.9
            March 2012           3,572          30,718             59.4             89.1                 8.6
            March 2013           3,243          30,540             53.9             90.8                 9.4
            March 2014           3,010          30,672             50.1             92.8                10.2
            March 2015           2,804          30,747             46.6             93.2                11.0
            March 2016           2,626          30,560             43.7             93.7                11.6
            March 2017           2,439          30,792             40.6             92.9                12.6
            March 2018           2,275          29,426             37.8             93.3                12.9
            March 2019           2,173          29,301             36.1             95.5                13.5
            March 2020           2,060          27,776             34.3             94.8                13.5
            March 2021           1,958          26,516             32.6             95.0                13.5
            March 2022           1,835          26,501             30.5             93.7                14.4
            March 2023           1,806          26,635             30.0             98.4                14.7
            March 2024           1,724          26,420             28.7             95.5                15.3
 
Annual openings
Year ended: March 2010

            March 2010           5,506          28,735            100.0               _                  5.2
            March 2011           4,251          28,319             77.2             77.2                 6.7
            March 2012           3,737          27,590             67.9             87.9                 7.4
            March 2013           3,301          28,554             60.0             88.3                 8.7
            March 2014           2,978          28,307             54.1             90.2                 9.5
            March 2015           2,726          27,531             49.5             91.5                10.1
            March 2016           2,540          27,098             46.1             93.2                10.7
            March 2017           2,343          26,499             42.6             92.2                11.3
            March 2018           2,174          27,295             39.5             92.8                12.6
            March 2019           2,058          27,010             37.4             94.7                13.1
            March 2020           2,141          26,582             38.9            104.0                12.4
            March 2021           2,028          26,499             36.8             94.7                13.1
            March 2022           1,856          27,356             33.7             91.5                14.7
            March 2023           1,826          26,983             33.2             98.4                14.8
            March 2024           1,719          26,268             31.2             94.1                15.3
 
Annual openings
Year ended: March 2011

            March 2011           5,463          31,231            100.0               _                  5.7
            March 2012           4,311          30,196             78.9             78.9                 7.0
            March 2013           3,731          29,763             68.3             86.5                 8.0
            March 2014           3,365          29,885             61.6             90.2                 8.9
            March 2015           3,073          29,741             56.3             91.3                 9.7
            March 2016           2,832          28,262             51.8             92.2                10.0
            March 2017           2,591          27,398             47.4             91.5                10.6
            March 2018           2,376          27,191             43.5             91.7                11.4
            March 2019           2,232          26,523             40.9             93.9                11.9
            March 2020           2,439          26,227             44.6            109.3                10.8
            March 2021           2,268          23,651             41.5             93.0                10.4
            March 2022           2,049          23,621             37.5             90.3                11.5
            March 2023           2,014          24,423             36.9             98.3                12.1
            March 2024           1,926          23,689             35.3             95.6                12.3
 
Annual openings
Year ended: March 2012

            March 2012           6,000          30,296            100.0               _                  5.0
            March 2013           4,692          30,331             78.2             78.2                 6.5
            March 2014           4,021          29,764             67.0             85.7                 7.4
            March 2015           3,674          30,659             61.2             91.4                 8.3
            March 2016           3,391          31,491             56.5             92.3                 9.3
            March 2017           3,102          31,197             51.7             91.5                10.1
            March 2018           2,844          31,570             47.4             91.7                11.1
            March 2019           2,681          31,454             44.7             94.3                11.7
            March 2020           2,802          30,822             46.7            104.5                11.0
            March 2021           2,571          29,951             42.9             91.8                11.6
            March 2022           2,353          30,301             39.2             91.5                12.9
            March 2023           2,327          30,625             38.8             98.9                13.2
            March 2024           2,189          29,956             36.5             94.1                13.7
 
Annual openings
Year ended: March 2013

            March 2013           7,098          31,930            100.0               _                  4.5
            March 2014           5,538          31,084             78.0             78.0                 5.6
            March 2015           4,800          30,671             67.6             86.7                 6.4
            March 2016           4,318          30,598             60.8             90.0                 7.1
            March 2017           3,918          29,145             55.2             90.7                 7.4
            March 2018           3,515          28,013             49.5             89.7                 8.0
            March 2019           3,314          28,042             46.7             94.3                 8.5
            March 2020           3,232          26,940             45.5             97.5                 8.3
            March 2021           2,990          26,539             42.1             92.5                 8.9
            March 2022           2,720          27,598             38.3             91.0                10.1
            March 2023           2,649          27,218             37.3             97.4                10.3
            March 2024           2,471          26,984             34.8             93.3                10.9
 
Annual openings
Year ended: March 2014

            March 2014           7,627          34,167            100.0               _                  4.5
            March 2015           6,027          32,826             79.0             79.0                 5.4
            March 2016           5,222          32,411             68.5             86.6                 6.2
            March 2017           4,626          30,857             60.7             88.6                 6.7
            March 2018           4,083          30,089             53.5             88.3                 7.4
            March 2019           3,814          29,143             50.0             93.4                 7.6
            March 2020           3,616          27,515             47.4             94.8                 7.6
            March 2021           3,324          26,048             43.6             91.9                 7.8
            March 2022           3,048          27,356             40.0             91.7                 9.0
            March 2023           3,013          27,193             39.5             98.9                 9.0
            March 2024           2,819          26,269             37.0             93.6                 9.3
 
Annual openings
Year ended: March 2015

            March 2015           7,676          34,883            100.0               _                  4.5
            March 2016           6,047          34,714             78.8             78.8                 5.7
            March 2017           5,206          34,119             67.8             86.1                 6.6
            March 2018           4,523          33,943             58.9             86.9                 7.5
            March 2019           4,233          33,411             55.1             93.6                 7.9
            March 2020           3,864          32,610             50.3             91.3                 8.4
            March 2021           3,499          31,213             45.6             90.6                 8.9
            March 2022           3,182          32,786             41.5             90.9                10.3
            March 2023           3,124          33,473             40.7             98.2                10.7
            March 2024           2,952          31,845             38.5             94.5                10.8
 
Annual openings
Year ended: March 2016

            March 2016           6,990          33,776            100.0               _                  4.8
            March 2017           5,488          32,957             78.5             78.5                 6.0
            March 2018           4,705          32,407             67.3             85.7                 6.9
            March 2019           4,288          32,675             61.3             91.1                 7.6
            March 2020           3,943          33,627             56.4             92.0                 8.5
            March 2021           3,639          31,860             52.1             92.3                 8.8
            March 2022           3,278          32,986             46.9             90.1                10.1
            March 2023           3,224          30,865             46.1             98.4                 9.6
            March 2024           3,049          30,986             43.6             94.6                10.2
 
Annual openings
Year ended: March 2017

            March 2017           7,392          37,228            100.0               _                  5.0
            March 2018           5,807          36,844             78.6             78.6                 6.3
            March 2019           5,111          37,419             69.1             88.0                 7.3
            March 2020           4,549          35,878             61.5             89.0                 7.9
            March 2021           4,196          34,545             56.8             92.2                 8.2
            March 2022           3,753          35,775             50.8             89.4                 9.5
            March 2023           3,613          37,630             48.9             96.3                10.4
            March 2024           3,383          37,081             45.8             93.6                11.0
 
Annual openings
Year ended: March 2018

            March 2018           7,752          34,852            100.0               _                  4.5
            March 2019           6,186          34,078             79.8             79.8                 5.5
            March 2020           5,312          34,314             68.5             85.9                 6.5
            March 2021           4,760          34,712             61.4             89.6                 7.3
            March 2022           4,212          35,652             54.3             88.5                 8.5
            March 2023           4,047          36,712             52.2             96.1                 9.1
            March 2024           3,694          34,090             47.7             91.3                 9.2
 
Annual openings
Year ended: March 2019

            March 2019           7,999          34,024            100.0               _                  4.3
            March 2020           6,308          33,419             78.9             78.9                 5.3
            March 2021           5,526          32,800             69.1             87.6                 5.9
            March 2022           4,819          34,624             60.2             87.2                 7.2
            March 2023           4,582          35,721             57.3             95.1                 7.8
            March 2024           4,210          35,159             52.6             91.9                 8.4
 
Annual openings
Year ended: March 2020

            March 2020           7,961          33,450            100.0               _                  4.2
            March 2021           6,397          33,344             80.4             80.4                 5.2
            March 2022           5,485          35,835             68.9             85.7                 6.5
            March 2023           5,202          36,083             65.3             94.8                 6.9
            March 2024           4,705          35,167             59.1             90.4                 7.5
 
Annual openings
Year ended: March 2021

            March 2021           8,242          31,155            100.0               _                  3.8
            March 2022           6,162          31,623             74.8             74.8                 5.1
            March 2023           5,622          32,220             68.2             91.2                 5.7
            March 2024           4,924          31,347             59.7             87.6                 6.4
 
Annual openings
Year ended: March 2022

            March 2022          11,074          39,575            100.0               _                  3.6
            March 2023           8,990          42,058             81.2             81.2                 4.7
            March 2024           7,633          41,509             68.9             84.9                 5.4
 
Annual openings
Year ended: March 2023

            March 2023          11,517          40,688            100.0               _                  3.5
            March 2024           8,992          42,197             78.1             78.1                 4.7
 
Annual openings
Year ended: March 2024

            March 2024          10,923          41,958            100.0               _                  3.8
 
NOTE: A '_' indicates that the data are not available and a 'N' indicates that the data do not meet BLS disclosure standards.
