Table 7. Survival of private sector establishments by opening year

Total Private

Louisiana

                          Surviving       Total Employment   Survival Rates   Survival Rates of   Average Employment
                          Establishments  of Survivors       Since Birth      Previous Year's     of Survivors
                                                                              Survivors

Annual openings
Year ended: March 1994

            March 1994           8,471          72,025            100.0               _                  8.5
            March 1995           6,841          78,254             80.8             80.8                11.4
            March 1996           5,913          76,685             69.8             86.4                13.0
            March 1997           5,334          73,256             63.0             90.2                13.7
            March 1998           4,847          71,552             57.2             90.9                14.8
            March 1999           4,455          67,856             52.6             91.9                15.2
            March 2000           4,016          64,246             47.4             90.1                16.0
            March 2001           3,737          59,219             44.1             93.1                15.8
            March 2002           3,504          54,507             41.4             93.8                15.6
            March 2003           3,252          52,734             38.4             92.8                16.2
            March 2004           3,074          51,061             36.3             94.5                16.6
            March 2005           2,900          49,717             34.2             94.3                17.1
            March 2006           2,605          45,611             30.8             89.8                17.5
            March 2007           2,520          44,153             29.7             96.7                17.5
            March 2008           2,416          42,804             28.5             95.9                17.7
            March 2009           2,293          39,691             27.1             94.9                17.3
            March 2010           2,152          37,191             25.4             93.9                17.3
            March 2011           2,076          37,415             24.5             96.5                18.0
            March 2012           2,012          36,880             23.8             96.9                18.3
            March 2013           1,948          38,338             23.0             96.8                19.7
            March 2014           1,851          36,981             21.9             95.0                20.0
            March 2015           1,793          34,525             21.2             96.9                19.3
            March 2016           1,736          32,822             20.5             96.8                18.9
            March 2017           1,665          32,318             19.7             95.9                19.4
            March 2018           1,525          31,432             18.0             91.6                20.6
            March 2019           1,470          29,920             17.4             96.4                20.4
            March 2020           1,403          28,313             16.6             95.4                20.2
            March 2021           1,328          24,420             15.7             94.7                18.4
            March 2022           1,244          25,100             14.7             93.7                20.2
            March 2023           1,189          23,200             14.0             95.6                19.5
            March 2024           1,130          23,087             13.3             95.0                20.4
 
Annual openings
Year ended: March 1995

            March 1995           8,670          74,706            100.0               _                  8.6
            March 1996           6,889          76,758             79.5             79.5                11.1
            March 1997           6,030          75,916             69.6             87.5                12.6
            March 1998           5,475          78,322             63.1             90.8                14.3
            March 1999           4,907          70,635             56.6             89.6                14.4
            March 2000           4,420          67,395             51.0             90.1                15.2
            March 2001           4,092          60,854             47.2             92.6                14.9
            March 2002           3,744          55,772             43.2             91.5                14.9
            March 2003           3,444          54,947             39.7             92.0                16.0
            March 2004           3,294          53,979             38.0             95.6                16.4
            March 2005           3,118          51,548             36.0             94.7                16.5
            March 2006           2,775          45,985             32.0             89.0                16.6
            March 2007           2,657          46,141             30.6             95.7                17.4
            March 2008           2,543          44,458             29.3             95.7                17.5
            March 2009           2,413          42,141             27.8             94.9                17.5
            March 2010           2,275          39,908             26.2             94.3                17.5
            March 2011           2,224          40,457             25.7             97.8                18.2
            March 2012           2,118          39,507             24.4             95.2                18.7
            March 2013           2,011          39,956             23.2             94.9                19.9
            March 2014           1,934          38,879             22.3             96.2                20.1
            March 2015           1,866          38,124             21.5             96.5                20.4
            March 2016           1,783          37,722             20.6             95.6                21.2
            March 2017           1,710          36,003             19.7             95.9                21.1
            March 2018           1,637          34,462             18.9             95.7                21.1
            March 2019           1,579          34,928             18.2             96.5                22.1
            March 2020           1,505          32,190             17.4             95.3                21.4
            March 2021           1,446          28,150             16.7             96.1                19.5
            March 2022           1,381          28,077             15.9             95.5                20.3
            March 2023           1,320          28,190             15.2             95.6                21.4
            March 2024           1,244          27,742             14.3             94.2                22.3
 
Annual openings
Year ended: March 1996

            March 1996           7,635          54,318            100.0               _                  7.1
            March 1997           6,069          53,128             79.5             79.5                 8.8
            March 1998           5,342          49,562             70.0             88.0                 9.3
            March 1999           4,819          47,773             63.1             90.2                 9.9
            March 2000           4,350          44,776             57.0             90.3                10.3
            March 2001           3,942          41,954             51.6             90.6                10.6
            March 2002           3,607          38,296             47.2             91.5                10.6
            March 2003           3,246          36,105             42.5             90.0                11.1
            March 2004           3,010          34,841             39.4             92.7                11.6
            March 2005           2,811          33,351             36.8             93.4                11.9
            March 2006           2,489          30,043             32.6             88.5                12.1
            March 2007           2,421          31,095             31.7             97.3                12.8
            March 2008           2,334          30,330             30.6             96.4                13.0
            March 2009           2,219          29,488             29.1             95.1                13.3
            March 2010           2,064          27,900             27.0             93.0                13.5
            March 2011           1,936          27,592             25.4             93.8                14.3
            March 2012           1,841          26,916             24.1             95.1                14.6
            March 2013           1,787          27,028             23.4             97.1                15.1
            March 2014           1,755          26,731             23.0             98.2                15.2
            March 2015           1,678          26,402             22.0             95.6                15.7
            March 2016           1,602          25,719             21.0             95.5                16.1
            March 2017           1,556          24,015             20.4             97.1                15.4
            March 2018           1,471          22,935             19.3             94.5                15.6
            March 2019           1,406          22,480             18.4             95.6                16.0
            March 2020           1,351          22,390             17.7             96.1                16.6
            March 2021           1,283          20,618             16.8             95.0                16.1
            March 2022           1,219          20,441             16.0             95.0                16.8
            March 2023           1,170          21,166             15.3             96.0                18.1
            March 2024           1,099          20,846             14.4             93.9                19.0
 
Annual openings
Year ended: March 1997

            March 1997           8,401          60,934            100.0               _                  7.3
            March 1998           6,713          60,601             79.9             79.9                 9.0
            March 1999           5,740          59,738             68.3             85.5                10.4
            March 2000           5,107          56,730             60.8             89.0                11.1
            March 2001           4,454          52,421             53.0             87.2                11.8
            March 2002           4,011          46,708             47.7             90.1                11.6
            March 2003           3,701          45,626             44.1             92.3                12.3
            March 2004           3,430          43,573             40.8             92.7                12.7
            March 2005           3,234          42,146             38.5             94.3                13.0
            March 2006           2,906          39,971             34.6             89.9                13.8
            March 2007           2,781          39,642             33.1             95.7                14.3
            March 2008           2,624          37,631             31.2             94.4                14.3
            March 2009           2,487          34,810             29.6             94.8                14.0
            March 2010           2,320          33,576             27.6             93.3                14.5
            March 2011           2,214          33,504             26.4             95.4                15.1
            March 2012           2,127          32,652             25.3             96.1                15.4
            March 2013           2,024          32,060             24.1             95.2                15.8
            March 2014           1,918          31,476             22.8             94.8                16.4
            March 2015           1,816          29,947             21.6             94.7                16.5
            March 2016           1,741          28,137             20.7             95.9                16.2
            March 2017           1,659          27,659             19.7             95.3                16.7
            March 2018           1,575          26,693             18.7             94.9                16.9
            March 2019           1,513          26,145             18.0             96.1                17.3
            March 2020           1,420          25,332             16.9             93.9                17.8
            March 2021           1,371          23,574             16.3             96.5                17.2
            March 2022           1,298          23,148             15.5             94.7                17.8
            March 2023           1,235          22,823             14.7             95.1                18.5
            March 2024           1,184          21,785             14.1             95.9                18.4
 
Annual openings
Year ended: March 1998

            March 1998           8,931          58,537            100.0               _                  6.6
            March 1999           7,003          58,382             78.4             78.4                 8.3
            March 2000           6,051          58,167             67.8             86.4                 9.6
            March 2001           5,197          55,320             58.2             85.9                10.6
            March 2002           4,629          50,638             51.8             89.1                10.9
            March 2003           4,207          48,896             47.1             90.9                11.6
            March 2004           3,897          45,572             43.6             92.6                11.7
            March 2005           3,642          44,779             40.8             93.5                12.3
            March 2006           3,258          41,723             36.5             89.5                12.8
            March 2007           3,099          41,169             34.7             95.1                13.3
            March 2008           2,913          40,085             32.6             94.0                13.8
            March 2009           2,751          37,068             30.8             94.4                13.5
            March 2010           2,581          35,521             28.9             93.8                13.8
            March 2011           2,487          35,746             27.8             96.4                14.4
            March 2012           2,358          36,815             26.4             94.8                15.6
            March 2013           2,245          36,694             25.1             95.2                16.3
            March 2014           2,162          36,515             24.2             96.3                16.9
            March 2015           2,052          36,326             23.0             94.9                17.7
            March 2016           1,974          34,298             22.1             96.2                17.4
            March 2017           1,898          33,398             21.3             96.1                17.6
            March 2018           1,805          32,524             20.2             95.1                18.0
            March 2019           1,760          32,048             19.7             97.5                18.2
            March 2020           1,661          30,592             18.6             94.4                18.4
            March 2021           1,567          28,058             17.5             94.3                17.9
            March 2022           1,503          28,350             16.8             95.9                18.9
            March 2023           1,435          28,293             16.1             95.5                19.7
            March 2024           1,351          27,638             15.1             94.1                20.5
 
Annual openings
Year ended: March 1999

            March 1999           8,653          66,817            100.0               _                  7.7
            March 2000           6,858          68,572             79.3             79.3                10.0
            March 2001           5,619          64,222             64.9             81.9                11.4
            March 2002           4,962          58,048             57.3             88.3                11.7
            March 2003           4,469          53,219             51.6             90.1                11.9
            March 2004           4,095          52,715             47.3             91.6                12.9
            March 2005           3,997          50,669             46.2             97.6                12.7
            March 2006           3,522          44,406             40.7             88.1                12.6
            March 2007           3,329          45,088             38.5             94.5                13.5
            March 2008           3,137          43,328             36.3             94.2                13.8
            March 2009           2,920          42,511             33.7             93.1                14.6
            March 2010           2,729          40,233             31.5             93.5                14.7
            March 2011           2,595          38,861             30.0             95.1                15.0
            March 2012           2,488          38,565             28.8             95.9                15.5
            March 2013           2,372          38,852             27.4             95.3                16.4
            March 2014           2,291          38,094             26.5             96.6                16.6
            March 2015           2,194          37,963             25.4             95.8                17.3
            March 2016           2,088          35,990             24.1             95.2                17.2
            March 2017           2,031          35,044             23.5             97.3                17.3
            March 2018           1,939          33,997             22.4             95.5                17.5
            March 2019           1,861          32,563             21.5             96.0                17.5
            March 2020           1,787          31,906             20.7             96.0                17.9
            March 2021           1,714          27,964             19.8             95.9                16.3
            March 2022           1,587          27,572             18.3             92.6                17.4
            March 2023           1,526          27,840             17.6             96.2                18.2
            March 2024           1,440          29,313             16.6             94.4                20.4
 
Annual openings
Year ended: March 2000

            March 2000           8,730          67,312            100.0               _                  7.7
            March 2001           6,716          68,593             76.9             76.9                10.2
            March 2002           5,619          64,850             64.4             83.7                11.5
            March 2003           5,003          60,246             57.3             89.0                12.0
            March 2004           4,526          58,964             51.8             90.5                13.0
            March 2005           4,217          57,603             48.3             93.2                13.7
            March 2006           3,763          54,120             43.1             89.2                14.4
            March 2007           3,564          54,054             40.8             94.7                15.2
            March 2008           3,371          53,305             38.6             94.6                15.8
            March 2009           3,159          50,965             36.2             93.7                16.1
            March 2010           2,945          47,401             33.7             93.2                16.1
            March 2011           2,846          46,702             32.6             96.6                16.4
            March 2012           2,700          44,454             30.9             94.9                16.5
            March 2013           2,569          43,106             29.4             95.1                16.8
            March 2014           2,463          43,639             28.2             95.9                17.7
            March 2015           2,365          43,044             27.1             96.0                18.2
            March 2016           2,310          41,259             26.5             97.7                17.9
            March 2017           2,208          39,762             25.3             95.6                18.0
            March 2018           2,103          38,302             24.1             95.2                18.2
            March 2019           1,977          35,780             22.6             94.0                18.1
            March 2020           1,919          33,881             22.0             97.1                17.7
            March 2021           1,842          31,743             21.1             96.0                17.2
            March 2022           1,770          31,764             20.3             96.1                17.9
            March 2023           1,662          30,891             19.0             93.9                18.6
            March 2024           1,580          30,938             18.1             95.1                19.6
 
Annual openings
Year ended: March 2001

            March 2001           8,226          61,951            100.0               _                  7.5
            March 2002           6,287          57,860             76.4             76.4                 9.2
            March 2003           5,446          52,958             66.2             86.6                 9.7
            March 2004           4,905          52,413             59.6             90.1                10.7
            March 2005           4,585          51,081             55.7             93.5                11.1
            March 2006           4,035          47,572             49.1             88.0                11.8
            March 2007           3,779          48,207             45.9             93.7                12.8
            March 2008           3,577          47,185             43.5             94.7                13.2
            March 2009           3,294          44,087             40.0             92.1                13.4
            March 2010           3,071          42,911             37.3             93.2                14.0
            March 2011           2,944          43,379             35.8             95.9                14.7
            March 2012           2,785          42,636             33.9             94.6                15.3
            March 2013           2,637          41,367             32.1             94.7                15.7
            March 2014           2,542          41,841             30.9             96.4                16.5
            March 2015           2,408          39,172             29.3             94.7                16.3
            March 2016           2,307          38,583             28.0             95.8                16.7
            March 2017           2,185          36,102             26.6             94.7                16.5
            March 2018           2,084          35,099             25.3             95.4                16.8
            March 2019           2,010          34,284             24.4             96.4                17.1
            March 2020           1,895          33,427             23.0             94.3                17.6
            March 2021           1,804          31,250             21.9             95.2                17.3
            March 2022           1,702          31,271             20.7             94.3                18.4
            March 2023           1,635          30,208             19.9             96.1                18.5
            March 2024           1,544          30,002             18.8             94.4                19.4
 
Annual openings
Year ended: March 2002

            March 2002           8,168          61,859            100.0               _                  7.6
            March 2003           6,466          60,686             79.2             79.2                 9.4
            March 2004           5,598          58,010             68.5             86.6                10.4
            March 2005           5,076          54,849             62.1             90.7                10.8
            March 2006           4,421          51,631             54.1             87.1                11.7
            March 2007           4,212          53,044             51.6             95.3                12.6
            March 2008           3,936          50,124             48.2             93.4                12.7
            March 2009           3,672          47,321             45.0             93.3                12.9
            March 2010           3,432          44,982             42.0             93.5                13.1
            March 2011           3,248          44,359             39.8             94.6                13.7
            March 2012           3,062          42,517             37.5             94.3                13.9
            March 2013           2,925          42,664             35.8             95.5                14.6
            March 2014           2,785          42,348             34.1             95.2                15.2
            March 2015           2,656          41,155             32.5             95.4                15.5
            March 2016           2,583          39,268             31.6             97.3                15.2
            March 2017           2,482          38,827             30.4             96.1                15.6
            March 2018           2,366          37,270             29.0             95.3                15.8
            March 2019           2,244          36,912             27.5             94.8                16.4
            March 2020           2,122          36,055             26.0             94.6                17.0
            March 2021           2,013          33,061             24.6             94.9                16.4
            March 2022           1,901          32,235             23.3             94.4                17.0
            March 2023           1,834          32,761             22.5             96.5                17.9
            March 2024           1,761          32,000             21.6             96.0                18.2
 
Annual openings
Year ended: March 2003

            March 2003           7,730          55,177            100.0               _                  7.1
            March 2004           6,062          54,947             78.4             78.4                 9.1
            March 2005           5,268          53,471             68.2             86.9                10.2
            March 2006           4,461          48,700             57.7             84.7                10.9
            March 2007           4,068          49,142             52.6             91.2                12.1
            March 2008           3,776          47,653             48.8             92.8                12.6
            March 2009           3,459          44,736             44.7             91.6                12.9
            March 2010           3,212          40,843             41.6             92.9                12.7
            March 2011           3,017          40,181             39.0             93.9                13.3
            March 2012           2,859          40,390             37.0             94.8                14.1
            March 2013           2,715          39,976             35.1             95.0                14.7
            March 2014           2,569          39,204             33.2             94.6                15.3
            March 2015           2,428          38,123             31.4             94.5                15.7
            March 2016           2,348          36,015             30.4             96.7                15.3
            March 2017           2,230          33,345             28.8             95.0                15.0
            March 2018           2,136          32,358             27.6             95.8                15.1
            March 2019           2,039          31,952             26.4             95.5                15.7
            March 2020           1,943          30,467             25.1             95.3                15.7
            March 2021           1,854          28,169             24.0             95.4                15.2
            March 2022           1,750          28,276             22.6             94.4                16.2
            March 2023           1,674          28,094             21.7             95.7                16.8
            March 2024           1,561          27,555             20.2             93.2                17.7
 
Annual openings
Year ended: March 2004

            March 2004           8,077          53,422            100.0               _                  6.6
            March 2005           6,387          51,751             79.1             79.1                 8.1
            March 2006           5,236          48,988             64.8             82.0                 9.4
            March 2007           4,779          49,973             59.2             91.3                10.5
            March 2008           4,281          48,182             53.0             89.6                11.3
            March 2009           3,935          44,747             48.7             91.9                11.4
            March 2010           3,617          41,721             44.8             91.9                11.5
            March 2011           3,381          42,138             41.9             93.5                12.5
            March 2012           3,165          41,282             39.2             93.6                13.0
            March 2013           2,946          40,468             36.5             93.1                13.7
            March 2014           2,815          38,128             34.9             95.6                13.5
            March 2015           2,660          37,507             32.9             94.5                14.1
            March 2016           2,542          36,144             31.5             95.6                14.2
            March 2017           2,412          34,971             29.9             94.9                14.5
            March 2018           2,316          34,125             28.7             96.0                14.7
            March 2019           2,204          33,351             27.3             95.2                15.1
            March 2020           2,104          32,716             26.0             95.5                15.5
            March 2021           2,004          29,520             24.8             95.2                14.7
            March 2022           1,871          29,236             23.2             93.4                15.6
            March 2023           1,808          29,957             22.4             96.6                16.6
            March 2024           1,718          30,247             21.3             95.0                17.6
 
Annual openings
Year ended: March 2005

            March 2005           8,252          52,850            100.0               _                  6.4
            March 2006           6,205          53,281             75.2             75.2                 8.6
            March 2007           5,492          55,600             66.6             88.5                10.1
            March 2008           4,940          53,530             59.9             89.9                10.8
            March 2009           4,465          50,161             54.1             90.4                11.2
            March 2010           4,038          47,285             48.9             90.4                11.7
            March 2011           3,759          46,079             45.6             93.1                12.3
            March 2012           3,496          45,638             42.4             93.0                13.1
            March 2013           3,288          43,321             39.8             94.1                13.2
            March 2014           3,124          41,652             37.9             95.0                13.3
            March 2015           2,992          41,288             36.3             95.8                13.8
            March 2016           2,842          38,888             34.4             95.0                13.7
            March 2017           2,681          37,118             32.5             94.3                13.8
            March 2018           2,545          36,385             30.8             94.9                14.3
            March 2019           2,465          36,148             29.9             96.9                14.7
            March 2020           2,350          34,558             28.5             95.3                14.7
            March 2021           2,250          31,754             27.3             95.7                14.1
            March 2022           2,114          32,397             25.6             94.0                15.3
            March 2023           2,039          30,875             24.7             96.5                15.1
            March 2024           1,928          30,124             23.4             94.6                15.6
 
Annual openings
Year ended: March 2006

            March 2006           8,269          63,153            100.0               _                  7.6
            March 2007           6,368          56,343             77.0             77.0                 8.8
            March 2008           5,514          52,650             66.7             86.6                 9.5
            March 2009           4,771          48,575             57.7             86.5                10.2
            March 2010           4,228          42,102             51.1             88.6                10.0
            March 2011           3,867          43,248             46.8             91.5                11.2
            March 2012           3,555          42,488             43.0             91.9                12.0
            March 2013           3,350          40,741             40.5             94.2                12.2
            March 2014           3,159          39,413             38.2             94.3                12.5
            March 2015           2,968          38,777             35.9             94.0                13.1
            March 2016           2,765          36,912             33.4             93.2                13.3
            March 2017           2,619          34,477             31.7             94.7                13.2
            March 2018           2,475          32,554             29.9             94.5                13.2
            March 2019           2,325          31,280             28.1             93.9                13.5
            March 2020           2,185          30,339             26.4             94.0                13.9
            March 2021           2,090          27,458             25.3             95.7                13.1
            March 2022           1,972          26,662             23.8             94.4                13.5
            March 2023           1,892          26,911             22.9             95.9                14.2
            March 2024           1,791          26,535             21.7             94.7                14.8
 
Annual openings
Year ended: March 2007

            March 2007           8,734          58,297            100.0               _                  6.7
            March 2008           6,899          56,568             79.0             79.0                 8.2
            March 2009           5,793          50,996             66.3             84.0                 8.8
            March 2010           4,989          47,538             57.1             86.1                 9.5
            March 2011           4,567          47,394             52.3             91.5                10.4
            March 2012           4,159          44,934             47.6             91.1                10.8
            March 2013           3,876          43,583             44.4             93.2                11.2
            March 2014           3,664          42,300             42.0             94.5                11.5
            March 2015           3,425          40,678             39.2             93.5                11.9
            March 2016           3,204          38,572             36.7             93.5                12.0
            March 2017           2,994          37,509             34.3             93.4                12.5
            March 2018           2,877          38,036             32.9             96.1                13.2
            March 2019           2,719          36,081             31.1             94.5                13.3
            March 2020           2,594          35,611             29.7             95.4                13.7
            March 2021           2,485          34,408             28.5             95.8                13.8
            March 2022           2,357          33,996             27.0             94.8                14.4
            March 2023           2,257          34,786             25.8             95.8                15.4
            March 2024           2,095          32,792             24.0             92.8                15.7
 
Annual openings
Year ended: March 2008

            March 2008           8,628          54,361            100.0               _                  6.3
            March 2009           6,620          53,334             76.7             76.7                 8.1
            March 2010           5,571          48,089             64.6             84.2                 8.6
            March 2011           5,053          47,706             58.6             90.7                 9.4
            March 2012           4,621          47,266             53.6             91.5                10.2
            March 2013           4,234          45,714             49.1             91.6                10.8
            March 2014           3,949          43,827             45.8             93.3                11.1
            March 2015           3,666          42,177             42.5             92.8                11.5
            March 2016           3,432          40,154             39.8             93.6                11.7
            March 2017           3,229          37,746             37.4             94.1                11.7
            March 2018           3,018          36,142             35.0             93.5                12.0
            March 2019           2,863          34,441             33.2             94.9                12.0
            March 2020           2,692          33,549             31.2             94.0                12.5
            March 2021           2,561          31,273             29.7             95.1                12.2
            March 2022           2,401          31,582             27.8             93.8                13.2
            March 2023           2,306          31,646             26.7             96.0                13.7
            March 2024           2,179          30,912             25.3             94.5                14.2
 
Annual openings
Year ended: March 2009

            March 2009           7,753          48,227            100.0               _                  6.2
            March 2010           5,891          44,523             76.0             76.0                 7.6
            March 2011           5,154          46,592             66.5             87.5                 9.0
            March 2012           4,646          46,159             59.9             90.1                 9.9
            March 2013           4,200          43,256             54.2             90.4                10.3
            March 2014           3,879          41,109             50.0             92.4                10.6
            March 2015           3,507          39,520             45.2             90.4                11.3
            March 2016           3,268          37,560             42.2             93.2                11.5
            March 2017           3,043          36,343             39.2             93.1                11.9
            March 2018           2,870          36,041             37.0             94.3                12.6
            March 2019           2,756          35,254             35.5             96.0                12.8
            March 2020           2,580          33,676             33.3             93.6                13.1
            March 2021           2,464          31,251             31.8             95.5                12.7
            March 2022           2,317          31,543             29.9             94.0                13.6
            March 2023           2,203          31,218             28.4             95.1                14.2
            March 2024           2,053          30,466             26.5             93.2                14.8
 
Annual openings
Year ended: March 2010

            March 2010           6,891          43,569            100.0               _                  6.3
            March 2011           5,291          42,035             76.8             76.8                 7.9
            March 2012           4,633          41,014             67.2             87.6                 8.9
            March 2013           4,203          39,949             61.0             90.7                 9.5
            March 2014           3,870          40,002             56.2             92.1                10.3
            March 2015           3,519          39,458             51.1             90.9                11.2
            March 2016           3,291          37,873             47.8             93.5                11.5
            March 2017           3,080          36,548             44.7             93.6                11.9
            March 2018           2,834          34,083             41.1             92.0                12.0
            March 2019           2,672          32,733             38.8             94.3                12.3
            March 2020           2,464          32,534             35.8             92.2                13.2
            March 2021           2,349          28,706             34.1             95.3                12.2
            March 2022           2,174          28,782             31.5             92.6                13.2
            March 2023           2,073          29,766             30.1             95.4                14.4
            March 2024           1,960          28,523             28.4             94.5                14.6
 
Annual openings
Year ended: March 2011

            March 2011           7,142          42,032            100.0               _                  5.9
            March 2012           5,454          40,794             76.4             76.4                 7.5
            March 2013           4,739          40,107             66.4             86.9                 8.5
            March 2014           4,205          38,153             58.9             88.7                 9.1
            March 2015           3,796          36,826             53.2             90.3                 9.7
            March 2016           3,466          35,947             48.5             91.3                10.4
            March 2017           3,222          35,062             45.1             93.0                10.9
            March 2018           2,987          34,277             41.8             92.7                11.5
            March 2019           2,815          33,891             39.4             94.2                12.0
            March 2020           2,607          32,419             36.5             92.6                12.4
            March 2021           2,459          29,577             34.4             94.3                12.0
            March 2022           2,298          30,268             32.2             93.5                13.2
            March 2023           2,178          30,477             30.5             94.8                14.0
            March 2024           2,023          29,772             28.3             92.9                14.7
 
Annual openings
Year ended: March 2012

            March 2012           7,547          45,462            100.0               _                  6.0
            March 2013           5,879          45,475             77.9             77.9                 7.7
            March 2014           5,199          44,279             68.9             88.4                 8.5
            March 2015           4,563          42,872             60.5             87.8                 9.4
            March 2016           4,089          41,262             54.2             89.6                10.1
            March 2017           3,769          38,825             49.9             92.2                10.3
            March 2018           3,488          38,207             46.2             92.5                11.0
            March 2019           3,262          36,518             43.2             93.5                11.2
            March 2020           3,027          34,711             40.1             92.8                11.5
            March 2021           2,875          32,574             38.1             95.0                11.3
            March 2022           2,691          32,314             35.7             93.6                12.0
            March 2023           2,530          31,854             33.5             94.0                12.6
            March 2024           2,347          29,878             31.1             92.8                12.7
 
Annual openings
Year ended: March 2013

            March 2013           7,606          44,451            100.0               _                  5.8
            March 2014           5,938          47,020             78.1             78.1                 7.9
            March 2015           5,129          48,818             67.4             86.4                 9.5
            March 2016           4,552          45,331             59.8             88.8                10.0
            March 2017           4,114          42,083             54.1             90.4                10.2
            March 2018           3,751          39,756             49.3             91.2                10.6
            March 2019           3,488          37,243             45.9             93.0                10.7
            March 2020           3,190          35,440             41.9             91.5                11.1
            March 2021           2,985          33,527             39.2             93.6                11.2
            March 2022           2,810          33,015             36.9             94.1                11.7
            March 2023           2,684          33,536             35.3             95.5                12.5
            March 2024           2,486          31,913             32.7             92.6                12.8
 
Annual openings
Year ended: March 2014

            March 2014           7,448          47,817            100.0               _                  6.4
            March 2015           5,828          49,197             78.2             78.2                 8.4
            March 2016           5,070          47,198             68.1             87.0                 9.3
            March 2017           4,520          45,966             60.7             89.2                10.2
            March 2018           4,100          44,596             55.0             90.7                10.9
            March 2019           3,748          43,589             50.3             91.4                11.6
            March 2020           3,443          42,900             46.2             91.9                12.5
            March 2021           3,189          39,326             42.8             92.6                12.3
            March 2022           2,944          39,351             39.5             92.3                13.4
            March 2023           2,762          39,356             37.1             93.8                14.2
            March 2024           2,565          38,337             34.4             92.9                14.9
 
Annual openings
Year ended: March 2015

            March 2015           7,588          47,170            100.0               _                  6.2
            March 2016           6,038          45,038             79.6             79.6                 7.5
            March 2017           5,225          42,614             68.9             86.5                 8.2
            March 2018           4,637          43,154             61.1             88.7                 9.3
            March 2019           4,223          39,946             55.7             91.1                 9.5
            March 2020           3,842          40,839             50.6             91.0                10.6
            March 2021           3,554          36,682             46.8             92.5                10.3
            March 2022           3,232          36,034             42.6             90.9                11.1
            March 2023           3,044          35,316             40.1             94.2                11.6
            March 2024           2,802          34,249             36.9             92.0                12.2
 
Annual openings
Year ended: March 2016

            March 2016           7,656          45,311            100.0               _                  5.9
            March 2017           6,140          43,840             80.2             80.2                 7.1
            March 2018           5,290          43,600             69.1             86.2                 8.2
            March 2019           4,720          44,144             61.7             89.2                 9.4
            March 2020           4,297          42,659             56.1             91.0                 9.9
            March 2021           4,042          38,506             52.8             94.1                 9.5
            March 2022           3,747          38,792             48.9             92.7                10.4
            March 2023           3,503          37,701             45.8             93.5                10.8
            March 2024           3,160          36,045             41.3             90.2                11.4
 
Annual openings
Year ended: March 2017

            March 2017           7,389          39,507            100.0               _                  5.3
            March 2018           5,921          40,299             80.1             80.1                 6.8
            March 2019           5,123          38,098             69.3             86.5                 7.4
            March 2020           4,563          35,628             61.8             89.1                 7.8
            March 2021           4,188          33,897             56.7             91.8                 8.1
            March 2022           3,850          35,265             52.1             91.9                 9.2
            March 2023           3,585          33,808             48.5             93.1                 9.4
            March 2024           3,301          32,194             44.7             92.1                 9.8
 
Annual openings
Year ended: March 2018

            March 2018           7,753          42,556            100.0               _                  5.5
            March 2019           6,180          40,680             79.7             79.7                 6.6
            March 2020           5,365          37,029             69.2             86.8                 6.9
            March 2021           4,855          35,324             62.6             90.5                 7.3
            March 2022           4,405          38,883             56.8             90.7                 8.8
            March 2023           4,130          38,590             53.3             93.8                 9.3
            March 2024           3,704          36,881             47.8             89.7                10.0
 
Annual openings
Year ended: March 2019

            March 2019           7,969          42,282            100.0               _                  5.3
            March 2020           6,396          41,063             80.3             80.3                 6.4
            March 2021           5,657          38,527             71.0             88.4                 6.8
            March 2022           5,067          40,418             63.6             89.6                 8.0
            March 2023           4,628          39,514             58.1             91.3                 8.5
            March 2024           4,165          37,269             52.3             90.0                 8.9
 
Annual openings
Year ended: March 2020

            March 2020           7,245          36,549            100.0               _                  5.0
            March 2021           5,799          33,739             80.0             80.0                 5.8
            March 2022           5,088          36,914             70.2             87.7                 7.3
            March 2023           4,602          36,838             63.5             90.4                 8.0
            March 2024           4,090          36,491             56.5             88.9                 8.9
 
Annual openings
Year ended: March 2021

            March 2021           7,950          34,354            100.0               _                  4.3
            March 2022           6,108          34,414             76.8             76.8                 5.6
            March 2023           5,248          34,068             66.0             85.9                 6.5
            March 2024           4,570          32,355             57.5             87.1                 7.1
 
Annual openings
Year ended: March 2022

            March 2022          10,076          43,493            100.0               _                  4.3
            March 2023           7,757          40,927             77.0             77.0                 5.3
            March 2024           6,472          39,099             64.2             83.4                 6.0
 
Annual openings
Year ended: March 2023

            March 2023          10,539          42,192            100.0               _                  4.0
            March 2024           7,967          39,087             75.6             75.6                 4.9
 
Annual openings
Year ended: March 2024

            March 2024           9,771          43,344            100.0               _                  4.4
 
NOTE: A '_' indicates that the data are not available and a 'N' indicates that the data do not meet BLS disclosure standards.
