Table 7. Survival of private sector establishments by opening year

Total Private

Maryland

                          Surviving       Total Employment   Survival Rates   Survival Rates of   Average Employment
                          Establishments  of Survivors       Since Birth      Previous Year's     of Survivors
                                                                              Survivors

Annual openings
Year ended: March 1994

            March 1994          10,609          67,449            100.0               _                  6.4
            March 1995           8,506          70,138             80.2             80.2                 8.2
            March 1996           7,180          66,290             67.7             84.4                 9.2
            March 1997           6,391          66,151             60.2             89.0                10.4
            March 1998           5,665          64,797             53.4             88.6                11.4
            March 1999           5,193          61,743             48.9             91.7                11.9
            March 2000           4,784          61,278             45.1             92.1                12.8
            March 2001           4,276          60,057             40.3             89.4                14.0
            March 2002           3,919          57,003             36.9             91.7                14.5
            March 2003           3,681          53,235             34.7             93.9                14.5
            March 2004           3,521          52,441             33.2             95.7                14.9
            March 2005           3,338          51,034             31.5             94.8                15.3
            March 2006           3,222          50,297             30.4             96.5                15.6
            March 2007           3,067          49,356             28.9             95.2                16.1
            March 2008           2,880          47,607             27.1             93.9                16.5
            March 2009           2,660          44,802             25.1             92.4                16.8
            March 2010           2,582          42,802             24.3             97.1                16.6
            March 2011           2,469          42,067             23.3             95.6                17.0
            March 2012           2,369          42,229             22.3             95.9                17.8
            March 2013           2,331          41,023             22.0             98.4                17.6
            March 2014           2,229          40,604             21.0             95.6                18.2
            March 2015           2,118          40,265             20.0             95.0                19.0
            March 2016           2,048          39,983             19.3             96.7                19.5
            March 2017           1,972          40,049             18.6             96.3                20.3
            March 2018           1,869          40,024             17.6             94.8                21.4
            March 2019           1,760          38,735             16.6             94.2                22.0
            March 2020           1,630          37,536             15.4             92.6                23.0
            March 2021           1,528          34,766             14.4             93.7                22.8
            March 2022           1,518          35,157             14.3             99.3                23.2
            March 2023           1,445          35,397             13.6             95.2                24.5
            March 2024           1,401          35,035             13.2             97.0                25.0
 
Annual openings
Year ended: March 1995

            March 1995          11,015          73,507            100.0               _                  6.7
            March 1996           8,613          72,419             78.2             78.2                 8.4
            March 1997           7,395          71,832             67.1             85.9                 9.7
            March 1998           6,679          72,547             60.6             90.3                10.9
            March 1999           5,984          69,099             54.3             89.6                11.5
            March 2000           5,427          69,070             49.3             90.7                12.7
            March 2001           4,908          68,260             44.6             90.4                13.9
            March 2002           4,531          64,164             41.1             92.3                14.2
            March 2003           4,256          60,752             38.6             93.9                14.3
            March 2004           3,990          61,097             36.2             93.8                15.3
            March 2005           3,779          60,217             34.3             94.7                15.9
            March 2006           3,624          57,995             32.9             95.9                16.0
            March 2007           3,459          57,431             31.4             95.4                16.6
            March 2008           3,282          54,599             29.8             94.9                16.6
            March 2009           3,042          50,672             27.6             92.7                16.7
            March 2010           2,952          49,903             26.8             97.0                16.9
            March 2011           2,828          48,934             25.7             95.8                17.3
            March 2012           2,735          48,227             24.8             96.7                17.6
            March 2013           2,603          46,918             23.6             95.2                18.0
            March 2014           2,503          45,480             22.7             96.2                18.2
            March 2015           2,379          44,422             21.6             95.0                18.7
            March 2016           2,257          43,097             20.5             94.9                19.1
            March 2017           2,169          42,080             19.7             96.1                19.4
            March 2018           2,077          41,144             18.9             95.8                19.8
            March 2019           1,985          40,181             18.0             95.6                20.2
            March 2020           1,879          38,039             17.1             94.7                20.2
            March 2021           1,770          35,482             16.1             94.2                20.0
            March 2022           1,631          34,461             14.8             92.1                21.1
            March 2023           1,553          33,690             14.1             95.2                21.7
            March 2024           1,488          33,405             13.5             95.8                22.4
 
Annual openings
Year ended: March 1996

            March 1996          11,122          70,249            100.0               _                  6.3
            March 1997           8,795          73,275             79.1             79.1                 8.3
            March 1998           7,523          71,907             67.6             85.5                 9.6
            March 1999           6,753          72,817             60.7             89.8                10.8
            March 2000           6,098          70,597             54.8             90.3                11.6
            March 2001           5,420          68,252             48.7             88.9                12.6
            March 2002           4,939          65,753             44.4             91.1                13.3
            March 2003           4,640          63,080             41.7             93.9                13.6
            March 2004           4,314          62,997             38.8             93.0                14.6
            March 2005           4,055          62,368             36.5             94.0                15.4
            March 2006           3,945          62,081             35.5             97.3                15.7
            March 2007           3,780          60,425             34.0             95.8                16.0
            March 2008           3,531          58,265             31.7             93.4                16.5
            March 2009           3,235          54,768             29.1             91.6                16.9
            March 2010           3,103          51,854             27.9             95.9                16.7
            March 2011           2,951          50,286             26.5             95.1                17.0
            March 2012           2,842          48,584             25.6             96.3                17.1
            March 2013           2,716          47,586             24.4             95.6                17.5
            March 2014           2,597          46,625             23.4             95.6                18.0
            March 2015           2,517          46,112             22.6             96.9                18.3
            March 2016           2,411          45,166             21.7             95.8                18.7
            March 2017           2,279          44,202             20.5             94.5                19.4
            March 2018           2,227          43,989             20.0             97.7                19.8
            March 2019           2,098          41,205             18.9             94.2                19.6
            March 2020           1,989          41,164             17.9             94.8                20.7
            March 2021           1,891          37,839             17.0             95.1                20.0
            March 2022           1,757          36,751             15.8             92.9                20.9
            March 2023           1,655          36,155             14.9             94.2                21.8
            March 2024           1,577          34,906             14.2             95.3                22.1
 
Annual openings
Year ended: March 1997

            March 1997          12,070          80,669            100.0               _                  6.7
            March 1998           9,402          83,368             77.9             77.9                 8.9
            March 1999           8,039          81,485             66.6             85.5                10.1
            March 2000           7,151          81,083             59.2             89.0                11.3
            March 2001           6,284          76,801             52.1             87.9                12.2
            March 2002           5,646          72,239             46.8             89.8                12.8
            March 2003           5,230          68,857             43.3             92.6                13.2
            March 2004           4,848          68,551             40.2             92.7                14.1
            March 2005           4,542          65,752             37.6             93.7                14.5
            March 2006           4,262          65,446             35.3             93.8                15.4
            March 2007           4,052          62,183             33.6             95.1                15.3
            March 2008           3,834          59,507             31.8             94.6                15.5
            March 2009           3,556          54,541             29.5             92.7                15.3
            March 2010           3,347          51,777             27.7             94.1                15.5
            March 2011           3,168          50,806             26.2             94.7                16.0
            March 2012           3,052          49,982             25.3             96.3                16.4
            March 2013           2,938          49,990             24.3             96.3                17.0
            March 2014           2,809          48,661             23.3             95.6                17.3
            March 2015           2,682          47,310             22.2             95.5                17.6
            March 2016           2,558          46,286             21.2             95.4                18.1
            March 2017           2,456          45,849             20.3             96.0                18.7
            March 2018           2,335          42,204             19.3             95.1                18.1
            March 2019           2,251          40,432             18.6             96.4                18.0
            March 2020           2,116          38,830             17.5             94.0                18.4
            March 2021           1,984          34,220             16.4             93.8                17.2
            March 2022           1,880          34,995             15.6             94.8                18.6
            March 2023           1,780          33,934             14.7             94.7                19.1
            March 2024           1,682          32,751             13.9             94.5                19.5
 
Annual openings
Year ended: March 1998

            March 1998          12,366          80,614            100.0               _                  6.5
            March 1999           9,833          80,482             79.5             79.5                 8.2
            March 2000           8,486          81,120             68.6             86.3                 9.6
            March 2001           7,241          79,394             58.6             85.3                11.0
            March 2002           6,493          74,019             52.5             89.7                11.4
            March 2003           5,871          71,068             47.5             90.4                12.1
            March 2004           5,400          69,806             43.7             92.0                12.9
            March 2005           5,013          68,340             40.5             92.8                13.6
            March 2006           4,752          68,666             38.4             94.8                14.4
            March 2007           4,470          66,831             36.1             94.1                15.0
            March 2008           4,169          63,323             33.7             93.3                15.2
            March 2009           3,834          57,947             31.0             92.0                15.1
            March 2010           3,558          54,721             28.8             92.8                15.4
            March 2011           3,499          54,661             28.3             98.3                15.6
            March 2012           3,407          53,280             27.6             97.4                15.6
            March 2013           3,200          52,725             25.9             93.9                16.5
            March 2014           3,089          52,250             25.0             96.5                16.9
            March 2015           2,949          52,480             23.8             95.5                17.8
            March 2016           2,822          51,628             22.8             95.7                18.3
            March 2017           2,702          50,623             21.9             95.7                18.7
            March 2018           2,536          48,462             20.5             93.9                19.1
            March 2019           2,418          47,402             19.6             95.3                19.6
            March 2020           2,269          45,245             18.3             93.8                19.9
            March 2021           2,168          41,350             17.5             95.5                19.1
            March 2022           2,079          42,406             16.8             95.9                20.4
            March 2023           1,944          41,580             15.7             93.5                21.4
            March 2024           1,845          39,715             14.9             94.9                21.5
 
Annual openings
Year ended: March 1999

            March 1999          12,011          91,657            100.0               _                  7.6
            March 2000           9,633          95,361             80.2             80.2                 9.9
            March 2001           8,011          91,553             66.7             83.2                11.4
            March 2002           7,011          84,294             58.4             87.5                12.0
            March 2003           6,282          78,252             52.3             89.6                12.5
            March 2004           5,727          76,424             47.7             91.2                13.3
            March 2005           5,333          74,836             44.4             93.1                14.0
            March 2006           5,100          73,671             42.5             95.6                14.4
            March 2007           4,736          72,596             39.4             92.9                15.3
            March 2008           4,463          69,349             37.2             94.2                15.5
            March 2009           4,080          64,226             34.0             91.4                15.7
            March 2010           3,790          59,252             31.6             92.9                15.6
            March 2011           3,601          59,602             30.0             95.0                16.6
            March 2012           3,488          59,437             29.0             96.9                17.0
            March 2013           3,281          56,969             27.3             94.1                17.4
            March 2014           3,137          56,221             26.1             95.6                17.9
            March 2015           3,037          55,457             25.3             96.8                18.3
            March 2016           2,915          55,454             24.3             96.0                19.0
            March 2017           2,775          54,495             23.1             95.2                19.6
            March 2018           2,679          52,332             22.3             96.5                19.5
            March 2019           2,575          50,999             21.4             96.1                19.8
            March 2020           2,425          48,609             20.2             94.2                20.0
            March 2021           2,298          44,229             19.1             94.8                19.2
            March 2022           2,154          43,721             17.9             93.7                20.3
            March 2023           2,060          42,992             17.2             95.6                20.9
            March 2024           1,969          40,756             16.4             95.6                20.7
 
Annual openings
Year ended: March 2000

            March 2000          12,514          84,129            100.0               _                  6.7
            March 2001           9,399          84,712             75.1             75.1                 9.0
            March 2002           7,901          81,132             63.1             84.1                10.3
            March 2003           6,959          77,746             55.6             88.1                11.2
            March 2004           6,335          77,017             50.6             91.0                12.2
            March 2005           5,963          74,994             47.7             94.1                12.6
            March 2006           5,547          73,718             44.3             93.0                13.3
            March 2007           5,153          71,471             41.2             92.9                13.9
            March 2008           4,824          69,135             38.5             93.6                14.3
            March 2009           4,355          64,584             34.8             90.3                14.8
            March 2010           4,080          61,837             32.6             93.7                15.2
            March 2011           3,860          60,150             30.8             94.6                15.6
            March 2012           3,649          59,526             29.2             94.5                16.3
            March 2013           3,484          58,253             27.8             95.5                16.7
            March 2014           3,358          57,036             26.8             96.4                17.0
            March 2015           3,197          56,201             25.5             95.2                17.6
            March 2016           3,049          56,155             24.4             95.4                18.4
            March 2017           2,947          55,808             23.5             96.7                18.9
            March 2018           2,812          55,489             22.5             95.4                19.7
            March 2019           2,708          54,170             21.6             96.3                20.0
            March 2020           2,511          52,576             20.1             92.7                20.9
            March 2021           2,400          47,852             19.2             95.6                19.9
            March 2022           2,217          46,683             17.7             92.4                21.1
            March 2023           2,115          47,025             16.9             95.4                22.2
            March 2024           1,997          46,438             16.0             94.4                23.3
 
Annual openings
Year ended: March 2001

            March 2001          10,782          71,563            100.0               _                  6.6
            March 2002           8,150          65,419             75.6             75.6                 8.0
            March 2003           6,979          64,559             64.7             85.6                 9.3
            March 2004           6,214          63,596             57.6             89.0                10.2
            March 2005           5,667          62,322             52.6             91.2                11.0
            March 2006           5,306          62,275             49.2             93.6                11.7
            March 2007           4,813          60,500             44.6             90.7                12.6
            March 2008           4,429          58,355             41.1             92.0                13.2
            March 2009           3,960          52,788             36.7             89.4                13.3
            March 2010           3,719          51,355             34.5             93.9                13.8
            March 2011           3,587          50,359             33.3             96.5                14.0
            March 2012           3,395          48,985             31.5             94.6                14.4
            March 2013           3,231          47,470             30.0             95.2                14.7
            March 2014           3,143          46,588             29.2             97.3                14.8
            March 2015           3,012          46,500             27.9             95.8                15.4
            March 2016           2,808          45,345             26.0             93.2                16.1
            March 2017           2,654          44,773             24.6             94.5                16.9
            March 2018           2,530          44,301             23.5             95.3                17.5
            March 2019           2,378          42,701             22.1             94.0                18.0
            March 2020           2,238          40,275             20.8             94.1                18.0
            March 2021           2,144          37,847             19.9             95.8                17.7
            March 2022           1,960          36,147             18.2             91.4                18.4
            March 2023           1,849          33,858             17.1             94.3                18.3
            March 2024           1,785          33,386             16.6             96.5                18.7
 
Annual openings
Year ended: March 2002

            March 2002          13,088          81,924            100.0               _                  6.3
            March 2003          10,111          79,208             77.3             77.3                 7.8
            March 2004           8,575          77,919             65.5             84.8                 9.1
            March 2005           7,718          76,507             59.0             90.0                 9.9
            March 2006           7,042          76,339             53.8             91.2                10.8
            March 2007           6,455          74,264             49.3             91.7                11.5
            March 2008           5,913          71,134             45.2             91.6                12.0
            March 2009           5,334          65,935             40.8             90.2                12.4
            March 2010           4,883          61,821             37.3             91.5                12.7
            March 2011           4,564          60,613             34.9             93.5                13.3
            March 2012           4,306          58,780             32.9             94.3                13.7
            March 2013           4,059          57,251             31.0             94.3                14.1
            March 2014           3,813          54,928             29.1             93.9                14.4
            March 2015           3,604          52,593             27.5             94.5                14.6
            March 2016           3,471          52,564             26.5             96.3                15.1
            March 2017           3,294          52,472             25.2             94.9                15.9
            March 2018           3,146          51,371             24.0             95.5                16.3
            March 2019           2,952          49,929             22.6             93.8                16.9
            March 2020           2,748          47,537             21.0             93.1                17.3
            March 2021           2,648          44,619             20.2             96.4                16.9
            March 2022           2,482          43,334             19.0             93.7                17.5
            March 2023           2,352          43,651             18.0             94.8                18.6
            March 2024           2,226          41,961             17.0             94.6                18.9
 
Annual openings
Year ended: March 2003

            March 2003          11,468          69,799            100.0               _                  6.1
            March 2004           8,968          70,594             78.2             78.2                 7.9
            March 2005           7,738          68,990             67.5             86.3                 8.9
            March 2006           6,941          67,826             60.5             89.7                 9.8
            March 2007           6,235          66,409             54.4             89.8                10.7
            March 2008           5,720          63,747             49.9             91.7                11.1
            March 2009           5,089          60,590             44.4             89.0                11.9
            March 2010           4,653          55,942             40.6             91.4                12.0
            March 2011           4,293          54,086             37.4             92.3                12.6
            March 2012           4,105          54,241             35.8             95.6                13.2
            March 2013           3,818          53,179             33.3             93.0                13.9
            March 2014           3,684          52,460             32.1             96.5                14.2
            March 2015           3,465          51,916             30.2             94.1                15.0
            March 2016           3,284          50,394             28.6             94.8                15.3
            March 2017           3,169          49,585             27.6             96.5                15.6
            March 2018           2,995          48,543             26.1             94.5                16.2
            March 2019           2,855          48,126             24.9             95.3                16.9
            March 2020           2,720          46,432             23.7             95.3                17.1
            March 2021           2,610          42,837             22.8             96.0                16.4
            March 2022           2,414          42,237             21.0             92.5                17.5
            March 2023           2,283          40,943             19.9             94.6                17.9
            March 2024           2,189          39,672             19.1             95.9                18.1
 
Annual openings
Year ended: March 2004

            March 2004          11,194          61,295            100.0               _                  5.5
            March 2005           8,830          61,945             78.9             78.9                 7.0
            March 2006           7,800          62,650             69.7             88.3                 8.0
            March 2007           6,959          61,733             62.2             89.2                 8.9
            March 2008           6,147          58,422             54.9             88.3                 9.5
            March 2009           5,403          53,184             48.3             87.9                 9.8
            March 2010           4,888          49,966             43.7             90.5                10.2
            March 2011           4,503          49,411             40.2             92.1                11.0
            March 2012           4,270          47,912             38.1             94.8                11.2
            March 2013           3,976          47,680             35.5             93.1                12.0
            March 2014           3,797          46,376             33.9             95.5                12.2
            March 2015           3,583          45,219             32.0             94.4                12.6
            March 2016           3,386          44,600             30.2             94.5                13.2
            March 2017           3,213          44,683             28.7             94.9                13.9
            March 2018           3,037          43,103             27.1             94.5                14.2
            March 2019           2,885          41,774             25.8             95.0                14.5
            March 2020           2,685          39,224             24.0             93.1                14.6
            March 2021           2,583          34,041             23.1             96.2                13.2
            March 2022           2,410          34,925             21.5             93.3                14.5
            March 2023           2,270          34,226             20.3             94.2                15.1
            March 2024           2,145          33,567             19.2             94.5                15.6
 
Annual openings
Year ended: March 2005

            March 2005          12,661          68,500            100.0               _                  5.4
            March 2006          10,036          69,237             79.3             79.3                 6.9
            March 2007           8,639          67,147             68.2             86.1                 7.8
            March 2008           7,563          65,790             59.7             87.5                 8.7
            March 2009           6,623          60,348             52.3             87.6                 9.1
            March 2010           5,908          56,856             46.7             89.2                 9.6
            March 2011           5,383          55,292             42.5             91.1                10.3
            March 2012           5,031          55,271             39.7             93.5                11.0
            March 2013           4,693          55,012             37.1             93.3                11.7
            March 2014           4,377          53,468             34.6             93.3                12.2
            March 2015           4,087          50,995             32.3             93.4                12.5
            March 2016           3,851          51,238             30.4             94.2                13.3
            March 2017           3,640          50,578             28.7             94.5                13.9
            March 2018           3,436          49,408             27.1             94.4                14.4
            March 2019           3,235          47,998             25.6             94.2                14.8
            March 2020           3,010          46,579             23.8             93.0                15.5
            March 2021           2,855          42,116             22.5             94.9                14.8
            March 2022           2,634          41,858             20.8             92.3                15.9
            March 2023           2,454          41,737             19.4             93.2                17.0
            March 2024           2,361          40,550             18.6             96.2                17.2
 
Annual openings
Year ended: March 2006

            March 2006          12,507          61,001            100.0               _                  4.9
            March 2007           9,697          59,353             77.5             77.5                 6.1
            March 2008           8,151          55,721             65.2             84.1                 6.8
            March 2009           6,970          50,874             55.7             85.5                 7.3
            March 2010           6,143          48,465             49.1             88.1                 7.9
            March 2011           5,605          48,171             44.8             91.2                 8.6
            March 2012           5,171          47,594             41.3             92.3                 9.2
            March 2013           4,847          47,038             38.8             93.7                 9.7
            March 2014           4,482          46,586             35.8             92.5                10.4
            March 2015           4,202          46,545             33.6             93.8                11.1
            March 2016           3,947          46,518             31.6             93.9                11.8
            March 2017           3,743          46,659             29.9             94.8                12.5
            March 2018           3,529          43,540             28.2             94.3                12.3
            March 2019           3,348          41,846             26.8             94.9                12.5
            March 2020           3,074          40,403             24.6             91.8                13.1
            March 2021           2,918          36,561             23.3             94.9                12.5
            March 2022           2,718          37,263             21.7             93.1                13.7
            March 2023           2,529          36,544             20.2             93.0                14.4
            March 2024           2,400          34,924             19.2             94.9                14.6
 
Annual openings
Year ended: March 2007

            March 2007          11,888          56,991            100.0               _                  4.8
            March 2008           9,047          54,891             76.1             76.1                 6.1
            March 2009           7,445          49,509             62.6             82.3                 6.6
            March 2010           6,367          47,669             53.6             85.5                 7.5
            March 2011           5,674          47,353             47.7             89.1                 8.3
            March 2012           5,244          47,121             44.1             92.4                 9.0
            March 2013           4,787          46,331             40.3             91.3                 9.7
            March 2014           4,448          46,155             37.4             92.9                10.4
            March 2015           4,160          45,481             35.0             93.5                10.9
            March 2016           3,914          45,565             32.9             94.1                11.6
            March 2017           3,672          44,418             30.9             93.8                12.1
            March 2018           3,455          44,523             29.1             94.1                12.9
            March 2019           3,289          43,772             27.7             95.2                13.3
            March 2020           3,023          41,541             25.4             91.9                13.7
            March 2021           2,870          38,343             24.1             94.9                13.4
            March 2022           2,695          38,621             22.7             93.9                14.3
            March 2023           2,520          37,616             21.2             93.5                14.9
            March 2024           2,391          36,158             20.1             94.9                15.1
 
Annual openings
Year ended: March 2008

            March 2008          11,165          55,442            100.0               _                  5.0
            March 2009           8,161          50,515             73.1             73.1                 6.2
            March 2010           6,741          47,726             60.4             82.6                 7.1
            March 2011           5,974          46,965             53.5             88.6                 7.9
            March 2012           5,467          46,394             49.0             91.5                 8.5
            March 2013           4,971          44,935             44.5             90.9                 9.0
            March 2014           4,613          44,290             41.3             92.8                 9.6
            March 2015           4,242          44,069             38.0             92.0                10.4
            March 2016           3,978          43,884             35.6             93.8                11.0
            March 2017           3,699          43,521             33.1             93.0                11.8
            March 2018           3,435          42,149             30.8             92.9                12.3
            March 2019           3,223          40,593             28.9             93.8                12.6
            March 2020           3,035          38,302             27.2             94.2                12.6
            March 2021           2,846          35,448             25.5             93.8                12.5
            March 2022           2,600          35,863             23.3             91.4                13.8
            March 2023           2,444          35,226             21.9             94.0                14.4
            March 2024           2,338          34,199             20.9             95.7                14.6
 
Annual openings
Year ended: March 2009

            March 2009          10,621          51,669            100.0               _                  4.9
            March 2010           8,051          47,704             75.8             75.8                 5.9
            March 2011           6,926          47,256             65.2             86.0                 6.8
            March 2012           6,264          48,119             59.0             90.4                 7.7
            March 2013           5,636          47,210             53.1             90.0                 8.4
            March 2014           5,144          46,404             48.4             91.3                 9.0
            March 2015           4,764          46,050             44.9             92.6                 9.7
            March 2016           4,425          45,915             41.7             92.9                10.4
            March 2017           4,070          44,817             38.3             92.0                11.0
            March 2018           3,811          44,415             35.9             93.6                11.7
            March 2019           3,561          44,363             33.5             93.4                12.5
            March 2020           3,300          42,081             31.1             92.7                12.8
            March 2021           3,139          39,550             29.6             95.1                12.6
            March 2022           2,857          39,087             26.9             91.0                13.7
            March 2023           2,646          38,161             24.9             92.6                14.4
            March 2024           2,503          37,122             23.6             94.6                14.8
 
Annual openings
Year ended: March 2010

            March 2010           9,560          47,829            100.0               _                  5.0
            March 2011           7,388          45,795             77.3             77.3                 6.2
            March 2012           6,447          46,513             67.4             87.3                 7.2
            March 2013           5,746          46,785             60.1             89.1                 8.1
            March 2014           5,209          46,146             54.5             90.7                 8.9
            March 2015           4,767          46,056             49.9             91.5                 9.7
            March 2016           4,394          46,400             46.0             92.2                10.6
            March 2017           4,105          45,186             42.9             93.4                11.0
            March 2018           3,832          44,015             40.1             93.3                11.5
            March 2019           3,626          42,669             37.9             94.6                11.8
            March 2020           3,346          41,113             35.0             92.3                12.3
            March 2021           3,147          37,077             32.9             94.1                11.8
            March 2022           2,881          37,248             30.1             91.5                12.9
            March 2023           2,679          35,791             28.0             93.0                13.4
            March 2024           2,530          34,194             26.5             94.4                13.5
 
Annual openings
Year ended: March 2011

            March 2011           9,777          49,568            100.0               _                  5.1
            March 2012           7,702          50,155             78.8             78.8                 6.5
            March 2013           6,683          49,650             68.4             86.8                 7.4
            March 2014           5,968          48,009             61.0             89.3                 8.0
            March 2015           5,403          47,948             55.3             90.5                 8.9
            March 2016           4,888          48,216             50.0             90.5                 9.9
            March 2017           4,498          47,556             46.0             92.0                10.6
            March 2018           4,159          47,230             42.5             92.5                11.4
            March 2019           3,896          45,811             39.8             93.7                11.8
            March 2020           3,597          43,458             36.8             92.3                12.1
            March 2021           3,333          39,349             34.1             92.7                11.8
            March 2022           3,094          40,618             31.6             92.8                13.1
            March 2023           2,888          40,218             29.5             93.3                13.9
            March 2024           2,717          38,379             27.8             94.1                14.1
 
Annual openings
Year ended: March 2012

            March 2012          11,342          54,755            100.0               _                  4.8
            March 2013           8,707          55,212             76.8             76.8                 6.3
            March 2014           7,594          54,785             67.0             87.2                 7.2
            March 2015           6,650          54,052             58.6             87.6                 8.1
            March 2016           6,046          55,051             53.3             90.9                 9.1
            March 2017           5,480          53,886             48.3             90.6                 9.8
            March 2018           5,040          53,174             44.4             92.0                10.6
            March 2019           4,672          51,827             41.2             92.7                11.1
            March 2020           4,298          50,093             37.9             92.0                11.7
            March 2021           4,110          45,307             36.2             95.6                11.0
            March 2022           3,712          44,998             32.7             90.3                12.1
            March 2023           3,421          44,078             30.2             92.2                12.9
            March 2024           3,206          42,704             28.3             93.7                13.3
 
Annual openings
Year ended: March 2013

            March 2013          10,536          48,675            100.0               _                  4.6
            March 2014           8,172          48,565             77.6             77.6                 5.9
            March 2015           7,076          48,658             67.2             86.6                 6.9
            March 2016           6,286          48,694             59.7             88.8                 7.7
            March 2017           5,660          48,721             53.7             90.0                 8.6
            March 2018           5,131          48,604             48.7             90.7                 9.5
            March 2019           4,735          48,342             44.9             92.3                10.2
            March 2020           4,322          46,622             41.0             91.3                10.8
            March 2021           4,091          42,886             38.8             94.7                10.5
            March 2022           3,757          43,944             35.7             91.8                11.7
            March 2023           3,479          43,403             33.0             92.6                12.5
            March 2024           3,264          41,255             31.0             93.8                12.6
 
Annual openings
Year ended: March 2014

            March 2014          10,396          49,412            100.0               _                  4.8
            March 2015           8,085          49,602             77.8             77.8                 6.1
            March 2016           6,943          49,331             66.8             85.9                 7.1
            March 2017           6,163          52,683             59.3             88.8                 8.5
            March 2018           5,564          52,411             53.5             90.3                 9.4
            March 2019           5,084          51,117             48.9             91.4                10.1
            March 2020           4,602          49,646             44.3             90.5                10.8
            March 2021           4,304          44,377             41.4             93.5                10.3
            March 2022           3,947          44,298             38.0             91.7                11.2
            March 2023           3,650          44,020             35.1             92.5                12.1
            March 2024           3,411          42,213             32.8             93.5                12.4
 
Annual openings
Year ended: March 2015

            March 2015          10,596          54,712            100.0               _                  5.2
            March 2016           8,396          60,910             79.2             79.2                 7.3
            March 2017           7,347          62,218             69.3             87.5                 8.5
            March 2018           6,531          60,420             61.6             88.9                 9.3
            March 2019           5,940          60,312             56.1             91.0                10.2
            March 2020           5,349          60,944             50.5             90.1                11.4
            March 2021           5,015          59,329             47.3             93.8                11.8
            March 2022           4,532          66,342             42.8             90.4                14.6
            March 2023           4,177          61,538             39.4             92.2                14.7
            March 2024           3,934          62,331             37.1             94.2                15.8
 
Annual openings
Year ended: March 2016

            March 2016          12,098          55,405            100.0               _                  4.6
            March 2017           9,387          55,571             77.6             77.6                 5.9
            March 2018           8,076          55,683             66.8             86.0                 6.9
            March 2019           7,226          54,744             59.7             89.5                 7.6
            March 2020           6,370          54,569             52.7             88.2                 8.6
            March 2021           5,904          52,037             48.8             92.7                 8.8
            March 2022           5,343          52,609             44.2             90.5                 9.8
            March 2023           4,927          54,220             40.7             92.2                11.0
            March 2024           4,559          54,032             37.7             92.5                11.9
 
Annual openings
Year ended: March 2017

            March 2017          11,322          49,865            100.0               _                  4.4
            March 2018           8,791          50,576             77.6             77.6                 5.8
            March 2019           7,745          51,646             68.4             88.1                 6.7
            March 2020           6,738          51,455             59.5             87.0                 7.6
            March 2021           6,260          49,228             55.3             92.9                 7.9
            March 2022           5,609          51,542             49.5             89.6                 9.2
            March 2023           5,039          50,806             44.5             89.8                10.1
            March 2024           4,660          49,496             41.2             92.5                10.6
 
Annual openings
Year ended: March 2018

            March 2018          11,378          49,538            100.0               _                  4.4
            March 2019           8,908          50,481             78.3             78.3                 5.7
            March 2020           7,559          49,998             66.4             84.9                 6.6
            March 2021           6,906          53,041             60.7             91.4                 7.7
            March 2022           6,133          49,379             53.9             88.8                 8.1
            March 2023           5,466          48,295             48.0             89.1                 8.8
            March 2024           5,103          46,517             44.8             93.4                 9.1
 
Annual openings
Year ended: March 2019

            March 2019          11,179          57,216            100.0               _                  5.1
            March 2020           8,551          55,979             76.5             76.5                 6.5
            March 2021           7,656          55,647             68.5             89.5                 7.3
            March 2022           6,604          58,436             59.1             86.3                 8.8
            March 2023           5,915          58,290             52.9             89.6                 9.9
            March 2024           5,446          54,172             48.7             92.1                 9.9
 
Annual openings
Year ended: March 2020

            March 2020          10,757          51,632            100.0               _                  4.8
            March 2021           8,776          49,944             81.6             81.6                 5.7
            March 2022           7,498          54,740             69.7             85.4                 7.3
            March 2023           6,574          54,393             61.1             87.7                 8.3
            March 2024           5,938          51,631             55.2             90.3                 8.7
 
Annual openings
Year ended: March 2021

            March 2021           8,838          35,016            100.0               _                  4.0
            March 2022           6,418          36,052             72.6             72.6                 5.6
            March 2023           5,417          37,398             61.3             84.4                 6.9
            March 2024           4,856          36,817             54.9             89.6                 7.6
 
Annual openings
Year ended: March 2022

            March 2022          14,187          55,922            100.0               _                  3.9
            March 2023          10,436          56,351             73.6             73.6                 5.4
            March 2024           8,748          53,976             61.7             83.8                 6.2
 
Annual openings
Year ended: March 2023

            March 2023          15,117          63,463            100.0               _                  4.2
            March 2024          11,618          64,026             76.9             76.9                 5.5
 
Annual openings
Year ended: March 2024

            March 2024          14,110          57,750            100.0               _                  4.1
 
NOTE: A '_' indicates that the data are not available and a 'N' indicates that the data do not meet BLS disclosure standards.
