Table 7. Survival of private sector establishments by opening year

Total Private

Michigan

                          Surviving       Total Employment   Survival Rates   Survival Rates of   Average Employment
                          Establishments  of Survivors       Since Birth      Previous Year's     of Survivors
                                                                              Survivors

Annual openings
Year ended: March 1994

            March 1994          14,828         128,149            100.0               _                  8.6
            March 1995          12,365         127,103             83.4             83.4                10.3
            March 1996          10,616         128,410             71.6             85.9                12.1
            March 1997           9,621         129,704             64.9             90.6                13.5
            March 1998           8,718         129,381             58.8             90.6                14.8
            March 1999           8,062         124,512             54.4             92.5                15.4
            March 2000           7,505         125,468             50.6             93.1                16.7
            March 2001           6,977         118,197             47.1             93.0                16.9
            March 2002           6,444         111,422             43.5             92.4                17.3
            March 2003           5,642         101,032             38.0             87.6                17.9
            March 2004           5,225          94,743             35.2             92.6                18.1
            March 2005           4,980          93,862             33.6             95.3                18.8
            March 2006           4,742          91,654             32.0             95.2                19.3
            March 2007           4,443          88,133             30.0             93.7                19.8
            March 2008           4,179          85,210             28.2             94.1                20.4
            March 2009           3,839          78,174             25.9             91.9                20.4
            March 2010           3,689          74,701             24.9             96.1                20.2
            March 2011           3,492          75,305             23.6             94.7                21.6
            March 2012           3,390          76,565             22.9             97.1                22.6
            March 2013           3,433          76,105             23.2            101.3                22.2
            March 2014           3,314          76,613             22.3             96.5                23.1
            March 2015           3,187          76,593             21.5             96.2                24.0
            March 2016           3,077          76,350             20.8             96.5                24.8
            March 2017           2,961          76,927             20.0             96.2                26.0
            March 2018           2,859          76,529             19.3             96.6                26.8
            March 2019           2,715          72,752             18.3             95.0                26.8
            March 2020           2,468          70,692             16.6             90.9                28.6
            March 2021           2,365          68,479             15.9             95.8                29.0
            March 2022           2,302          70,160             15.5             97.3                30.5
            March 2023           2,231          69,222             15.0             96.9                31.0
            March 2024           2,124          68,739             14.3             95.2                32.4
 
Annual openings
Year ended: March 1995

            March 1995          16,020         149,037            100.0               _                  9.3
            March 1996          13,202         144,006             82.4             82.4                10.9
            March 1997          11,607         138,648             72.5             87.9                11.9
            March 1998          10,287         138,037             64.2             88.6                13.4
            March 1999           9,236         139,551             57.7             89.8                15.1
            March 2000           8,579         140,390             53.6             92.9                16.4
            March 2001           7,808         127,902             48.7             91.0                16.4
            March 2002           7,169         107,550             44.8             91.8                15.0
            March 2003           6,588         100,114             41.1             91.9                15.2
            March 2004           6,164          93,679             38.5             93.6                15.2
            March 2005           5,746          88,520             35.9             93.2                15.4
            March 2006           5,417          84,620             33.8             94.3                15.6
            March 2007           5,032          80,011             31.4             92.9                15.9
            March 2008           4,735          78,288             29.6             94.1                16.5
            March 2009           4,327          69,353             27.0             91.4                16.0
            March 2010           4,074          66,810             25.4             94.2                16.4
            March 2011           3,885          67,935             24.3             95.4                17.5
            March 2012           3,752          69,008             23.4             96.6                18.4
            March 2013           3,845          69,602             24.0            102.5                18.1
            March 2014           3,705          69,953             23.1             96.4                18.9
            March 2015           3,515          69,875             21.9             94.9                19.9
            March 2016           3,396          70,810             21.2             96.6                20.9
            March 2017           3,235          70,485             20.2             95.3                21.8
            March 2018           3,153          68,286             19.7             97.5                21.7
            March 2019           2,972          65,886             18.6             94.3                22.2
            March 2020           2,709          64,062             16.9             91.2                23.6
            March 2021           2,552          59,890             15.9             94.2                23.5
            March 2022           2,506          62,456             15.6             98.2                24.9
            March 2023           2,389          60,016             14.9             95.3                25.1
            March 2024           2,247          57,713             14.0             94.1                25.7
 
Annual openings
Year ended: March 1996

            March 1996          19,945         150,608            100.0               _                  7.6
            March 1997          16,036         153,649             80.4             80.4                 9.6
            March 1998          14,124         154,564             70.8             88.1                10.9
            March 1999          12,636         150,031             63.4             89.5                11.9
            March 2000          11,627         147,482             58.3             92.0                12.7
            March 2001          10,442         135,041             52.4             89.8                12.9
            March 2002           9,562         119,301             47.9             91.6                12.5
            March 2003           8,715         113,167             43.7             91.1                13.0
            March 2004           8,036         106,317             40.3             92.2                13.2
            March 2005           7,424         102,902             37.2             92.4                13.9
            March 2006           6,847         102,086             34.3             92.2                14.9
            March 2007           6,355          99,929             31.9             92.8                15.7
            March 2008           5,965         100,122             29.9             93.9                16.8
            March 2009           5,341          85,340             26.8             89.5                16.0
            March 2010           5,063          83,325             25.4             94.8                16.5
            March 2011           4,903          86,936             24.6             96.8                17.7
            March 2012           4,630          87,413             23.2             94.4                18.9
            March 2013           4,639          93,329             23.3            100.2                20.1
            March 2014           4,467          90,214             22.4             96.3                20.2
            March 2015           4,233          93,582             21.2             94.8                22.1
            March 2016           4,029          98,001             20.2             95.2                24.3
            March 2017           3,841          98,697             19.3             95.3                25.7
            March 2018           3,695         105,025             18.5             96.2                28.4
            March 2019           3,552         108,026             17.8             96.1                30.4
            March 2020           3,229         104,268             16.2             90.9                32.3
            March 2021           3,072          86,123             15.4             95.1                28.0
            March 2022           3,128          90,319             15.7            101.8                28.9
            March 2023           2,993          94,603             15.0             95.7                31.6
            March 2024           2,861          94,285             14.3             95.6                33.0
 
Annual openings
Year ended: March 1997

            March 1997          17,433         139,982            100.0               _                  8.0
            March 1998          13,942         141,514             80.0             80.0                10.2
            March 1999          12,087         135,821             69.3             86.7                11.2
            March 2000          11,022         137,176             63.2             91.2                12.4
            March 2001           9,740         124,509             55.9             88.4                12.8
            March 2002           8,718         112,595             50.0             89.5                12.9
            March 2003           7,992         102,489             45.8             91.7                12.8
            March 2004           7,325          97,451             42.0             91.7                13.3
            March 2005           6,703          94,947             38.5             91.5                14.2
            March 2006           6,135          90,857             35.2             91.5                14.8
            March 2007           5,596          87,445             32.1             91.2                15.6
            March 2008           5,143          80,939             29.5             91.9                15.7
            March 2009           4,617          71,980             26.5             89.8                15.6
            March 2010           4,510          68,207             25.9             97.7                15.1
            March 2011           4,332          68,475             24.8             96.1                15.8
            March 2012           4,166          68,073             23.9             96.2                16.3
            March 2013           4,164          67,514             23.9            100.0                16.2
            March 2014           3,998          67,970             22.9             96.0                17.0
            March 2015           3,815          69,417             21.9             95.4                18.2
            March 2016           3,688          68,928             21.2             96.7                18.7
            March 2017           3,572          69,354             20.5             96.9                19.4
            March 2018           3,407          67,634             19.5             95.4                19.9
            March 2019           3,242          66,686             18.6             95.2                20.6
            March 2020           2,987          65,615             17.1             92.1                22.0
            March 2021           2,829          59,979             16.2             94.7                21.2
            March 2022           2,764          62,200             15.9             97.7                22.5
            March 2023           2,648          62,583             15.2             95.8                23.6
            March 2024           2,536          61,611             14.5             95.8                24.3
 
Annual openings
Year ended: March 1998

            March 1998          17,848         168,546            100.0               _                  9.4
            March 1999          14,122         159,308             79.1             79.1                11.3
            March 2000          12,610         161,388             70.7             89.3                12.8
            March 2001          11,165         149,627             62.6             88.5                13.4
            March 2002           9,876         135,648             55.3             88.5                13.7
            March 2003           9,039         128,755             50.6             91.5                14.2
            March 2004           8,341         127,526             46.7             92.3                15.3
            March 2005           7,829         124,817             43.9             93.9                15.9
            March 2006           7,234         119,538             40.5             92.4                16.5
            March 2007           6,664         115,094             37.3             92.1                17.3
            March 2008           6,205         109,228             34.8             93.1                17.6
            March 2009           5,818          99,485             32.6             93.8                17.1
            March 2010           5,508          94,293             30.9             94.7                17.1
            March 2011           5,237          96,376             29.3             95.1                18.4
            March 2012           5,044          94,400             28.3             96.3                18.7
            March 2013           5,040          95,914             28.2             99.9                19.0
            March 2014           4,835          94,009             27.1             95.9                19.4
            March 2015           4,625          90,720             25.9             95.7                19.6
            March 2016           4,452          87,166             24.9             96.3                19.6
            March 2017           4,315          87,287             24.2             96.9                20.2
            March 2018           4,183          87,650             23.4             96.9                21.0
            March 2019           4,058          88,589             22.7             97.0                21.8
            March 2020           3,847          84,375             21.6             94.8                21.9
            March 2021           3,715          75,135             20.8             96.6                20.2
            March 2022           3,661          75,845             20.5             98.5                20.7
            March 2023           3,544          75,932             19.9             96.8                21.4
            March 2024           3,363          73,406             18.8             94.9                21.8
 
Annual openings
Year ended: March 1999

            March 1999          12,625         109,653            100.0               _                  8.7
            March 2000          11,132         107,480             88.2             88.2                 9.7
            March 2001           9,235          99,981             73.1             83.0                10.8
            March 2002           8,010          96,247             63.4             86.7                12.0
            March 2003           7,077          90,799             56.1             88.4                12.8
            March 2004           6,467          83,895             51.2             91.4                13.0
            March 2005           5,961          82,392             47.2             92.2                13.8
            March 2006           5,443          79,788             43.1             91.3                14.7
            March 2007           4,979          75,283             39.4             91.5                15.1
            March 2008           4,536          73,763             35.9             91.1                16.3
            March 2009           4,116          64,390             32.6             90.7                15.6
            March 2010           3,822          60,870             30.3             92.9                15.9
            March 2011           3,662          62,021             29.0             95.8                16.9
            March 2012           3,500          62,209             27.7             95.6                17.8
            March 2013           3,538          64,098             28.0            101.1                18.1
            March 2014           3,383          63,902             26.8             95.6                18.9
            March 2015           3,212          64,321             25.4             94.9                20.0
            March 2016           3,075          63,254             24.4             95.7                20.6
            March 2017           2,955          62,562             23.4             96.1                21.2
            March 2018           2,829          61,679             22.4             95.7                21.8
            March 2019           2,720          60,650             21.5             96.1                22.3
            March 2020           2,509          57,756             19.9             92.2                23.0
            March 2021           2,374          53,465             18.8             94.6                22.5
            March 2022           2,331          54,697             18.5             98.2                23.5
            March 2023           2,268          55,210             18.0             97.3                24.3
            March 2024           2,168          54,296             17.2             95.6                25.0
 
Annual openings
Year ended: March 2000

            March 2000          18,383         172,437            100.0               _                  9.4
            March 2001          14,202         168,090             77.3             77.3                11.8
            March 2002          12,041         156,820             65.5             84.8                13.0
            March 2003          10,664         150,657             58.0             88.6                14.1
            March 2004           9,615         139,857             52.3             90.2                14.5
            March 2005           8,665         137,473             47.1             90.1                15.9
            March 2006           8,045         132,906             43.8             92.8                16.5
            March 2007           7,353         129,683             40.0             91.4                17.6
            March 2008           6,684         128,470             36.4             90.9                19.2
            March 2009           6,065         116,327             33.0             90.7                19.2
            March 2010           5,648         110,417             30.7             93.1                19.5
            March 2011           5,626         112,486             30.6             99.6                20.0
            March 2012           5,442         114,116             29.6             96.7                21.0
            March 2013           5,459         117,546             29.7            100.3                21.5
            March 2014           5,260         119,189             28.6             96.4                22.7
            March 2015           5,025         119,130             27.3             95.5                23.7
            March 2016           4,857         120,898             26.4             96.7                24.9
            March 2017           4,676         122,604             25.4             96.3                26.2
            March 2018           4,483         121,919             24.4             95.9                27.2
            March 2019           4,292         118,268             23.3             95.7                27.6
            March 2020           3,913         116,723             21.3             91.2                29.8
            March 2021           3,698         109,635             20.1             94.5                29.6
            March 2022           3,592         108,505             19.5             97.1                30.2
            March 2023           3,440         103,338             18.7             95.8                30.0
            March 2024           3,304          98,342             18.0             96.0                29.8
 
Annual openings
Year ended: March 2001

            March 2001          16,918         132,906            100.0               _                  7.9
            March 2002          12,791         120,229             75.6             75.6                 9.4
            March 2003          11,147         113,479             65.9             87.1                10.2
            March 2004           9,833         106,776             58.1             88.2                10.9
            March 2005           8,780         102,957             51.9             89.3                11.7
            March 2006           8,057          99,190             47.6             91.8                12.3
            March 2007           7,344          94,777             43.4             91.2                12.9
            March 2008           6,616          91,012             39.1             90.1                13.8
            March 2009           6,052          81,793             35.8             91.5                13.5
            March 2010           5,605          79,131             33.1             92.6                14.1
            March 2011           5,263          80,872             31.1             93.9                15.4
            March 2012           4,800          76,436             28.4             91.2                15.9
            March 2013           4,830          75,864             28.5            100.6                15.7
            March 2014           4,619          75,810             27.3             95.6                16.4
            March 2015           4,386          74,503             25.9             95.0                17.0
            March 2016           4,167          74,775             24.6             95.0                17.9
            March 2017           4,059          74,498             24.0             97.4                18.4
            March 2018           3,903          73,425             23.1             96.2                18.8
            March 2019           3,733          71,618             22.1             95.6                19.2
            March 2020           3,329          68,922             19.7             89.2                20.7
            March 2021           3,184          65,739             18.8             95.6                20.6
            March 2022           3,080          65,390             18.2             96.7                21.2
            March 2023           2,981          65,565             17.6             96.8                22.0
            March 2024           2,821          64,097             16.7             94.6                22.7
 
Annual openings
Year ended: March 2002

            March 2002          16,373         135,312            100.0               _                  8.3
            March 2003          12,751         123,007             77.9             77.9                 9.6
            March 2004          10,976         119,706             67.0             86.1                10.9
            March 2005           9,943         118,011             60.7             90.6                11.9
            March 2006           9,013         113,105             55.0             90.6                12.5
            March 2007           8,047         106,468             49.1             89.3                13.2
            March 2008           7,330          99,164             44.8             91.1                13.5
            March 2009           6,518          87,094             39.8             88.9                13.4
            March 2010           6,022          81,401             36.8             92.4                13.5
            March 2011           5,718          83,770             34.9             95.0                14.7
            March 2012           5,433          84,908             33.2             95.0                15.6
            March 2013           5,431          83,373             33.2            100.0                15.4
            March 2014           5,130          82,938             31.3             94.5                16.2
            March 2015           4,819          82,904             29.4             93.9                17.2
            March 2016           4,607          83,167             28.1             95.6                18.1
            March 2017           4,391          81,484             26.8             95.3                18.6
            March 2018           4,201          82,703             25.7             95.7                19.7
            March 2019           4,041          81,450             24.7             96.2                20.2
            March 2020           3,744          76,315             22.9             92.7                20.4
            March 2021           3,733          68,978             22.8             99.7                18.5
            March 2022           3,599          71,316             22.0             96.4                19.8
            March 2023           3,466          71,004             21.2             96.3                20.5
            March 2024           3,277          69,594             20.0             94.5                21.2
 
Annual openings
Year ended: March 2003

            March 2003          17,140         124,249            100.0               _                  7.2
            March 2004          13,466         118,287             78.6             78.6                 8.8
            March 2005          11,574         115,051             67.5             85.9                 9.9
            March 2006          10,266         109,631             59.9             88.7                10.7
            March 2007           9,152         105,272             53.4             89.1                11.5
            March 2008           8,137         101,098             47.5             88.9                12.4
            March 2009           7,072          88,222             41.3             86.9                12.5
            March 2010           6,488          81,663             37.9             91.7                12.6
            March 2011           6,042          81,635             35.3             93.1                13.5
            March 2012           5,817          82,149             33.9             96.3                14.1
            March 2013           5,832          82,302             34.0            100.3                14.1
            March 2014           5,497          80,829             32.1             94.3                14.7
            March 2015           5,224          79,377             30.5             95.0                15.2
            March 2016           4,908          80,084             28.6             94.0                16.3
            March 2017           4,731          80,117             27.6             96.4                16.9
            March 2018           4,508          77,764             26.3             95.3                17.3
            March 2019           4,297          76,532             25.1             95.3                17.8
            March 2020           3,872          72,381             22.6             90.1                18.7
            March 2021           3,723          67,023             21.7             96.2                18.0
            March 2022           3,644          70,243             21.3             97.9                19.3
            March 2023           3,473          69,604             20.3             95.3                20.0
            March 2024           3,336          68,064             19.5             96.1                20.4
 
Annual openings
Year ended: March 2004

            March 2004          16,630         115,713            100.0               _                  7.0
            March 2005          13,065         113,796             78.6             78.6                 8.7
            March 2006          11,298         110,925             67.9             86.5                 9.8
            March 2007           9,963         105,962             59.9             88.2                10.6
            March 2008           8,764          97,692             52.7             88.0                11.1
            March 2009           7,717          84,557             46.4             88.1                11.0
            March 2010           6,980          79,451             42.0             90.4                11.4
            March 2011           6,461          77,972             38.9             92.6                12.1
            March 2012           6,098          77,743             36.7             94.4                12.7
            March 2013           5,956          78,612             35.8             97.7                13.2
            March 2014           5,599          75,346             33.7             94.0                13.5
            March 2015           5,232          74,936             31.5             93.4                14.3
            March 2016           4,933          73,101             29.7             94.3                14.8
            March 2017           4,736          73,086             28.5             96.0                15.4
            March 2018           4,479          71,334             26.9             94.6                15.9
            March 2019           4,269          69,970             25.7             95.3                16.4
            March 2020           3,834          67,643             23.1             89.8                17.6
            March 2021           3,655          62,165             22.0             95.3                17.0
            March 2022           3,534          63,040             21.3             96.7                17.8
            March 2023           3,399          63,026             20.4             96.2                18.5
            March 2024           3,237          61,248             19.5             95.2                18.9
 
Annual openings
Year ended: March 2005

            March 2005          17,038         103,915            100.0               _                  6.1
            March 2006          13,253          97,559             77.8             77.8                 7.4
            March 2007          11,280          92,859             66.2             85.1                 8.2
            March 2008           9,737          88,828             57.1             86.3                 9.1
            March 2009           8,337          78,715             48.9             85.6                 9.4
            March 2010           7,483          73,657             43.9             89.8                 9.8
            March 2011           6,920          75,176             40.6             92.5                10.9
            March 2012           6,543          76,755             38.4             94.6                11.7
            March 2013           6,503          76,200             38.2             99.4                11.7
            March 2014           6,149          75,125             36.1             94.6                12.2
            March 2015           5,775          74,821             33.9             93.9                13.0
            March 2016           5,454          73,516             32.0             94.4                13.5
            March 2017           5,193          73,732             30.5             95.2                14.2
            March 2018           4,948          73,506             29.0             95.3                14.9
            March 2019           4,648          71,829             27.3             93.9                15.5
            March 2020           4,201          69,736             24.7             90.4                16.6
            March 2021           4,008          63,794             23.5             95.4                15.9
            March 2022           3,897          66,006             22.9             97.2                16.9
            March 2023           3,733          65,377             21.9             95.8                17.5
            March 2024           3,505          64,541             20.6             93.9                18.4
 
Annual openings
Year ended: March 2006

            March 2006          16,712         100,310            100.0               _                  6.0
            March 2007          12,915          97,574             77.3             77.3                 7.6
            March 2008          10,979          93,427             65.7             85.0                 8.5
            March 2009           9,307          83,336             55.7             84.8                 9.0
            March 2010           8,326          78,651             49.8             89.5                 9.4
            March 2011           7,615          79,297             45.6             91.5                10.4
            March 2012           7,201          80,456             43.1             94.6                11.2
            March 2013           7,112          81,554             42.6             98.8                11.5
            March 2014           6,664          79,654             39.9             93.7                12.0
            March 2015           6,285          80,493             37.6             94.3                12.8
            March 2016           5,872          82,311             35.1             93.4                14.0
            March 2017           5,634          81,693             33.7             95.9                14.5
            March 2018           5,326          81,844             31.9             94.5                15.4
            March 2019           5,066          80,152             30.3             95.1                15.8
            March 2020           4,542          78,298             27.2             89.7                17.2
            March 2021           4,335          71,115             25.9             95.4                16.4
            March 2022           4,146          73,063             24.8             95.6                17.6
            March 2023           3,986          74,129             23.9             96.1                18.6
            March 2024           3,804          73,037             22.8             95.4                19.2
 
Annual openings
Year ended: March 2007

            March 2007          15,451          79,101            100.0               _                  5.1
            March 2008          11,828          74,113             76.6             76.6                 6.3
            March 2009           9,697          64,277             62.8             82.0                 6.6
            March 2010           8,469          60,973             54.8             87.3                 7.2
            March 2011           7,763          61,564             50.2             91.7                 7.9
            March 2012           7,194          62,144             46.6             92.7                 8.6
            March 2013           7,054          63,029             45.7             98.1                 8.9
            March 2014           6,543          62,925             42.3             92.8                 9.6
            March 2015           6,038          63,372             39.1             92.3                10.5
            March 2016           5,613          63,358             36.3             93.0                11.3
            March 2017           5,341          62,688             34.6             95.2                11.7
            March 2018           5,067          62,808             32.8             94.9                12.4
            March 2019           4,765          62,419             30.8             94.0                13.1
            March 2020           4,227          59,979             27.4             88.7                14.2
            March 2021           3,998          53,892             25.9             94.6                13.5
            March 2022           3,895          55,227             25.2             97.4                14.2
            March 2023           3,704          55,082             24.0             95.1                14.9
            March 2024           3,544          53,817             22.9             95.7                15.2
 
Annual openings
Year ended: March 2008

            March 2008          14,916          78,536            100.0               _                  5.3
            March 2009          10,854          68,353             72.8             72.8                 6.3
            March 2010           9,321          64,175             62.5             85.9                 6.9
            March 2011           8,301          62,933             55.7             89.1                 7.6
            March 2012           7,720          65,111             51.8             93.0                 8.4
            March 2013           7,519          65,752             50.4             97.4                 8.7
            March 2014           6,885          64,395             46.2             91.6                 9.4
            March 2015           6,340          62,705             42.5             92.1                 9.9
            March 2016           5,904          62,000             39.6             93.1                10.5
            March 2017           5,574          61,500             37.4             94.4                11.0
            March 2018           5,219          60,301             35.0             93.6                11.6
            March 2019           4,904          58,244             32.9             94.0                11.9
            March 2020           4,424          55,677             29.7             90.2                12.6
            March 2021           4,151          49,696             27.8             93.8                12.0
            March 2022           4,071          51,436             27.3             98.1                12.6
            March 2023           3,863          51,069             25.9             94.9                13.2
            March 2024           3,650          50,068             24.5             94.5                13.7
 
Annual openings
Year ended: March 2009

            March 2009          11,317          61,921            100.0               _                  5.5
            March 2010           8,440          56,321             74.6             74.6                 6.7
            March 2011           7,372          58,150             65.1             87.3                 7.9
            March 2012           6,752          57,257             59.7             91.6                 8.5
            March 2013           6,474          58,656             57.2             95.9                 9.1
            March 2014           5,976          58,177             52.8             92.3                 9.7
            March 2015           5,446          57,871             48.1             91.1                10.6
            March 2016           5,018          57,868             44.3             92.1                11.5
            March 2017           4,698          57,899             41.5             93.6                12.3
            March 2018           4,452          57,226             39.3             94.8                12.9
            March 2019           4,169          55,753             36.8             93.6                13.4
            March 2020           3,727          53,144             32.9             89.4                14.3
            March 2021           3,459          48,690             30.6             92.8                14.1
            March 2022           3,338          49,773             29.5             96.5                14.9
            March 2023           3,189          48,879             28.2             95.5                15.3
            March 2024           3,032          47,632             26.8             95.1                15.7
 
Annual openings
Year ended: March 2010

            March 2010          13,486          68,363            100.0               _                  5.1
            March 2011          10,571          72,917             78.4             78.4                 6.9
            March 2012           9,253          75,493             68.6             87.5                 8.2
            March 2013           8,837          77,525             65.5             95.5                 8.8
            March 2014           8,027          76,543             59.5             90.8                 9.5
            March 2015           7,280          77,408             54.0             90.7                10.6
            March 2016           6,747          77,826             50.0             92.7                11.5
            March 2017           6,312          76,067             46.8             93.6                12.1
            March 2018           5,922          76,832             43.9             93.8                13.0
            March 2019           5,528          71,853             41.0             93.3                13.0
            March 2020           5,026          68,103             37.3             90.9                13.6
            March 2021           4,701          62,346             34.9             93.5                13.3
            March 2022           4,541          64,307             33.7             96.6                14.2
            March 2023           4,315          63,866             32.0             95.0                14.8
            March 2024           4,106          61,900             30.4             95.2                15.1
 
Annual openings
Year ended: March 2011

            March 2011          11,258          56,614            100.0               _                  5.0
            March 2012           8,857          56,851             78.7             78.7                 6.4
            March 2013           8,232          56,166             73.1             92.9                 6.8
            March 2014           7,334          55,758             65.1             89.1                 7.6
            March 2015           6,506          54,851             57.8             88.7                 8.4
            March 2016           5,877          54,442             52.2             90.3                 9.3
            March 2017           5,482          55,120             48.7             93.3                10.1
            March 2018           5,073          54,458             45.1             92.5                10.7
            March 2019           4,720          52,822             41.9             93.0                11.2
            March 2020           4,300          51,450             38.2             91.1                12.0
            March 2021           4,019          46,263             35.7             93.5                11.5
            March 2022           3,884          47,827             34.5             96.6                12.3
            March 2023           3,657          47,286             32.5             94.2                12.9
            March 2024           3,460          46,530             30.7             94.6                13.4
 
Annual openings
Year ended: March 2012

            March 2012          13,150          64,168            100.0               _                  4.9
            March 2013          11,090          62,435             84.3             84.3                 5.6
            March 2014           9,566          63,263             72.7             86.3                 6.6
            March 2015           8,367          62,720             63.6             87.5                 7.5
            March 2016           7,620          63,240             57.9             91.1                 8.3
            March 2017           6,967          63,113             53.0             91.4                 9.1
            March 2018           6,421          61,463             48.8             92.2                 9.6
            March 2019           5,962          61,319             45.3             92.9                10.3
            March 2020           5,355          59,152             40.7             89.8                11.0
            March 2021           4,966          54,077             37.8             92.7                10.9
            March 2022           4,755          54,041             36.2             95.8                11.4
            March 2023           4,572          53,936             34.8             96.2                11.8
            March 2024           4,308          52,758             32.8             94.2                12.2
 
Annual openings
Year ended: March 2013

            March 2013          13,192          64,047            100.0               _                  4.9
            March 2014          10,502          64,158             79.6             79.6                 6.1
            March 2015           9,036          65,565             68.5             86.0                 7.3
            March 2016           8,034          65,600             60.9             88.9                 8.2
            March 2017           7,362          65,910             55.8             91.6                 9.0
            March 2018           6,714          66,259             50.9             91.2                 9.9
            March 2019           6,161          73,227             46.7             91.8                11.9
            March 2020           5,336          70,980             40.4             86.6                13.3
            March 2021           5,100          70,808             38.7             95.6                13.9
            March 2022           4,883          79,181             37.0             95.7                16.2
            March 2023           4,657          75,546             35.3             95.4                16.2
            March 2024           4,368          76,161             33.1             93.8                17.4
 
Annual openings
Year ended: March 2014

            March 2014          15,650          70,889            100.0               _                  4.5
            March 2015          12,507          68,356             79.9             79.9                 5.5
            March 2016          10,821          68,405             69.1             86.5                 6.3
            March 2017           9,664          67,998             61.8             89.3                 7.0
            March 2018           8,758          67,264             56.0             90.6                 7.7
            March 2019           7,934          66,044             50.7             90.6                 8.3
            March 2020           6,862          64,164             43.8             86.5                 9.4
            March 2021           6,355          56,965             40.6             92.6                 9.0
            March 2022           6,127          60,237             39.2             96.4                 9.8
            March 2023           5,787          60,501             37.0             94.5                10.5
            March 2024           5,484          59,034             35.0             94.8                10.8
 
Annual openings
Year ended: March 2015

            March 2015          15,633          69,236            100.0               _                  4.4
            March 2016          12,631          68,371             80.8             80.8                 5.4
            March 2017          10,997          67,747             70.3             87.1                 6.2
            March 2018           9,778          66,713             62.5             88.9                 6.8
            March 2019           8,916          65,668             57.0             91.2                 7.4
            March 2020           7,655          61,894             49.0             85.9                 8.1
            March 2021           7,075          57,603             45.3             92.4                 8.1
            March 2022           6,777          59,587             43.4             95.8                 8.8
            March 2023           6,356          59,418             40.7             93.8                 9.3
            March 2024           5,933          58,140             38.0             93.3                 9.8
 
Annual openings
Year ended: March 2016

            March 2016          15,167          65,835            100.0               _                  4.3
            March 2017          12,358          68,077             81.5             81.5                 5.5
            March 2018          10,703          71,889             70.6             86.6                 6.7
            March 2019           9,604          69,247             63.3             89.7                 7.2
            March 2020           8,566          68,069             56.5             89.2                 7.9
            March 2021           7,849          62,316             51.8             91.6                 7.9
            March 2022           7,438          66,356             49.0             94.8                 8.9
            March 2023           6,991          66,276             46.1             94.0                 9.5
            March 2024           6,495          64,451             42.8             92.9                 9.9
 
Annual openings
Year ended: March 2017

            March 2017          15,095          64,390            100.0               _                  4.3
            March 2018          12,222          62,446             81.0             81.0                 5.1
            March 2019          10,535          60,476             69.8             86.2                 5.7
            March 2020           9,075          58,137             60.1             86.1                 6.4
            March 2021           8,345          55,387             55.3             92.0                 6.6
            March 2022           7,904          60,168             52.4             94.7                 7.6
            March 2023           7,480          61,389             49.6             94.6                 8.2
            March 2024           6,974          59,405             46.2             93.2                 8.5
 
Annual openings
Year ended: March 2018

            March 2018          15,449          65,077            100.0               _                  4.2
            March 2019          12,394          65,656             80.2             80.2                 5.3
            March 2020          10,824          63,970             70.1             87.3                 5.9
            March 2021           9,686          61,003             62.7             89.5                 6.3
            March 2022           9,090          67,146             58.8             93.8                 7.4
            March 2023           8,543          69,338             55.3             94.0                 8.1
            March 2024           7,821          66,659             50.6             91.5                 8.5
 
Annual openings
Year ended: March 2019

            March 2019          16,777          66,790            100.0               _                  4.0
            March 2020          12,926          67,156             77.0             77.0                 5.2
            March 2021          11,416          65,933             68.0             88.3                 5.8
            March 2022          10,477          73,629             62.4             91.8                 7.0
            March 2023           9,819          72,181             58.5             93.7                 7.4
            March 2024           9,042          69,419             53.9             92.1                 7.7
 
Annual openings
Year ended: March 2020

            March 2020          16,031          67,532            100.0               _                  4.2
            March 2021          12,645          67,127             78.9             78.9                 5.3
            March 2022          11,556          76,751             72.1             91.4                 6.6
            March 2023          10,514          76,014             65.6             91.0                 7.2
            March 2024           9,556          74,538             59.6             90.9                 7.8
 
Annual openings
Year ended: March 2021

            March 2021          16,222          60,477            100.0               _                  3.7
            March 2022          12,658          69,540             78.0             78.0                 5.5
            March 2023          11,150          69,183             68.7             88.1                 6.2
            March 2024           9,876          66,688             60.9             88.6                 6.8
 
Annual openings
Year ended: March 2022

            March 2022          21,492          76,034            100.0               _                  3.5
            March 2023          16,868          77,800             78.5             78.5                 4.6
            March 2024          14,474          76,400             67.3             85.8                 5.3
 
Annual openings
Year ended: March 2023

            March 2023          21,484          75,949            100.0               _                  3.5
            March 2024          16,504          74,999             76.8             76.8                 4.5
 
Annual openings
Year ended: March 2024

            March 2024          19,589          75,341            100.0               _                  3.8
 
NOTE: A '_' indicates that the data are not available and a 'N' indicates that the data do not meet BLS disclosure standards.
