Table 7. Survival of private sector establishments by opening year

Total Private

Minnesota

                          Surviving       Total Employment   Survival Rates   Survival Rates of   Average Employment
                          Establishments  of Survivors       Since Birth      Previous Year's     of Survivors
                                                                              Survivors

Annual openings
Year ended: March 1994

            March 1994           9,728          70,317            100.0               _                  7.2
            March 1995           7,776          69,663             79.9             79.9                 9.0
            March 1996           6,800          66,081             69.9             87.4                 9.7
            March 1997           6,027          66,477             62.0             88.6                11.0
            March 1998           5,700          67,707             58.6             94.6                11.9
            March 1999           5,290          67,245             54.4             92.8                12.7
            March 2000           4,933          66,139             50.7             93.3                13.4
            March 2001           4,577          63,505             47.0             92.8                13.9
            March 2002           4,174          60,174             42.9             91.2                14.4
            March 2003           3,946          58,015             40.6             94.5                14.7
            March 2004           3,630          56,443             37.3             92.0                15.5
            March 2005           3,318          55,921             34.1             91.4                16.9
            March 2006           3,454          56,182             35.5            104.1                16.3
            March 2007           3,139          54,549             32.3             90.9                17.4
            March 2008           2,913          53,925             29.9             92.8                18.5
            March 2009           2,626          51,240             27.0             90.1                19.5
            March 2010           2,492          48,891             25.6             94.9                19.6
            March 2011           2,399          49,134             24.7             96.3                20.5
            March 2012           2,322          49,238             23.9             96.8                21.2
            March 2013           2,180          49,218             22.4             93.9                22.6
            March 2014           2,089          48,579             21.5             95.8                23.3
            March 2015           2,035          49,240             20.9             97.4                24.2
            March 2016           1,974          49,253             20.3             97.0                25.0
            March 2017           1,951          50,260             20.1             98.8                25.8
            March 2018           1,797          50,237             18.5             92.1                28.0
            March 2019           1,720          49,322             17.7             95.7                28.7
            March 2020           1,658          47,110             17.0             96.4                28.4
            March 2021           1,606          42,746             16.5             96.9                26.6
            March 2022           1,536          42,807             15.8             95.6                27.9
            March 2023           1,500          43,224             15.4             97.7                28.8
            March 2024           1,360          41,029             14.0             90.7                30.2
 
Annual openings
Year ended: March 1995

            March 1995           9,670          87,086            100.0               _                  9.0
            March 1996           7,893          84,657             81.6             81.6                10.7
            March 1997           6,784          84,253             70.2             85.9                12.4
            March 1998           6,376          84,242             65.9             94.0                13.2
            March 1999           5,857          83,527             60.6             91.9                14.3
            March 2000           5,441          85,934             56.3             92.9                15.8
            March 2001           5,021          82,098             51.9             92.3                16.4
            March 2002           4,636          78,374             47.9             92.3                16.9
            March 2003           4,384          75,690             45.3             94.6                17.3
            March 2004           4,017          73,395             41.5             91.6                18.3
            March 2005           3,623          71,927             37.5             90.2                19.9
            March 2006           3,724          73,176             38.5            102.8                19.6
            March 2007           3,351          71,580             34.7             90.0                21.4
            March 2008           3,098          70,635             32.0             92.5                22.8
            March 2009           2,726          67,511             28.2             88.0                24.8
            March 2010           2,598          65,634             26.9             95.3                25.3
            March 2011           2,538          66,619             26.2             97.7                26.2
            March 2012           2,461          68,468             25.4             97.0                27.8
            March 2013           2,343          67,060             24.2             95.2                28.6
            March 2014           2,271          65,947             23.5             96.9                29.0
            March 2015           2,180          61,339             22.5             96.0                28.1
            March 2016           2,075          62,453             21.5             95.2                30.1
            March 2017           2,070          62,076             21.4             99.8                30.0
            March 2018           1,885          57,589             19.5             91.1                30.6
            March 2019           1,810          57,161             18.7             96.0                31.6
            March 2020           1,726          57,128             17.8             95.4                33.1
            March 2021           1,647          54,977             17.0             95.4                33.4
            March 2022           1,563          33,193             16.2             94.9                21.2
            March 2023           1,555          32,763             16.1             99.5                21.1
            March 2024           1,402          31,962             14.5             90.2                22.8
 
Annual openings
Year ended: March 1996

            March 1996          10,165          75,668            100.0               _                  7.4
            March 1997           8,089          75,252             79.6             79.6                 9.3
            March 1998           7,548          75,080             74.3             93.3                 9.9
            March 1999           6,836          73,675             67.3             90.6                10.8
            March 2000           6,307          73,831             62.0             92.3                11.7
            March 2001           5,804          72,970             57.1             92.0                12.6
            March 2002           5,324          70,184             52.4             91.7                13.2
            March 2003           4,999          66,547             49.2             93.9                13.3
            March 2004           4,547          65,312             44.7             91.0                14.4
            March 2005           4,098          63,624             40.3             90.1                15.5
            March 2006           4,295          64,082             42.3            104.8                14.9
            March 2007           3,827          61,369             37.6             89.1                16.0
            March 2008           3,567          60,902             35.1             93.2                17.1
            March 2009           3,124          54,677             30.7             87.6                17.5
            March 2010           3,024          53,190             29.7             96.8                17.6
            March 2011           2,926          53,243             28.8             96.8                18.2
            March 2012           2,849          53,161             28.0             97.4                18.7
            March 2013           2,720          53,215             26.8             95.5                19.6
            March 2014           2,628          55,393             25.9             96.6                21.1
            March 2015           2,516          53,285             24.8             95.7                21.2
            March 2016           2,440          52,599             24.0             97.0                21.6
            March 2017           2,405          52,215             23.7             98.6                21.7
            March 2018           2,204          50,588             21.7             91.6                23.0
            March 2019           2,100          49,956             20.7             95.3                23.8
            March 2020           2,029          49,037             20.0             96.6                24.2
            March 2021           1,998          44,500             19.7             98.5                22.3
            March 2022           1,921          43,872             18.9             96.1                22.8
            March 2023           1,872          42,932             18.4             97.4                22.9
            March 2024           1,721          41,715             16.9             91.9                24.2
 
Annual openings
Year ended: March 1997

            March 1997           9,694          76,639            100.0               _                  7.9
            March 1998           8,371          81,278             86.4             86.4                 9.7
            March 1999           7,477          76,335             77.1             89.3                10.2
            March 2000           6,812          76,077             70.3             91.1                11.2
            March 2001           6,160          74,377             63.5             90.4                12.1
            March 2002           5,623          70,493             58.0             91.3                12.5
            March 2003           5,284          66,168             54.5             94.0                12.5
            March 2004           4,739          64,379             48.9             89.7                13.6
            March 2005           4,306          62,830             44.4             90.9                14.6
            March 2006           4,527          62,357             46.7            105.1                13.8
            March 2007           3,973          59,269             41.0             87.8                14.9
            March 2008           3,604          56,553             37.2             90.7                15.7
            March 2009           3,178          51,507             32.8             88.2                16.2
            March 2010           2,957          49,320             30.5             93.0                16.7
            March 2011           2,918          49,296             30.1             98.7                16.9
            March 2012           2,820          47,855             29.1             96.6                17.0
            March 2013           2,715          48,561             28.0             96.3                17.9
            March 2014           2,612          47,419             26.9             96.2                18.2
            March 2015           2,498          43,546             25.8             95.6                17.4
            March 2016           2,406          42,815             24.8             96.3                17.8
            March 2017           2,416          42,697             24.9            100.4                17.7
            March 2018           2,226          41,192             23.0             92.1                18.5
            March 2019           2,106          41,018             21.7             94.6                19.5
            March 2020           2,023          39,837             20.9             96.1                19.7
            March 2021           1,932          36,797             19.9             95.5                19.0
            March 2022           1,821          36,033             18.8             94.3                19.8
            March 2023           1,764          36,050             18.2             96.9                20.4
            March 2024           1,622          35,583             16.7             92.0                21.9
 
Annual openings
Year ended: March 1998

            March 1998          10,381          74,690            100.0               _                  7.2
            March 1999           8,634          75,813             83.2             83.2                 8.8
            March 2000           7,597          75,767             73.2             88.0                10.0
            March 2001           6,839          73,303             65.9             90.0                10.7
            March 2002           6,194          66,882             59.7             90.6                10.8
            March 2003           5,776          63,223             55.6             93.3                10.9
            March 2004           5,178          58,872             49.9             89.6                11.4
            March 2005           4,670          56,713             45.0             90.2                12.1
            March 2006           4,925          56,656             47.4            105.5                11.5
            March 2007           4,363          54,035             42.0             88.6                12.4
            March 2008           3,980          52,145             38.3             91.2                13.1
            March 2009           3,456          47,988             33.3             86.8                13.9
            March 2010           3,253          46,219             31.3             94.1                14.2
            March 2011           3,122          45,702             30.1             96.0                14.6
            March 2012           2,990          45,001             28.8             95.8                15.1
            March 2013           2,843          45,415             27.4             95.1                16.0
            March 2014           2,709          44,460             26.1             95.3                16.4
            March 2015           2,614          43,681             25.2             96.5                16.7
            March 2016           2,508          43,575             24.2             95.9                17.4
            March 2017           2,534          43,940             24.4            101.0                17.3
            March 2018           2,280          42,892             22.0             90.0                18.8
            March 2019           2,203          41,984             21.2             96.6                19.1
            March 2020           2,107          41,330             20.3             95.6                19.6
            March 2021           2,028          38,897             19.5             96.3                19.2
            March 2022           1,929          38,120             18.6             95.1                19.8
            March 2023           1,900          37,368             18.3             98.5                19.7
            March 2024           1,679          36,280             16.2             88.4                21.6
 
Annual openings
Year ended: March 1999

            March 1999           8,364          65,831            100.0               _                  7.9
            March 2000           6,942          66,322             83.0             83.0                 9.6
            March 2001           6,153          64,589             73.6             88.6                10.5
            March 2002           5,433          59,591             65.0             88.3                11.0
            March 2003           4,998          56,744             59.8             92.0                11.4
            March 2004           4,481          52,993             53.6             89.7                11.8
            March 2005           4,078          50,357             48.8             91.0                12.3
            March 2006           4,275          50,562             51.1            104.8                11.8
            March 2007           3,751          47,605             44.8             87.7                12.7
            March 2008           3,380          46,233             40.4             90.1                13.7
            March 2009           2,945          43,128             35.2             87.1                14.6
            March 2010           2,762          41,244             33.0             93.8                14.9
            March 2011           2,648          42,758             31.7             95.9                16.1
            March 2012           2,545          45,383             30.4             96.1                17.8
            March 2013           2,402          45,749             28.7             94.4                19.0
            March 2014           2,311          44,738             27.6             96.2                19.4
            March 2015           2,200          43,117             26.3             95.2                19.6
            March 2016           2,131          42,732             25.5             96.9                20.1
            March 2017           2,143          42,001             25.6            100.6                19.6
            March 2018           1,953          40,834             23.4             91.1                20.9
            March 2019           1,905          39,827             22.8             97.5                20.9
            March 2020           1,822          37,936             21.8             95.6                20.8
            March 2021           1,729          36,206             20.7             94.9                20.9
            March 2022           1,676          32,391             20.0             96.9                19.3
            March 2023           1,639          31,409             19.6             97.8                19.2
            March 2024           1,451          30,097             17.3             88.5                20.7
 
Annual openings
Year ended: March 2000

            March 2000           8,868          70,228            100.0               _                  7.9
            March 2001           7,271          68,374             82.0             82.0                 9.4
            March 2002           6,275          62,310             70.8             86.3                 9.9
            March 2003           5,683          60,740             64.1             90.6                10.7
            March 2004           5,237          58,726             59.1             92.2                11.2
            March 2005           4,722          57,108             53.2             90.2                12.1
            March 2006           4,781          56,744             53.9            101.2                11.9
            March 2007           4,139          53,888             46.7             86.6                13.0
            March 2008           3,721          51,257             42.0             89.9                13.8
            March 2009           3,208          48,024             36.2             86.2                15.0
            March 2010           2,998          45,921             33.8             93.5                15.3
            March 2011           2,863          44,935             32.3             95.5                15.7
            March 2012           2,719          44,594             30.7             95.0                16.4
            March 2013           2,608          44,571             29.4             95.9                17.1
            March 2014           2,524          44,408             28.5             96.8                17.6
            March 2015           2,434          43,523             27.4             96.4                17.9
            March 2016           2,371          44,011             26.7             97.4                18.6
            March 2017           2,417          43,391             27.3            101.9                18.0
            March 2018           2,194          42,969             24.7             90.8                19.6
            March 2019           2,098          41,549             23.7             95.6                19.8
            March 2020           1,994          40,826             22.5             95.0                20.5
            March 2021           1,897          38,361             21.4             95.1                20.2
            March 2022           1,796          38,019             20.3             94.7                21.2
            March 2023           1,791          39,879             20.2             99.7                22.3
            March 2024           1,628          39,788             18.4             90.9                24.4
 
Annual openings
Year ended: March 2001

            March 2001          11,133          79,554            100.0               _                  7.1
            March 2002           8,874          72,572             79.7             79.7                 8.2
            March 2003           7,829          71,014             70.3             88.2                 9.1
            March 2004           7,096          69,036             63.7             90.6                 9.7
            March 2005           6,372          68,528             57.2             89.8                10.8
            March 2006           6,406          68,766             57.5            100.5                10.7
            March 2007           5,657          66,665             50.8             88.3                11.8
            March 2008           5,054          65,631             45.4             89.3                13.0
            March 2009           4,392          61,190             39.5             86.9                13.9
            March 2010           4,056          58,637             36.4             92.3                14.5
            March 2011           3,890          56,900             34.9             95.9                14.6
            March 2012           3,706          55,059             33.3             95.3                14.9
            March 2013           3,551          55,269             31.9             95.8                15.6
            March 2014           3,392          54,051             30.5             95.5                15.9
            March 2015           3,274          55,657             29.4             96.5                17.0
            March 2016           3,119          55,872             28.0             95.3                17.9
            March 2017           3,141          55,028             28.2            100.7                17.5
            March 2018           2,867          53,401             25.8             91.3                18.6
            March 2019           2,755          52,834             24.7             96.1                19.2
            March 2020           2,633          51,735             23.7             95.6                19.6
            March 2021           2,527          48,726             22.7             96.0                19.3
            March 2022           2,395          49,186             21.5             94.8                20.5
            March 2023           2,349          50,192             21.1             98.1                21.4
            March 2024           2,111          48,485             19.0             89.9                23.0
 
Annual openings
Year ended: March 2002

            March 2002           8,426          75,567            100.0               _                  9.0
            March 2003           7,064          74,180             83.8             83.8                10.5
            March 2004           6,191          70,582             73.5             87.6                11.4
            March 2005           5,487          69,709             65.1             88.6                12.7
            March 2006           5,479          70,824             65.0             99.9                12.9
            March 2007           4,760          66,204             56.5             86.9                13.9
            March 2008           4,326          64,276             51.3             90.9                14.9
            March 2009           3,722          60,372             44.2             86.0                16.2
            March 2010           3,392          57,112             40.3             91.1                16.8
            March 2011           3,249          58,594             38.6             95.8                18.0
            March 2012           3,091          56,654             36.7             95.1                18.3
            March 2013           2,983          56,005             35.4             96.5                18.8
            March 2014           2,921          56,289             34.7             97.9                19.3
            March 2015           2,799          57,554             33.2             95.8                20.6
            March 2016           2,678          56,485             31.8             95.7                21.1
            March 2017           2,656          55,567             31.5             99.2                20.9
            March 2018           2,446          54,120             29.0             92.1                22.1
            March 2019           2,335          52,384             27.7             95.5                22.4
            March 2020           2,229          51,118             26.5             95.5                22.9
            March 2021           2,172          48,143             25.8             97.4                22.2
            March 2022           2,085          47,067             24.7             96.0                22.6
            March 2023           2,064          45,931             24.5             99.0                22.3
            March 2024           1,885          44,363             22.4             91.3                23.5
 
Annual openings
Year ended: March 2003

            March 2003          10,147          74,759            100.0               _                  7.4
            March 2004           8,516          73,013             83.9             83.9                 8.6
            March 2005           7,470          73,034             73.6             87.7                 9.8
            March 2006           7,437          73,561             73.3             99.6                 9.9
            March 2007           6,262          70,922             61.7             84.2                11.3
            March 2008           5,449          68,597             53.7             87.0                12.6
            March 2009           4,684          63,146             46.2             86.0                13.5
            March 2010           4,293          60,716             42.3             91.7                14.1
            March 2011           4,136          60,361             40.8             96.3                14.6
            March 2012           3,924          58,804             38.7             94.9                15.0
            March 2013           3,717          57,701             36.6             94.7                15.5
            March 2014           3,561          58,163             35.1             95.8                16.3
            March 2015           3,423          58,721             33.7             96.1                17.2
            March 2016           3,287          59,012             32.4             96.0                18.0
            March 2017           3,252          58,291             32.0             98.9                17.9
            March 2018           2,966          56,305             29.2             91.2                19.0
            March 2019           2,872          55,336             28.3             96.8                19.3
            March 2020           2,756          52,867             27.2             96.0                19.2
            March 2021           2,625          50,041             25.9             95.2                19.1
            March 2022           2,517          49,227             24.8             95.9                19.6
            March 2023           2,477          49,411             24.4             98.4                19.9
            March 2024           2,202          47,142             21.7             88.9                21.4
 
Annual openings
Year ended: March 2004

            March 2004           9,993          66,724            100.0               _                  6.7
            March 2005           8,092          63,530             81.0             81.0                 7.9
            March 2006           7,849          65,108             78.5             97.0                 8.3
            March 2007           6,545          61,693             65.5             83.4                 9.4
            March 2008           5,595          58,602             56.0             85.5                10.5
            March 2009           4,777          55,447             47.8             85.4                11.6
            March 2010           4,391          52,995             43.9             91.9                12.1
            March 2011           4,182          54,379             41.8             95.2                13.0
            March 2012           3,985          53,748             39.9             95.3                13.5
            March 2013           3,762          52,995             37.6             94.4                14.1
            March 2014           3,594          53,264             36.0             95.5                14.8
            March 2015           3,428          52,332             34.3             95.4                15.3
            March 2016           3,286          51,341             32.9             95.9                15.6
            March 2017           3,265          50,714             32.7             99.4                15.5
            March 2018           2,976          49,664             29.8             91.1                16.7
            March 2019           2,812          48,582             28.1             94.5                17.3
            March 2020           2,681          46,590             26.8             95.3                17.4
            March 2021           2,580          44,031             25.8             96.2                17.1
            March 2022           2,469          43,545             24.7             95.7                17.6
            March 2023           2,443          43,486             24.4             98.9                17.8
            March 2024           2,225          40,907             22.3             91.1                18.4
 
Annual openings
Year ended: March 2005

            March 2005           9,548          66,203            100.0               _                  6.9
            March 2006           8,744          67,800             91.6             91.6                 7.8
            March 2007           6,956          60,352             72.9             79.6                 8.7
            March 2008           5,798          56,205             60.7             83.4                 9.7
            March 2009           4,782          51,312             50.1             82.5                10.7
            March 2010           4,358          48,904             45.6             91.1                11.2
            March 2011           4,119          49,126             43.1             94.5                11.9
            March 2012           3,906          49,078             40.9             94.8                12.6
            March 2013           3,715          48,837             38.9             95.1                13.1
            March 2014           3,593          48,803             37.6             96.7                13.6
            March 2015           3,403          48,770             35.6             94.7                14.3
            March 2016           3,232          48,507             33.9             95.0                15.0
            March 2017           3,234          48,428             33.9            100.1                15.0
            March 2018           2,938          47,524             30.8             90.8                16.2
            March 2019           2,788          47,323             29.2             94.9                17.0
            March 2020           2,679          46,164             28.1             96.1                17.2
            March 2021           2,539          43,272             26.6             94.8                17.0
            March 2022           2,479          43,020             26.0             97.6                17.4
            March 2023           2,453          43,076             25.7             99.0                17.6
            March 2024           2,171          42,072             22.7             88.5                19.4
 
Annual openings
Year ended: March 2006

            March 2006          10,814          70,697            100.0               _                  6.5
            March 2007           8,148          63,630             75.3             75.3                 7.8
            March 2008           6,779          59,835             62.7             83.2                 8.8
            March 2009           5,647          54,876             52.2             83.3                 9.7
            March 2010           5,112          52,436             47.3             90.5                10.3
            March 2011           4,802          51,011             44.4             93.9                10.6
            March 2012           4,535          50,373             41.9             94.4                11.1
            March 2013           4,277          49,760             39.6             94.3                11.6
            March 2014           4,067          50,035             37.6             95.1                12.3
            March 2015           3,885          50,838             35.9             95.5                13.1
            March 2016           3,661          50,188             33.9             94.2                13.7
            March 2017           3,660          50,269             33.8            100.0                13.7
            March 2018           3,376          48,767             31.2             92.2                14.4
            March 2019           3,213          47,408             29.7             95.2                14.8
            March 2020           3,061          45,791             28.3             95.3                15.0
            March 2021           2,969          42,145             27.5             97.0                14.2
            March 2022           2,859          42,885             26.4             96.3                15.0
            March 2023           2,749          42,974             25.4             96.2                15.6
            March 2024           2,523          42,000             23.3             91.8                16.6
 
Annual openings
Year ended: March 2007

            March 2007           9,727          59,712            100.0               _                  6.1
            March 2008           7,561          56,240             77.7             77.7                 7.4
            March 2009           6,013          50,143             61.8             79.5                 8.3
            March 2010           5,382          48,336             55.3             89.5                 9.0
            March 2011           5,023          47,151             51.6             93.3                 9.4
            March 2012           4,728          46,434             48.6             94.1                 9.8
            March 2013           4,367          45,703             44.9             92.4                10.5
            March 2014           4,167          45,845             42.8             95.4                11.0
            March 2015           3,935          45,096             40.5             94.4                11.5
            March 2016           3,704          44,079             38.1             94.1                11.9
            March 2017           3,712          43,967             38.2            100.2                11.8
            March 2018           3,321          43,603             34.1             89.5                13.1
            March 2019           3,208          42,603             33.0             96.6                13.3
            March 2020           3,029          41,628             31.1             94.4                13.7
            March 2021           2,892          38,553             29.7             95.5                13.3
            March 2022           2,770          40,337             28.5             95.8                14.6
            March 2023           2,716          40,155             27.9             98.1                14.8
            March 2024           2,475          38,982             25.4             91.1                15.8
 
Annual openings
Year ended: March 2008

            March 2008          14,068          74,229            100.0               _                  5.3
            March 2009          10,218          67,972             72.6             72.6                 6.7
            March 2010           8,921          66,422             63.4             87.3                 7.4
            March 2011           8,098          66,321             57.6             90.8                 8.2
            March 2012           7,463          64,952             53.0             92.2                 8.7
            March 2013           6,918          65,056             49.2             92.7                 9.4
            March 2014           6,435          64,532             45.7             93.0                10.0
            March 2015           6,010          63,802             42.7             93.4                10.6
            March 2016           5,576          62,885             39.6             92.8                11.3
            March 2017           5,563          63,174             39.5             99.8                11.4
            March 2018           4,980          62,726             35.4             89.5                12.6
            March 2019           4,701          62,450             33.4             94.4                13.3
            March 2020           4,468          60,976             31.8             95.0                13.6
            March 2021           4,246          56,143             30.2             95.0                13.2
            March 2022           4,040          57,699             28.7             95.1                14.3
            March 2023           3,971          58,240             28.2             98.3                14.7
            March 2024           3,569          56,381             25.4             89.9                15.8
 
Annual openings
Year ended: March 2009

            March 2009           7,279          40,399            100.0               _                  5.6
            March 2010           5,772          39,256             79.3             79.3                 6.8
            March 2011           5,124          39,382             70.4             88.8                 7.7
            March 2012           4,730          39,469             65.0             92.3                 8.3
            March 2013           4,338          37,826             59.6             91.7                 8.7
            March 2014           3,980          37,214             54.7             91.7                 9.4
            March 2015           3,680          36,777             50.6             92.5                10.0
            March 2016           3,408          36,540             46.8             92.6                10.7
            March 2017           3,324          37,384             45.7             97.5                11.2
            March 2018           3,017          37,078             41.4             90.8                12.3
            March 2019           2,853          36,061             39.2             94.6                12.6
            March 2020           2,664          35,399             36.6             93.4                13.3
            March 2021           2,574          33,400             35.4             96.6                13.0
            March 2022           2,445          34,491             33.6             95.0                14.1
            March 2023           2,405          34,267             33.0             98.4                14.2
            March 2024           2,145          32,914             29.5             89.2                15.3
 
Annual openings
Year ended: March 2010

            March 2010           8,457          46,923            100.0               _                  5.5
            March 2011           6,814          47,097             80.6             80.6                 6.9
            March 2012           5,979          47,198             70.7             87.7                 7.9
            March 2013           5,353          47,210             63.3             89.5                 8.8
            March 2014           4,980          47,651             58.9             93.0                 9.6
            March 2015           4,583          46,838             54.2             92.0                10.2
            March 2016           4,240          48,249             50.1             92.5                11.4
            March 2017           4,101          48,662             48.5             96.7                11.9
            March 2018           3,721          47,691             44.0             90.7                12.8
            March 2019           3,475          47,293             41.1             93.4                13.6
            March 2020           3,340          47,517             39.5             96.1                14.2
            March 2021           3,194          43,531             37.8             95.6                13.6
            March 2022           3,019          44,950             35.7             94.5                14.9
            March 2023           2,903          45,551             34.3             96.2                15.7
            March 2024           2,656          44,887             31.4             91.5                16.9
 
Annual openings
Year ended: March 2011

            March 2011           7,841          39,850            100.0               _                  5.1
            March 2012           6,298          38,080             80.3             80.3                 6.0
            March 2013           5,542          38,522             70.7             88.0                 7.0
            March 2014           4,957          38,567             63.2             89.4                 7.8
            March 2015           4,503          39,538             57.4             90.8                 8.8
            March 2016           4,106          38,821             52.4             91.2                 9.5
            March 2017           3,970          38,395             50.6             96.7                 9.7
            March 2018           3,561          38,149             45.4             89.7                10.7
            March 2019           3,382          37,208             43.1             95.0                11.0
            March 2020           3,166          35,830             40.4             93.6                11.3
            March 2021           3,008          32,875             38.4             95.0                10.9
            March 2022           2,862          33,191             36.5             95.1                11.6
            March 2023           2,782          33,156             35.5             97.2                11.9
            March 2024           2,529          32,141             32.3             90.9                12.7
 
Annual openings
Year ended: March 2012

            March 2012           9,536          46,536            100.0               _                  4.9
            March 2013           7,723          47,838             81.0             81.0                 6.2
            March 2014           6,820          46,933             71.5             88.3                 6.9
            March 2015           6,185          45,374             64.9             90.7                 7.3
            March 2016           5,648          45,073             59.2             91.3                 8.0
            March 2017           5,452          44,316             57.2             96.5                 8.1
            March 2018           4,884          43,451             51.2             89.6                 8.9
            March 2019           4,501          42,724             47.2             92.2                 9.5
            March 2020           4,235          41,757             44.4             94.1                 9.9
            March 2021           4,022          38,747             42.2             95.0                 9.6
            March 2022           3,859          39,379             40.5             95.9                10.2
            March 2023           3,767          39,888             39.5             97.6                10.6
            March 2024           3,359          38,606             35.2             89.2                11.5
 
Annual openings
Year ended: March 2013

            March 2013           8,785          45,974            100.0               _                  5.2
            March 2014           7,083          44,503             80.6             80.6                 6.3
            March 2015           6,247          44,969             71.1             88.2                 7.2
            March 2016           5,609          45,547             63.8             89.8                 8.1
            March 2017           5,366          46,246             61.1             95.7                 8.6
            March 2018           4,796          45,076             54.6             89.4                 9.4
            March 2019           4,506          45,032             51.3             94.0                10.0
            March 2020           4,232          43,614             48.2             93.9                10.3
            March 2021           3,973          38,735             45.2             93.9                 9.7
            March 2022           3,785          40,692             43.1             95.3                10.8
            March 2023           3,592          40,599             40.9             94.9                11.3
            March 2024           3,260          39,320             37.1             90.8                12.1
 
Annual openings
Year ended: March 2014

            March 2014           6,737          35,177            100.0               _                  5.2
            March 2015           5,524          35,631             82.0             82.0                 6.5
            March 2016           4,836          35,697             71.8             87.5                 7.4
            March 2017           4,526          36,444             67.2             93.6                 8.1
            March 2018           4,000          36,216             59.4             88.4                 9.1
            March 2019           3,694          35,487             54.8             92.4                 9.6
            March 2020           3,462          35,660             51.4             93.7                10.3
            March 2021           3,262          33,729             48.4             94.2                10.3
            March 2022           3,083          35,182             45.8             94.5                11.4
            March 2023           2,975          35,801             44.2             96.5                12.0
            March 2024           2,703          34,041             40.1             90.9                12.6
 
Annual openings
Year ended: March 2015

            March 2015          10,193          48,139            100.0               _                  4.7
            March 2016           8,180          49,364             80.3             80.3                 6.0
            March 2017           7,483          49,908             73.4             91.5                 6.7
            March 2018           6,573          49,498             64.5             87.8                 7.5
            March 2019           6,086          49,216             59.7             92.6                 8.1
            March 2020           5,712          48,101             56.0             93.9                 8.4
            March 2021           5,392          44,406             52.9             94.4                 8.2
            March 2022           5,060          46,717             49.6             93.8                 9.2
            March 2023           4,893          46,901             48.0             96.7                 9.6
            March 2024           4,398          45,633             43.1             89.9                10.4
 
Annual openings
Year ended: March 2016

            March 2016           9,457          46,648            100.0               _                  4.9
            March 2017           7,884          52,652             83.4             83.4                 6.7
            March 2018           6,656          53,891             70.4             84.4                 8.1
            March 2019           6,002          52,615             63.5             90.2                 8.8
            March 2020           5,585          53,132             59.1             93.1                 9.5
            March 2021           5,200          53,612             55.0             93.1                10.3
            March 2022           4,947          55,824             52.3             95.1                11.3
            March 2023           4,779          53,841             50.5             96.6                11.3
            March 2024           4,221          51,020             44.6             88.3                12.1
 
Annual openings
Year ended: March 2017

            March 2017           9,199          42,233            100.0               _                  4.6
            March 2018           7,129          42,042             77.5             77.5                 5.9
            March 2019           6,264          41,596             68.1             87.9                 6.6
            March 2020           5,681          41,531             61.8             90.7                 7.3
            March 2021           5,327          38,693             57.9             93.8                 7.3
            March 2022           4,963          41,558             54.0             93.2                 8.4
            March 2023           4,764          42,759             51.8             96.0                 9.0
            March 2024           4,205          40,869             45.7             88.3                 9.7
 
Annual openings
Year ended: March 2018

            March 2018           9,337          40,067            100.0               _                  4.3
            March 2019           7,514          40,864             80.5             80.5                 5.4
            March 2020           6,587          41,075             70.5             87.7                 6.2
            March 2021           6,114          39,632             65.5             92.8                 6.5
            March 2022           5,679          42,788             60.8             92.9                 7.5
            March 2023           5,380          43,453             57.6             94.7                 8.1
            March 2024           4,740          41,994             50.8             88.1                 8.9
 
Annual openings
Year ended: March 2019

            March 2019           9,483          35,640            100.0               _                  3.8
            March 2020           7,650          37,130             80.7             80.7                 4.9
            March 2021           6,866          36,109             72.4             89.8                 5.3
            March 2022           6,315          39,857             66.6             92.0                 6.3
            March 2023           5,938          41,297             62.6             94.0                 7.0
            March 2024           5,137          39,323             54.2             86.5                 7.7
 
Annual openings
Year ended: March 2020

            March 2020           9,685          35,580            100.0               _                  3.7
            March 2021           7,952          35,450             82.1             82.1                 4.5
            March 2022           7,081          39,329             73.1             89.0                 5.6
            March 2023           6,440          40,224             66.5             90.9                 6.2
            March 2024           5,626          38,542             58.1             87.4                 6.9
 
Annual openings
Year ended: March 2021

            March 2021          10,288          34,800            100.0               _                  3.4
            March 2022           7,966          38,805             77.4             77.4                 4.9
            March 2023           6,996          40,204             68.0             87.8                 5.7
            March 2024           6,070          39,189             59.0             86.8                 6.5
 
Annual openings
Year ended: March 2022

            March 2022          12,503          40,887            100.0               _                  3.3
            March 2023           9,711          42,339             77.7             77.7                 4.4
            March 2024           7,787          40,415             62.3             80.2                 5.2
 
Annual openings
Year ended: March 2023

            March 2023          13,888          48,572            100.0               _                  3.5
            March 2024          10,035          46,628             72.3             72.3                 4.6
 
Annual openings
Year ended: March 2024

            March 2024          11,925          46,787            100.0               _                  3.9
 
NOTE: A '_' indicates that the data are not available and a 'N' indicates that the data do not meet BLS disclosure standards.
