Table 7. Survival of private sector establishments by opening year

Total Private

Missouri

                          Surviving       Total Employment   Survival Rates   Survival Rates of   Average Employment
                          Establishments  of Survivors       Since Birth      Previous Year's     of Survivors
                                                                              Survivors

Annual openings
Year ended: March 1994

            March 1994          10,774          70,881            100.0               _                  6.6
            March 1995           8,648          71,571             80.3             80.3                 8.3
            March 1996           7,435          70,946             69.0             86.0                 9.5
            March 1997           6,902          72,125             64.1             92.8                10.4
            March 1998           6,271          70,668             58.2             90.9                11.3
            March 1999           5,754          68,063             53.4             91.8                11.8
            March 2000           5,328          68,741             49.5             92.6                12.9
            March 2001           4,868          65,043             45.2             91.4                13.4
            March 2002           4,475          61,814             41.5             91.9                13.8
            March 2003           4,200          60,151             39.0             93.9                14.3
            March 2004           3,917          59,608             36.4             93.3                15.2
            March 2005           3,664          58,132             34.0             93.5                15.9
            March 2006           3,489          57,473             32.4             95.2                16.5
            March 2007           3,342          57,275             31.0             95.8                17.1
            March 2008           3,207          54,996             29.8             96.0                17.1
            March 2009           2,987          50,888             27.7             93.1                17.0
            March 2010           2,836          48,262             26.3             94.9                17.0
            March 2011           2,676          47,068             24.8             94.4                17.6
            March 2012           2,596          46,209             24.1             97.0                17.8
            March 2013           2,464          46,498             22.9             94.9                18.9
            March 2014           2,364          44,316             21.9             95.9                18.7
            March 2015           2,267          43,718             21.0             95.9                19.3
            March 2016           2,214          43,746             20.5             97.7                19.8
            March 2017           2,162          42,716             20.1             97.7                19.8
            March 2018           2,036          41,979             18.9             94.2                20.6
            March 2019           1,940          40,616             18.0             95.3                20.9
            March 2020           1,828          39,247             17.0             94.2                21.5
            March 2021           1,784          35,766             16.6             97.6                20.0
            March 2022           1,710          35,849             15.9             95.9                21.0
            March 2023           1,638          35,260             15.2             95.8                21.5
            March 2024           1,564          34,319             14.5             95.5                21.9
 
Annual openings
Year ended: March 1995

            March 1995          10,960          75,965            100.0               _                  6.9
            March 1996           8,568          75,395             78.2             78.2                 8.8
            March 1997           7,785          76,297             71.0             90.9                 9.8
            March 1998           6,910          73,529             63.0             88.8                10.6
            March 1999           6,297          70,421             57.5             91.1                11.2
            March 2000           5,793          67,521             52.9             92.0                11.7
            March 2001           5,181          63,121             47.3             89.4                12.2
            March 2002           4,763          59,508             43.5             91.9                12.5
            March 2003           4,483          55,786             40.9             94.1                12.4
            March 2004           4,164          54,849             38.0             92.9                13.2
            March 2005           3,939          53,466             35.9             94.6                13.6
            March 2006           3,710          52,487             33.9             94.2                14.1
            March 2007           3,510          50,065             32.0             94.6                14.3
            March 2008           3,342          48,789             30.5             95.2                14.6
            March 2009           3,093          45,109             28.2             92.5                14.6
            March 2010           2,955          43,370             27.0             95.5                14.7
            March 2011           2,753          43,281             25.1             93.2                15.7
            March 2012           2,661          42,544             24.3             96.7                16.0
            March 2013           2,540          40,790             23.2             95.5                16.1
            March 2014           2,426          40,013             22.1             95.5                16.5
            March 2015           2,332          39,598             21.3             96.1                17.0
            March 2016           2,261          39,043             20.6             97.0                17.3
            March 2017           2,197          38,789             20.0             97.2                17.7
            March 2018           2,042          38,267             18.6             92.9                18.7
            March 2019           1,930          38,274             17.6             94.5                19.8
            March 2020           1,831          38,144             16.7             94.9                20.8
            March 2021           1,792          36,062             16.4             97.9                20.1
            March 2022           1,745          35,916             15.9             97.4                20.6
            March 2023           1,689          36,836             15.4             96.8                21.8
            March 2024           1,594          35,933             14.5             94.4                22.5
 
Annual openings
Year ended: March 1996

            March 1996          10,194          73,693            100.0               _                  7.2
            March 1997           8,383          71,936             82.2             82.2                 8.6
            March 1998           7,273          69,749             71.3             86.8                 9.6
            March 1999           6,487          67,569             63.6             89.2                10.4
            March 2000           5,875          65,325             57.6             90.6                11.1
            March 2001           5,301          62,205             52.0             90.2                11.7
            March 2002           4,778          57,514             46.9             90.1                12.0
            March 2003           4,469          54,803             43.8             93.5                12.3
            March 2004           4,172          53,254             40.9             93.4                12.8
            March 2005           3,895          52,086             38.2             93.4                13.4
            March 2006           3,662          50,218             35.9             94.0                13.7
            March 2007           3,466          49,442             34.0             94.6                14.3
            March 2008           3,314          47,243             32.5             95.6                14.3
            March 2009           3,106          43,220             30.5             93.7                13.9
            March 2010           2,928          41,759             28.7             94.3                14.3
            March 2011           2,739          41,338             26.9             93.5                15.1
            March 2012           2,587          41,397             25.4             94.5                16.0
            March 2013           2,431          41,481             23.8             94.0                17.1
            March 2014           2,338          42,190             22.9             96.2                18.0
            March 2015           2,235          43,173             21.9             95.6                19.3
            March 2016           2,160          41,992             21.2             96.6                19.4
            March 2017           2,139          41,091             21.0             99.0                19.2
            March 2018           1,962          40,016             19.2             91.7                20.4
            March 2019           1,888          39,276             18.5             96.2                20.8
            March 2020           1,802          38,355             17.7             95.4                21.3
            March 2021           1,733          35,725             17.0             96.2                20.6
            March 2022           1,670          34,875             16.4             96.4                20.9
            March 2023           1,612          34,702             15.8             96.5                21.5
            March 2024           1,526          33,947             15.0             94.7                22.2
 
Annual openings
Year ended: March 1997

            March 1997          12,010          91,402            100.0               _                  7.6
            March 1998           9,652          91,960             80.4             80.4                 9.5
            March 1999           8,316          90,235             69.2             86.2                10.9
            March 2000           7,332          86,161             61.0             88.2                11.8
            March 2001           6,490          85,700             54.0             88.5                13.2
            March 2002           6,013          78,664             50.1             92.7                13.1
            March 2003           5,570          75,127             46.4             92.6                13.5
            March 2004           5,146          74,281             42.8             92.4                14.4
            March 2005           4,835          71,462             40.3             94.0                14.8
            March 2006           4,522          68,835             37.7             93.5                15.2
            March 2007           4,285          66,776             35.7             94.8                15.6
            March 2008           4,078          64,678             34.0             95.2                15.9
            March 2009           3,777          58,696             31.4             92.6                15.5
            March 2010           3,598          55,830             30.0             95.3                15.5
            March 2011           3,385          54,528             28.2             94.1                16.1
            March 2012           3,283          54,781             27.3             97.0                16.7
            March 2013           3,150          53,073             26.2             95.9                16.8
            March 2014           3,052          52,602             25.4             96.9                17.2
            March 2015           2,961          53,431             24.7             97.0                18.0
            March 2016           2,868          53,523             23.9             96.9                18.7
            March 2017           2,822          52,892             23.5             98.4                18.7
            March 2018           2,631          51,909             21.9             93.2                19.7
            March 2019           2,533          50,669             21.1             96.3                20.0
            March 2020           2,372          49,846             19.8             93.6                21.0
            March 2021           2,278          46,585             19.0             96.0                20.4
            March 2022           2,162          44,827             18.0             94.9                20.7
            March 2023           2,078          39,405             17.3             96.1                19.0
            March 2024           1,999          38,510             16.6             96.2                19.3
 
Annual openings
Year ended: March 1998

            March 1998          11,590          83,497            100.0               _                  7.2
            March 1999           9,432          82,765             81.4             81.4                 8.8
            March 2000           8,148          81,125             70.3             86.4                10.0
            March 2001           7,083          77,182             61.1             86.9                10.9
            March 2002           6,269          71,481             54.1             88.5                11.4
            March 2003           5,729          68,292             49.4             91.4                11.9
            March 2004           5,300          67,266             45.7             92.5                12.7
            March 2005           4,943          65,368             42.6             93.3                13.2
            March 2006           4,670          65,601             40.3             94.5                14.0
            March 2007           4,429          63,920             38.2             94.8                14.4
            March 2008           4,177          59,943             36.0             94.3                14.4
            March 2009           3,809          55,898             32.9             91.2                14.7
            March 2010           3,647          53,599             31.5             95.7                14.7
            March 2011           3,419          52,430             29.5             93.7                15.3
            March 2012           3,245          50,412             28.0             94.9                15.5
            March 2013           3,049          49,888             26.3             94.0                16.4
            March 2014           2,946          49,087             25.4             96.6                16.7
            March 2015           2,884          49,486             24.9             97.9                17.2
            March 2016           2,785          48,821             24.0             96.6                17.5
            March 2017           2,762          47,501             23.8             99.2                17.2
            March 2018           2,556          46,568             22.1             92.5                18.2
            March 2019           2,441          45,404             21.1             95.5                18.6
            March 2020           2,383          44,308             20.6             97.6                18.6
            March 2021           2,292          40,559             19.8             96.2                17.7
            March 2022           2,190          40,373             18.9             95.5                18.4
            March 2023           2,065          38,963             17.8             94.3                18.9
            March 2024           1,957          37,158             16.9             94.8                19.0
 
Annual openings
Year ended: March 1999

            March 1999          11,344          92,761            100.0               _                  8.2
            March 2000           9,122          90,817             80.4             80.4                10.0
            March 2001           7,597          82,124             67.0             83.3                10.8
            March 2002           6,677          76,678             58.9             87.9                11.5
            March 2003           6,082          71,850             53.6             91.1                11.8
            March 2004           5,588          68,584             49.3             91.9                12.3
            March 2005           5,124          66,619             45.2             91.7                13.0
            March 2006           4,775          65,861             42.1             93.2                13.8
            March 2007           4,496          65,387             39.6             94.2                14.5
            March 2008           4,293          62,864             37.8             95.5                14.6
            March 2009           3,897          57,711             34.4             90.8                14.8
            March 2010           3,673          53,947             32.4             94.3                14.7
            March 2011           3,439          52,243             30.3             93.6                15.2
            March 2012           3,283          55,383             28.9             95.5                16.9
            March 2013           3,114          54,462             27.5             94.9                17.5
            March 2014           2,970          54,286             26.2             95.4                18.3
            March 2015           2,847          53,890             25.1             95.9                18.9
            March 2016           2,734          53,592             24.1             96.0                19.6
            March 2017           2,675          52,737             23.6             97.8                19.7
            March 2018           2,503          51,689             22.1             93.6                20.7
            March 2019           2,390          50,187             21.1             95.5                21.0
            March 2020           2,358          49,785             20.8             98.7                21.1
            March 2021           2,316          47,803             20.4             98.2                20.6
            March 2022           2,206          47,585             19.4             95.3                21.6
            March 2023           2,139          46,364             18.9             97.0                21.7
            March 2024           2,008          45,659             17.7             93.9                22.7
 
Annual openings
Year ended: March 2000

            March 2000          11,191          77,106            100.0               _                  6.9
            March 2001           8,912          76,716             79.6             79.6                 8.6
            March 2002           7,540          71,713             67.4             84.6                 9.5
            March 2003           6,666          68,890             59.6             88.4                10.3
            March 2004           6,020          68,189             53.8             90.3                11.3
            March 2005           5,524          68,944             49.4             91.8                12.5
            March 2006           5,109          69,128             45.7             92.5                13.5
            March 2007           4,799          66,206             42.9             93.9                13.8
            March 2008           4,503          62,862             40.2             93.8                14.0
            March 2009           4,133          57,218             36.9             91.8                13.8
            March 2010           3,921          53,933             35.0             94.9                13.8
            March 2011           3,649          52,562             32.6             93.1                14.4
            March 2012           3,482          49,646             31.1             95.4                14.3
            March 2013           3,259          49,198             29.1             93.6                15.1
            March 2014           3,129          47,804             28.0             96.0                15.3
            March 2015           3,006          47,219             26.9             96.1                15.7
            March 2016           2,915          46,908             26.0             97.0                16.1
            March 2017           2,914          46,290             26.0            100.0                15.9
            March 2018           2,711          45,626             24.2             93.0                16.8
            March 2019           2,556          44,910             22.8             94.3                17.6
            March 2020           2,431          43,269             21.7             95.1                17.8
            March 2021           2,341          39,989             20.9             96.3                17.1
            March 2022           2,255          40,375             20.2             96.3                17.9
            March 2023           2,178          40,117             19.5             96.6                18.4
            March 2024           2,077          39,626             18.6             95.4                19.1
 
Annual openings
Year ended: March 2001

            March 2001          10,636          73,943            100.0               _                  7.0
            March 2002           8,359          70,977             78.6             78.6                 8.5
            March 2003           7,166          68,927             67.4             85.7                 9.6
            March 2004           6,407          69,533             60.2             89.4                10.9
            March 2005           5,876          67,349             55.2             91.7                11.5
            March 2006           5,324          65,078             50.1             90.6                12.2
            March 2007           4,945          64,212             46.5             92.9                13.0
            March 2008           4,610          62,048             43.3             93.2                13.5
            March 2009           4,236          55,912             39.8             91.9                13.2
            March 2010           4,006          55,160             37.7             94.6                13.8
            March 2011           3,663          54,076             34.4             91.4                14.8
            March 2012           3,503          53,328             32.9             95.6                15.2
            March 2013           3,308          52,818             31.1             94.4                16.0
            March 2014           3,149          52,971             29.6             95.2                16.8
            March 2015           2,987          53,439             28.1             94.9                17.9
            March 2016           2,906          53,261             27.3             97.3                18.3
            March 2017           2,846          52,466             26.8             97.9                18.4
            March 2018           2,611          50,919             24.5             91.7                19.5
            March 2019           2,450          48,874             23.0             93.8                19.9
            March 2020           2,323          47,808             21.8             94.8                20.6
            March 2021           2,240          45,412             21.1             96.4                20.3
            March 2022           2,174          45,838             20.4             97.1                21.1
            March 2023           2,068          45,146             19.4             95.1                21.8
            March 2024           2,016          44,337             19.0             97.5                22.0
 
Annual openings
Year ended: March 2002

            March 2002          10,974          80,308            100.0               _                  7.3
            March 2003           8,795          73,625             80.1             80.1                 8.4
            March 2004           7,578          70,176             69.1             86.2                 9.3
            March 2005           6,788          69,101             61.9             89.6                10.2
            March 2006           6,183          67,571             56.3             91.1                10.9
            March 2007           5,807          65,730             52.9             93.9                11.3
            March 2008           5,460          64,634             49.8             94.0                11.8
            March 2009           4,962          59,093             45.2             90.9                11.9
            March 2010           4,684          55,468             42.7             94.4                11.8
            March 2011           4,360          55,708             39.7             93.1                12.8
            March 2012           4,149          53,348             37.8             95.2                12.9
            March 2013           3,915          52,708             35.7             94.4                13.5
            March 2014           3,745          51,814             34.1             95.7                13.8
            March 2015           3,559          50,808             32.4             95.0                14.3
            March 2016           3,486          49,559             31.8             97.9                14.2
            March 2017           3,375          48,423             30.8             96.8                14.3
            March 2018           3,080          46,831             28.1             91.3                15.2
            March 2019           2,929          45,614             26.7             95.1                15.6
            March 2020           2,790          43,738             25.4             95.3                15.7
            March 2021           2,658          40,277             24.2             95.3                15.2
            March 2022           2,522          39,759             23.0             94.9                15.8
            March 2023           2,424          39,525             22.1             96.1                16.3
            March 2024           2,302          38,365             21.0             95.0                16.7
 
Annual openings
Year ended: March 2003

            March 2003          11,269          72,535            100.0               _                  6.4
            March 2004           9,088          68,933             80.6             80.6                 7.6
            March 2005           7,959          66,166             70.6             87.6                 8.3
            March 2006           7,097          64,361             63.0             89.2                 9.1
            March 2007           6,515          62,521             57.8             91.8                 9.6
            March 2008           5,961          60,275             52.9             91.5                10.1
            March 2009           5,380          56,656             47.7             90.3                10.5
            March 2010           5,015          52,894             44.5             93.2                10.5
            March 2011           4,564          51,472             40.5             91.0                11.3
            March 2012           4,318          50,696             38.3             94.6                11.7
            March 2013           4,062          49,538             36.0             94.1                12.2
            March 2014           3,878          49,419             34.4             95.5                12.7
            March 2015           3,749          48,356             33.3             96.7                12.9
            March 2016           3,587          48,210             31.8             95.7                13.4
            March 2017           3,493          46,756             31.0             97.4                13.4
            March 2018           3,212          45,499             28.5             92.0                14.2
            March 2019           3,049          44,227             27.1             94.9                14.5
            March 2020           2,875          42,153             25.5             94.3                14.7
            March 2021           2,721          40,080             24.1             94.6                14.7
            March 2022           2,589          39,947             23.0             95.1                15.4
            March 2023           2,489          39,412             22.1             96.1                15.8
            March 2024           2,402          38,094             21.3             96.5                15.9
 
Annual openings
Year ended: March 2004

            March 2004          10,722          61,999            100.0               _                  5.8
            March 2005           8,540          61,125             79.6             79.6                 7.2
            March 2006           7,468          59,142             69.7             87.4                 7.9
            March 2007           6,758          58,437             63.0             90.5                 8.6
            March 2008           6,077          55,945             56.7             89.9                 9.2
            March 2009           5,360          51,140             50.0             88.2                 9.5
            March 2010           5,003          47,358             46.7             93.3                 9.5
            March 2011           4,623          47,127             43.1             92.4                10.2
            March 2012           4,336          46,557             40.4             93.8                10.7
            March 2013           4,035          46,874             37.6             93.1                11.6
            March 2014           3,789          46,691             35.3             93.9                12.3
            March 2015           3,588          46,657             33.5             94.7                13.0
            March 2016           3,432          46,983             32.0             95.7                13.7
            March 2017           3,357          46,378             31.3             97.8                13.8
            March 2018           3,121          45,333             29.1             93.0                14.5
            March 2019           2,931          44,811             27.3             93.9                15.3
            March 2020           2,793          44,304             26.0             95.3                15.9
            March 2021           2,676          42,397             25.0             95.8                15.8
            March 2022           2,554          43,384             23.8             95.4                17.0
            March 2023           2,391          43,376             22.3             93.6                18.1
            March 2024           2,286          43,876             21.3             95.6                19.2
 
Annual openings
Year ended: March 2005

            March 2005          11,649          69,320            100.0               _                  6.0
            March 2006           9,344          68,518             80.2             80.2                 7.3
            March 2007           8,320          66,698             71.4             89.0                 8.0
            March 2008           7,456          64,916             64.0             89.6                 8.7
            March 2009           6,505          59,882             55.8             87.2                 9.2
            March 2010           5,943          55,338             51.0             91.4                 9.3
            March 2011           5,449          53,486             46.8             91.7                 9.8
            March 2012           5,122          52,584             44.0             94.0                10.3
            March 2013           4,737          51,886             40.7             92.5                11.0
            March 2014           4,461          51,101             38.3             94.2                11.5
            March 2015           4,192          50,314             36.0             94.0                12.0
            March 2016           3,948          50,011             33.9             94.2                12.7
            March 2017           3,846          49,324             33.0             97.4                12.8
            March 2018           3,486          47,713             29.9             90.6                13.7
            March 2019           3,259          46,630             28.0             93.5                14.3
            March 2020           3,048          44,777             26.2             93.5                14.7
            March 2021           2,961          42,116             25.4             97.1                14.2
            March 2022           2,789          42,226             23.9             94.2                15.1
            March 2023           2,670          42,557             22.9             95.7                15.9
            March 2024           2,565          42,371             22.0             96.1                16.5
 
Annual openings
Year ended: March 2006

            March 2006          12,015          67,773            100.0               _                  5.6
            March 2007           9,709          63,848             80.8             80.8                 6.6
            March 2008           8,485          60,225             70.6             87.4                 7.1
            March 2009           7,302          55,193             60.8             86.1                 7.6
            March 2010           6,595          51,366             54.9             90.3                 7.8
            March 2011           5,931          49,473             49.4             89.9                 8.3
            March 2012           5,536          49,999             46.1             93.3                 9.0
            March 2013           5,106          48,091             42.5             92.2                 9.4
            March 2014           4,742          47,746             39.5             92.9                10.1
            March 2015           4,492          47,230             37.4             94.7                10.5
            March 2016           4,254          47,113             35.4             94.7                11.1
            March 2017           4,167          46,869             34.7             98.0                11.2
            March 2018           3,728          46,354             31.0             89.5                12.4
            March 2019           3,484          45,827             29.0             93.5                13.2
            March 2020           3,364          44,314             28.0             96.6                13.2
            March 2021           3,171          42,659             26.4             94.3                13.5
            March 2022           3,025          43,082             25.2             95.4                14.2
            March 2023           2,865          42,137             23.8             94.7                14.7
            March 2024           2,699          41,047             22.5             94.2                15.2
 
Annual openings
Year ended: March 2007

            March 2007          12,217          66,941            100.0               _                  5.5
            March 2008           9,642          61,439             78.9             78.9                 6.4
            March 2009           7,978          56,623             65.3             82.7                 7.1
            March 2010           7,170          54,217             58.7             89.9                 7.6
            March 2011           6,446          51,964             52.8             89.9                 8.1
            March 2012           5,945          52,244             48.7             92.2                 8.8
            March 2013           5,457          50,839             44.7             91.8                 9.3
            March 2014           5,109          50,265             41.8             93.6                 9.8
            March 2015           4,763          50,089             39.0             93.2                10.5
            March 2016           4,513          49,980             36.9             94.8                11.1
            March 2017           4,337          47,894             35.5             96.1                11.0
            March 2018           3,803          46,437             31.1             87.7                12.2
            March 2019           3,565          45,787             29.2             93.7                12.8
            March 2020           3,339          44,275             27.3             93.7                13.3
            March 2021           3,180          41,401             26.0             95.2                13.0
            March 2022           3,005          41,647             24.6             94.5                13.9
            March 2023           2,860          41,185             23.4             95.2                14.4
            March 2024           2,752          41,121             22.5             96.2                14.9
 
Annual openings
Year ended: March 2008

            March 2008          11,430          66,494            100.0               _                  5.8
            March 2009           8,725          61,484             76.3             76.3                 7.0
            March 2010           7,496          53,343             65.6             85.9                 7.1
            March 2011           6,580          51,878             57.6             87.8                 7.9
            March 2012           6,094          50,773             53.3             92.6                 8.3
            March 2013           5,481          48,615             48.0             89.9                 8.9
            March 2014           5,107          47,502             44.7             93.2                 9.3
            March 2015           4,725          46,839             41.3             92.5                 9.9
            March 2016           4,438          46,239             38.8             93.9                10.4
            March 2017           4,302          45,242             37.6             96.9                10.5
            March 2018           3,808          44,130             33.3             88.5                11.6
            March 2019           3,502          42,380             30.6             92.0                12.1
            March 2020           3,276          40,989             28.7             93.5                12.5
            March 2021           3,108          37,384             27.2             94.9                12.0
            March 2022           2,916          38,468             25.5             93.8                13.2
            March 2023           2,740          38,453             24.0             94.0                14.0
            March 2024           2,569          37,254             22.5             93.8                14.5
 
Annual openings
Year ended: March 2009

            March 2009          11,100          57,896            100.0               _                  5.2
            March 2010           8,989          52,458             81.0             81.0                 5.8
            March 2011           7,747          51,119             69.8             86.2                 6.6
            March 2012           7,068          49,992             63.7             91.2                 7.1
            March 2013           6,288          47,777             56.6             89.0                 7.6
            March 2014           5,851          47,071             52.7             93.1                 8.0
            March 2015           5,342          46,286             48.1             91.3                 8.7
            March 2016           4,883          45,732             44.0             91.4                 9.4
            March 2017           4,714          44,728             42.5             96.5                 9.5
            March 2018           4,129          43,331             37.2             87.6                10.5
            March 2019           3,810          41,928             34.3             92.3                11.0
            March 2020           3,520          41,120             31.7             92.4                11.7
            March 2021           3,265          38,921             29.4             92.8                11.9
            March 2022           3,034          40,038             27.3             92.9                13.2
            March 2023           2,839          38,984             25.6             93.6                13.7
            March 2024           2,640          37,775             23.8             93.0                14.3
 
Annual openings
Year ended: March 2010

            March 2010           9,715          46,924            100.0               _                  4.8
            March 2011           7,646          42,651             78.7             78.7                 5.6
            March 2012           6,829          42,044             70.3             89.3                 6.2
            March 2013           6,031          40,289             62.1             88.3                 6.7
            March 2014           5,517          39,883             56.8             91.5                 7.2
            March 2015           5,042          38,612             51.9             91.4                 7.7
            March 2016           4,522          37,969             46.5             89.7                 8.4
            March 2017           4,372          38,237             45.0             96.7                 8.7
            March 2018           3,783          36,288             38.9             86.5                 9.6
            March 2019           3,451          34,885             35.5             91.2                10.1
            March 2020           3,182          33,874             32.8             92.2                10.6
            March 2021           2,981          32,206             30.7             93.7                10.8
            March 2022           2,752          33,275             28.3             92.3                12.1
            March 2023           2,599          34,273             26.8             94.4                13.2
            March 2024           2,429          33,360             25.0             93.5                13.7
 
Annual openings
Year ended: March 2011

            March 2011          12,309          53,034            100.0               _                  4.3
            March 2012          10,277          51,587             83.5             83.5                 5.0
            March 2013           8,629          49,074             70.1             84.0                 5.7
            March 2014           7,696          48,302             62.5             89.2                 6.3
            March 2015           6,956          46,780             56.5             90.4                 6.7
            March 2016           6,262          46,704             50.9             90.0                 7.5
            March 2017           6,022          45,655             48.9             96.2                 7.6
            March 2018           5,110          44,577             41.5             84.9                 8.7
            March 2019           4,666          44,072             37.9             91.3                 9.4
            March 2020           4,303          43,184             35.0             92.2                10.0
            March 2021           3,974          39,830             32.3             92.4                10.0
            March 2022           3,674          40,404             29.8             92.5                11.0
            March 2023           3,425          40,604             27.8             93.2                11.9
            March 2024           3,164          39,063             25.7             92.4                12.3
 
Annual openings
Year ended: March 2012

            March 2012          12,423          55,084            100.0               _                  4.4
            March 2013           9,697          50,080             78.1             78.1                 5.2
            March 2014           8,566          51,030             69.0             88.3                 6.0
            March 2015           7,781          51,740             62.6             90.8                 6.6
            March 2016           6,909          50,683             55.6             88.8                 7.3
            March 2017           6,665          50,850             53.7             96.5                 7.6
            March 2018           5,651          49,070             45.5             84.8                 8.7
            March 2019           5,055          47,174             40.7             89.5                 9.3
            March 2020           4,641          45,765             37.4             91.8                 9.9
            March 2021           4,339          43,241             34.9             93.5                10.0
            March 2022           3,890          42,623             31.3             89.7                11.0
            March 2023           3,644          42,172             29.3             93.7                11.6
            March 2024           3,390          41,064             27.3             93.0                12.1
 
Annual openings
Year ended: March 2013

            March 2013          14,152          58,936            100.0               _                  4.2
            March 2014          11,366          56,393             80.3             80.3                 5.0
            March 2015          10,080          56,514             71.2             88.7                 5.6
            March 2016           8,830          57,161             62.4             87.6                 6.5
            March 2017           8,399          56,349             59.3             95.1                 6.7
            March 2018           6,937          52,564             49.0             82.6                 7.6
            March 2019           6,102          50,288             43.1             88.0                 8.2
            March 2020           5,610          47,544             39.6             91.9                 8.5
            March 2021           5,178          42,840             36.6             92.3                 8.3
            March 2022           4,686          43,335             33.1             90.5                 9.2
            March 2023           4,347          42,656             30.7             92.8                 9.8
            March 2024           3,972          41,999             28.1             91.4                10.6
 
Annual openings
Year ended: March 2014

            March 2014          12,126          47,926            100.0               _                  4.0
            March 2015           9,679          46,903             79.8             79.8                 4.8
            March 2016           8,372          47,557             69.0             86.5                 5.7
            March 2017           7,928          48,149             65.4             94.7                 6.1
            March 2018           6,444          45,301             53.1             81.3                 7.0
            March 2019           5,671          44,020             46.8             88.0                 7.8
            March 2020           5,200          42,555             42.9             91.7                 8.2
            March 2021           4,899          40,019             40.4             94.2                 8.2
            March 2022           4,474          42,029             36.9             91.3                 9.4
            March 2023           4,120          41,350             34.0             92.1                10.0
            March 2024           3,756          39,694             31.0             91.2                10.6
 
Annual openings
Year ended: March 2015

            March 2015          14,583          51,051            100.0               _                  3.5
            March 2016          11,381          50,644             78.0             78.0                 4.4
            March 2017          10,570          50,374             72.5             92.9                 4.8
            March 2018           8,349          46,953             57.3             79.0                 5.6
            March 2019           7,233          44,345             49.6             86.6                 6.1
            March 2020           6,659          42,961             45.7             92.1                 6.5
            March 2021           6,106          40,229             41.9             91.7                 6.6
            March 2022           5,506          40,968             37.8             90.2                 7.4
            March 2023           5,077          40,541             34.8             92.2                 8.0
            March 2024           4,639          39,203             31.8             91.4                 8.5
 
Annual openings
Year ended: March 2016

            March 2016          15,230          54,539            100.0               _                  3.6
            March 2017          12,954          55,941             85.1             85.1                 4.3
            March 2018           9,668          53,069             63.5             74.6                 5.5
            March 2019           8,191          52,406             53.8             84.7                 6.4
            March 2020           7,532          51,612             49.5             92.0                 6.9
            March 2021           6,828          48,839             44.8             90.7                 7.2
            March 2022           6,145          50,086             40.3             90.0                 8.2
            March 2023           5,546          50,802             36.4             90.3                 9.2
            March 2024           5,104          49,338             33.5             92.0                 9.7
 
Annual openings
Year ended: March 2017

            March 2017          16,684          56,553            100.0               _                  3.4
            March 2018          11,686          52,398             70.0             70.0                 4.5
            March 2019           9,691          51,185             58.1             82.9                 5.3
            March 2020           8,596          49,084             51.5             88.7                 5.7
            March 2021           7,768          47,242             46.6             90.4                 6.1
            March 2022           6,590          48,644             39.5             84.8                 7.4
            March 2023           5,958          48,110             35.7             90.4                 8.1
            March 2024           5,466          46,221             32.8             91.7                 8.5
 
Annual openings
Year ended: March 2018

            March 2018          17,993          60,473            100.0               _                  3.4
            March 2019          13,537          58,990             75.2             75.2                 4.4
            March 2020          11,600          61,784             64.5             85.7                 5.3
            March 2021          10,342          62,426             57.5             89.2                 6.0
            March 2022           8,878          63,506             49.3             85.8                 7.2
            March 2023           8,019          62,228             44.6             90.3                 7.8
            March 2024           7,200          60,364             40.0             89.8                 8.4
 
Annual openings
Year ended: March 2019

            March 2019          17,897          57,655            100.0               _                  3.2
            March 2020          13,386          53,618             74.8             74.8                 4.0
            March 2021          11,651          51,143             65.1             87.0                 4.4
            March 2022           9,812          51,522             54.8             84.2                 5.3
            March 2023           8,720          50,577             48.7             88.9                 5.8
            March 2024           7,733          48,238             43.2             88.7                 6.2
 
Annual openings
Year ended: March 2020

            March 2020          17,768          54,859            100.0               _                  3.1
            March 2021          13,689          53,272             77.0             77.0                 3.9
            March 2022          11,277          55,640             63.5             82.4                 4.9
            March 2023           9,754          53,417             54.9             86.5                 5.5
            March 2024           8,449          50,962             47.6             86.6                 6.0
 
Annual openings
Year ended: March 2021

            March 2021          20,257          54,572            100.0               _                  2.7
            March 2022          14,719          56,426             72.7             72.7                 3.8
            March 2023          12,253          54,878             60.5             83.2                 4.5
            March 2024          10,340          51,112             51.0             84.4                 4.9
 
Annual openings
Year ended: March 2022

            March 2022          24,332          70,028            100.0               _                  2.9
            March 2023          18,170          68,872             74.7             74.7                 3.8
            March 2024          15,004          66,049             61.7             82.6                 4.4
 
Annual openings
Year ended: March 2023

            March 2023          24,222          68,987            100.0               _                  2.8
            March 2024          17,653          65,045             72.9             72.9                 3.7
 
Annual openings
Year ended: March 2024

            March 2024          22,740          64,979            100.0               _                  2.9
 
NOTE: A '_' indicates that the data are not available and a 'N' indicates that the data do not meet BLS disclosure standards.
