Table 7. Survival of private sector establishments by opening year

Total Private

Mississippi

                          Surviving       Total Employment   Survival Rates   Survival Rates of   Average Employment
                          Establishments  of Survivors       Since Birth      Previous Year's     of Survivors
                                                                              Survivors

Annual openings
Year ended: March 1994

            March 1994           4,878          44,397            100.0               _                  9.1
            March 1995           3,891          51,290             79.8             79.8                13.2
            March 1996           3,362          50,282             68.9             86.4                15.0
            March 1997           2,958          49,364             60.6             88.0                16.7
            March 1998           2,658          50,261             54.5             89.9                18.9
            March 1999           2,360          49,562             48.4             88.8                21.0
            March 2000           2,170          50,026             44.5             91.9                23.1
            March 2001           1,960          44,933             40.2             90.3                22.9
            March 2002           1,830          43,415             37.5             93.4                23.7
            March 2003           1,737          41,860             35.6             94.9                24.1
            March 2004           1,652          40,352             33.9             95.1                24.4
            March 2005           1,581          35,493             32.4             95.7                22.4
            March 2006           1,454          28,569             29.8             92.0                19.6
            March 2007           1,375          29,421             28.2             94.6                21.4
            March 2008           1,352          29,911             27.7             98.3                22.1
            March 2009           1,267          26,700             26.0             93.7                21.1
            March 2010           1,196          24,771             24.5             94.4                20.7
            March 2011           1,146          24,077             23.5             95.8                21.0
            March 2012           1,090          23,468             22.3             95.1                21.5
            March 2013             988          22,509             20.3             90.6                22.8
            March 2014             953          21,822             19.5             96.5                22.9
            March 2015             915          21,049             18.8             96.0                23.0
            March 2016             878          20,380             18.0             96.0                23.2
            March 2017             861          19,673             17.7             98.1                22.8
            March 2018             827          19,084             17.0             96.1                23.1
            March 2019             799          18,602             16.4             96.6                23.3
            March 2020             760          17,826             15.6             95.1                23.5
            March 2021             735          16,139             15.1             96.7                22.0
            March 2022             712          16,246             14.6             96.9                22.8
            March 2023             671          16,134             13.8             94.2                24.0
            March 2024             615          15,619             12.6             91.7                25.4
 
Annual openings
Year ended: March 1995

            March 1995           4,466          33,449            100.0               _                  7.5
            March 1996           3,493          31,067             78.2             78.2                 8.9
            March 1997           3,018          33,027             67.6             86.4                10.9
            March 1998           2,649          32,755             59.3             87.8                12.4
            March 1999           2,369          31,454             53.0             89.4                13.3
            March 2000           2,159          30,324             48.3             91.1                14.0
            March 2001           1,935          28,054             43.3             89.6                14.5
            March 2002           1,773          27,437             39.7             91.6                15.5
            March 2003           1,639          25,827             36.7             92.4                15.8
            March 2004           1,545          25,123             34.6             94.3                16.3
            March 2005           1,517          23,817             34.0             98.2                15.7
            March 2006           1,388          21,952             31.1             91.5                15.8
            March 2007           1,330          21,750             29.8             95.8                16.4
            March 2008           1,252          20,774             28.0             94.1                16.6
            March 2009           1,163          19,470             26.0             92.9                16.7
            March 2010           1,119          18,513             25.1             96.2                16.5
            March 2011           1,072          18,113             24.0             95.8                16.9
            March 2012           1,030          17,713             23.1             96.1                17.2
            March 2013             978          16,974             21.9             95.0                17.4
            March 2014             926          16,634             20.7             94.7                18.0
            March 2015             877          15,086             19.6             94.7                17.2
            March 2016             843          14,705             18.9             96.1                17.4
            March 2017             814          14,581             18.2             96.6                17.9
            March 2018             774          14,306             17.3             95.1                18.5
            March 2019             742          14,018             16.6             95.9                18.9
            March 2020             701          13,985             15.7             94.5                20.0
            March 2021             643          12,821             14.4             91.7                19.9
            March 2022             608          12,713             13.6             94.6                20.9
            March 2023             586          12,610             13.1             96.4                21.5
            March 2024             538          11,142             12.0             91.8                20.7
 
Annual openings
Year ended: March 1996

            March 1996           5,241          36,523            100.0               _                  7.0
            March 1997           4,105          34,966             78.3             78.3                 8.5
            March 1998           3,537          33,839             67.5             86.2                 9.6
            March 1999           3,109          31,655             59.3             87.9                10.2
            March 2000           2,826          31,384             53.9             90.9                11.1
            March 2001           2,511          29,306             47.9             88.9                11.7
            March 2002           2,284          29,234             43.6             91.0                12.8
            March 2003           2,100          26,549             40.1             91.9                12.6
            March 2004           1,962          25,519             37.4             93.4                13.0
            March 2005           1,838          25,391             35.1             93.7                13.8
            March 2006           1,678          27,098             32.0             91.3                16.1
            March 2007           1,603          25,474             30.6             95.5                15.9
            March 2008           1,536          24,272             29.3             95.8                15.8
            March 2009           1,401          21,885             26.7             91.2                15.6
            March 2010           1,312          20,942             25.0             93.6                16.0
            March 2011           1,283          21,124             24.5             97.8                16.5
            March 2012           1,203          20,879             23.0             93.8                17.4
            March 2013           1,149          21,240             21.9             95.5                18.5
            March 2014           1,098          21,479             21.0             95.6                19.6
            March 2015           1,050          20,969             20.0             95.6                20.0
            March 2016           1,016          20,816             19.4             96.8                20.5
            March 2017             968          20,317             18.5             95.3                21.0
            March 2018             922          19,755             17.6             95.2                21.4
            March 2019             892          19,559             17.0             96.7                21.9
            March 2020             837          18,678             16.0             93.8                22.3
            March 2021             791          17,021             15.1             94.5                21.5
            March 2022             747          17,027             14.3             94.4                22.8
            March 2023             704          16,356             13.4             94.2                23.2
            March 2024             652          16,144             12.4             92.6                24.8
 
Annual openings
Year ended: March 1997

            March 1997           4,983          34,611            100.0               _                  6.9
            March 1998           3,902          34,030             78.3             78.3                 8.7
            March 1999           3,256          36,011             65.3             83.4                11.1
            March 2000           2,875          35,557             57.7             88.3                12.4
            March 2001           2,537          30,864             50.9             88.2                12.2
            March 2002           2,307          28,846             46.3             90.9                12.5
            March 2003           2,108          27,442             42.3             91.4                13.0
            March 2004           1,937          27,601             38.9             91.9                14.2
            March 2005           1,815          27,594             36.4             93.7                15.2
            March 2006           1,674          24,716             33.6             92.2                14.8
            March 2007           1,579          25,752             31.7             94.3                16.3
            March 2008           1,466          25,650             29.4             92.8                17.5
            March 2009           1,389          22,459             27.9             94.7                16.2
            March 2010           1,293          21,549             25.9             93.1                16.7
            March 2011           1,216          21,743             24.4             94.0                17.9
            March 2012           1,189          21,137             23.9             97.8                17.8
            March 2013           1,140          20,469             22.9             95.9                18.0
            March 2014           1,080          19,948             21.7             94.7                18.5
            March 2015           1,034          19,787             20.8             95.7                19.1
            March 2016             958          19,851             19.2             92.6                20.7
            March 2017             922          19,756             18.5             96.2                21.4
            March 2018             885          19,572             17.8             96.0                22.1
            March 2019             860          19,245             17.3             97.2                22.4
            March 2020             834          18,497             16.7             97.0                22.2
            March 2021             787          15,614             15.8             94.4                19.8
            March 2022             753          16,629             15.1             95.7                22.1
            March 2023             715          17,125             14.3             95.0                24.0
            March 2024             671          16,715             13.5             93.8                24.9
 
Annual openings
Year ended: March 1998

            March 1998           5,132          34,216            100.0               _                  6.7
            March 1999           3,936          33,073             76.7             76.7                 8.4
            March 2000           3,333          31,005             64.9             84.7                 9.3
            March 2001           2,865          27,413             55.8             86.0                 9.6
            March 2002           2,554          26,671             49.8             89.1                10.4
            March 2003           2,355          25,737             45.9             92.2                10.9
            March 2004           2,210          24,626             43.1             93.8                11.1
            March 2005           2,055          26,189             40.0             93.0                12.7
            March 2006           1,866          25,958             36.4             90.8                13.9
            March 2007           1,756          24,879             34.2             94.1                14.2
            March 2008           1,663          24,292             32.4             94.7                14.6
            March 2009           1,537          22,810             29.9             92.4                14.8
            March 2010           1,431          21,656             27.9             93.1                15.1
            March 2011           1,365          21,207             26.6             95.4                15.5
            March 2012           1,303          20,870             25.4             95.5                16.0
            March 2013           1,239          20,637             24.1             95.1                16.7
            March 2014           1,187          20,656             23.1             95.8                17.4
            March 2015           1,119          20,842             21.8             94.3                18.6
            March 2016           1,050          20,721             20.5             93.8                19.7
            March 2017             998          20,503             19.4             95.0                20.5
            March 2018             990          19,196             19.3             99.2                19.4
            March 2019             949          18,629             18.5             95.9                19.6
            March 2020             913          18,287             17.8             96.2                20.0
            March 2021             861          17,065             16.8             94.3                19.8
            March 2022             818          17,219             15.9             95.0                21.1
            March 2023             790          16,673             15.4             96.6                21.1
            March 2024             713          15,884             13.9             90.3                22.3
 
Annual openings
Year ended: March 1999

            March 1999           5,478          34,795            100.0               _                  6.4
            March 2000           4,259          30,999             77.7             77.7                 7.3
            March 2001           3,532          28,006             64.5             82.9                 7.9
            March 2002           3,121          29,055             57.0             88.4                 9.3
            March 2003           2,792          25,227             51.0             89.5                 9.0
            March 2004           2,559          24,184             46.7             91.7                 9.5
            March 2005           2,362          23,824             43.1             92.3                10.1
            March 2006           2,182          23,143             39.8             92.4                10.6
            March 2007           2,093          22,379             38.2             95.9                10.7
            March 2008           2,006          22,076             36.6             95.8                11.0
            March 2009           1,825          19,719             33.3             91.0                10.8
            March 2010           1,723          19,307             31.5             94.4                11.2
            March 2011           1,618          18,279             29.5             93.9                11.3
            March 2012           1,531          17,985             27.9             94.6                11.7
            March 2013           1,432          20,457             26.1             93.5                14.3
            March 2014           1,365          19,885             24.9             95.3                14.6
            March 2015           1,306          17,262             23.8             95.7                13.2
            March 2016           1,253          18,185             22.9             95.9                14.5
            March 2017           1,240          16,250             22.6             99.0                13.1
            March 2018           1,199          16,033             21.9             96.7                13.4
            March 2019           1,145          15,555             20.9             95.5                13.6
            March 2020           1,101          15,056             20.1             96.2                13.7
            March 2021           1,048          14,016             19.1             95.2                13.4
            March 2022             976          13,359             17.8             93.1                13.7
            March 2023             918          12,995             16.8             94.1                14.2
            March 2024             852          13,047             15.6             92.8                15.3
 
Annual openings
Year ended: March 2000

            March 2000           5,035          33,150            100.0               _                  6.6
            March 2001           3,764          30,096             74.8             74.8                 8.0
            March 2002           3,201          28,048             63.6             85.0                 8.8
            March 2003           2,812          25,265             55.8             87.8                 9.0
            March 2004           2,625          25,279             52.1             93.3                 9.6
            March 2005           2,373          25,635             47.1             90.4                10.8
            March 2006           2,208          25,196             43.9             93.0                11.4
            March 2007           2,037          23,966             40.5             92.3                11.8
            March 2008           1,904          22,635             37.8             93.5                11.9
            March 2009           1,761          20,644             35.0             92.5                11.7
            March 2010           1,646          19,923             32.7             93.5                12.1
            March 2011           1,556          19,963             30.9             94.5                12.8
            March 2012           1,492          19,336             29.6             95.9                13.0
            March 2013           1,408          18,920             28.0             94.4                13.4
            March 2014           1,359          18,844             27.0             96.5                13.9
            March 2015           1,287          18,413             25.6             94.7                14.3
            March 2016           1,214          17,904             24.1             94.3                14.7
            March 2017           1,213          17,799             24.1             99.9                14.7
            March 2018           1,149          17,412             22.8             94.7                15.2
            March 2019           1,096          16,130             21.8             95.4                14.7
            March 2020           1,048          15,597             20.8             95.6                14.9
            March 2021             991          14,819             19.7             94.6                15.0
            March 2022             924          14,250             18.4             93.2                15.4
            March 2023             850          13,356             16.9             92.0                15.7
            March 2024             753          12,733             15.0             88.6                16.9
 
Annual openings
Year ended: March 2001

            March 2001           4,811          33,739            100.0               _                  7.0
            March 2002           3,690          29,473             76.7             76.7                 8.0
            March 2003           3,156          27,553             65.6             85.5                 8.7
            March 2004           2,844          26,140             59.1             90.1                 9.2
            March 2005           2,570          25,544             53.4             90.4                 9.9
            March 2006           2,332          25,253             48.5             90.7                10.8
            March 2007           2,168          25,296             45.1             93.0                11.7
            March 2008           2,017          23,691             41.9             93.0                11.7
            March 2009           1,829          21,544             38.0             90.7                11.8
            March 2010           1,700          20,654             35.3             92.9                12.1
            March 2011           1,602          20,169             33.3             94.2                12.6
            March 2012           1,541          21,755             32.0             96.2                14.1
            March 2013           1,449          18,780             30.1             94.0                13.0
            March 2014           1,406          18,723             29.2             97.0                13.3
            March 2015           1,352          18,537             28.1             96.2                13.7
            March 2016           1,283          18,242             26.7             94.9                14.2
            March 2017           1,262          17,202             26.2             98.4                13.6
            March 2018           1,198          17,381             24.9             94.9                14.5
            March 2019           1,139          17,157             23.7             95.1                15.1
            March 2020           1,095          15,756             22.8             96.1                14.4
            March 2021           1,040          14,412             21.6             95.0                13.9
            March 2022             990          14,195             20.6             95.2                14.3
            March 2023             953          14,107             19.8             96.3                14.8
            March 2024             905          13,798             18.8             95.0                15.2
 
Annual openings
Year ended: March 2002

            March 2002           4,595          29,671            100.0               _                  6.5
            March 2003           3,571          28,142             77.7             77.7                 7.9
            March 2004           3,044          30,025             66.2             85.2                 9.9
            March 2005           2,747          29,376             59.8             90.2                10.7
            March 2006           2,421          28,354             52.7             88.1                11.7
            March 2007           2,232          27,148             48.6             92.2                12.2
            March 2008           2,069          25,161             45.0             92.7                12.2
            March 2009           1,879          23,494             40.9             90.8                12.5
            March 2010           1,741          22,036             37.9             92.7                12.7
            March 2011           1,617          22,318             35.2             92.9                13.8
            March 2012           1,506          21,427             32.8             93.1                14.2
            March 2013           1,407          21,072             30.6             93.4                15.0
            March 2014           1,323          20,708             28.8             94.0                15.7
            March 2015           1,258          20,947             27.4             95.1                16.7
            March 2016           1,180          21,290             25.7             93.8                18.0
            March 2017           1,122          21,821             24.4             95.1                19.4
            March 2018           1,066          21,797             23.2             95.0                20.4
            March 2019           1,011          21,449             22.0             94.8                21.2
            March 2020             963          20,342             21.0             95.3                21.1
            March 2021             912          18,821             19.8             94.7                20.6
            March 2022             858          20,167             18.7             94.1                23.5
            March 2023             812          19,700             17.7             94.6                24.3
            March 2024             761          16,951             16.6             93.7                22.3
 
Annual openings
Year ended: March 2003

            March 2003           4,760          27,045            100.0               _                  5.7
            March 2004           3,800          27,912             79.8             79.8                 7.3
            March 2005           3,260          28,304             68.5             85.8                 8.7
            March 2006           2,874          26,179             60.4             88.2                 9.1
            March 2007           2,620          25,267             55.0             91.2                 9.6
            March 2008           2,382          24,286             50.0             90.9                10.2
            March 2009           2,114          20,930             44.4             88.7                 9.9
            March 2010           1,960          20,428             41.2             92.7                10.4
            March 2011           1,826          20,688             38.4             93.2                11.3
            March 2012           1,704          20,537             35.8             93.3                12.1
            March 2013           1,598          22,679             33.6             93.8                14.2
            March 2014           1,506          21,992             31.6             94.2                14.6
            March 2015           1,444          22,281             30.3             95.9                15.4
            March 2016           1,367          21,367             28.7             94.7                15.6
            March 2017           1,304          20,580             27.4             95.4                15.8
            March 2018           1,250          19,373             26.3             95.9                15.5
            March 2019           1,185          18,721             24.9             94.8                15.8
            March 2020           1,143          18,943             24.0             96.5                16.6
            March 2021           1,065          17,806             22.4             93.2                16.7
            March 2022           1,019          18,130             21.4             95.7                17.8
            March 2023             949          17,620             19.9             93.1                18.6
            March 2024             906          17,249             19.0             95.5                19.0
 
Annual openings
Year ended: March 2004

            March 2004           4,777          27,610            100.0               _                  5.8
            March 2005           3,763          26,845             78.8             78.8                 7.1
            March 2006           3,213          26,911             67.3             85.4                 8.4
            March 2007           2,907          26,316             60.9             90.5                 9.1
            March 2008           2,570          26,072             53.8             88.4                10.1
            March 2009           2,281          23,456             47.7             88.8                10.3
            March 2010           2,112          22,100             44.2             92.6                10.5
            March 2011           1,982          22,061             41.5             93.8                11.1
            March 2012           1,883          21,481             39.4             95.0                11.4
            March 2013           1,771          21,355             37.1             94.1                12.1
            March 2014           1,671          21,262             35.0             94.4                12.7
            March 2015           1,601          20,797             33.5             95.8                13.0
            March 2016           1,517          20,484             31.8             94.8                13.5
            March 2017           1,444          20,291             30.2             95.2                14.1
            March 2018           1,408          19,835             29.5             97.5                14.1
            March 2019           1,327          19,101             27.8             94.2                14.4
            March 2020           1,257          18,402             26.3             94.7                14.6
            March 2021           1,205          16,913             25.2             95.9                14.0
            March 2022           1,162          17,248             24.3             96.4                14.8
            March 2023           1,114          17,200             23.3             95.9                15.4
            March 2024           1,029          16,577             21.5             92.4                16.1
 
Annual openings
Year ended: March 2005

            March 2005           4,872          27,209            100.0               _                  5.6
            March 2006           3,776          29,130             77.5             77.5                 7.7
            March 2007           3,281          28,850             67.3             86.9                 8.8
            March 2008           2,925          28,935             60.0             89.1                 9.9
            March 2009           2,556          25,646             52.5             87.4                10.0
            March 2010           2,285          24,569             46.9             89.4                10.8
            March 2011           2,108          24,275             43.3             92.3                11.5
            March 2012           1,978          24,321             40.6             93.8                12.3
            March 2013           1,870          25,151             38.4             94.5                13.4
            March 2014           1,738          25,679             35.7             92.9                14.8
            March 2015           1,694          23,872             34.8             97.5                14.1
            March 2016           1,588          24,172             32.6             93.7                15.2
            March 2017           1,513          23,997             31.1             95.3                15.9
            March 2018           1,448          24,145             29.7             95.7                16.7
            March 2019           1,366          23,267             28.0             94.3                17.0
            March 2020           1,311          22,494             26.9             96.0                17.2
            March 2021           1,276          20,866             26.2             97.3                16.4
            March 2022           1,219          20,514             25.0             95.5                16.8
            March 2023           1,159          20,516             23.8             95.1                17.7
            March 2024           1,067          19,435             21.9             92.1                18.2
 
Annual openings
Year ended: March 2006

            March 2006           5,032          32,616            100.0               _                  6.5
            March 2007           3,895          30,745             77.4             77.4                 7.9
            March 2008           3,286          28,475             65.3             84.4                 8.7
            March 2009           2,788          25,694             55.4             84.8                 9.2
            March 2010           2,483          24,248             49.3             89.1                 9.8
            March 2011           2,269          23,544             45.1             91.4                10.4
            March 2012           2,092          23,002             41.6             92.2                11.0
            March 2013           1,932          22,762             38.4             92.4                11.8
            March 2014           1,830          22,299             36.4             94.7                12.2
            March 2015           1,731          21,892             34.4             94.6                12.6
            March 2016           1,624          21,737             32.3             93.8                13.4
            March 2017           1,571          20,956             31.2             96.7                13.3
            March 2018           1,470          20,630             29.2             93.6                14.0
            March 2019           1,397          21,353             27.8             95.0                15.3
            March 2020           1,312          20,700             26.1             93.9                15.8
            March 2021           1,235          20,344             24.5             94.1                16.5
            March 2022           1,179          21,114             23.4             95.5                17.9
            March 2023           1,130          19,852             22.5             95.8                17.6
            March 2024           1,076          20,220             21.4             95.2                18.8
 
Annual openings
Year ended: March 2007

            March 2007           5,244          30,198            100.0               _                  5.8
            March 2008           4,047          28,097             77.2             77.2                 6.9
            March 2009           3,353          23,978             63.9             82.9                 7.2
            March 2010           2,943          21,995             56.1             87.8                 7.5
            March 2011           2,638          22,526             50.3             89.6                 8.5
            March 2012           2,428          20,758             46.3             92.0                 8.5
            March 2013           2,203          20,356             42.0             90.7                 9.2
            March 2014           2,063          18,367             39.3             93.6                 8.9
            March 2015           1,903          18,645             36.3             92.2                 9.8
            March 2016           1,800          17,888             34.3             94.6                 9.9
            March 2017           1,705          17,318             32.5             94.7                10.2
            March 2018           1,597          16,480             30.5             93.7                10.3
            March 2019           1,504          16,231             28.7             94.2                10.8
            March 2020           1,420          15,604             27.1             94.4                11.0
            March 2021           1,339          14,738             25.5             94.3                11.0
            March 2022           1,267          14,677             24.2             94.6                11.6
            March 2023           1,215          14,303             23.2             95.9                11.8
            March 2024           1,141          13,404             21.8             93.9                11.7
 
Annual openings
Year ended: March 2008

            March 2008           4,975          28,686            100.0               _                  5.8
            March 2009           3,753          24,267             75.4             75.4                 6.5
            March 2010           3,109          22,495             62.5             82.8                 7.2
            March 2011           2,741          21,441             55.1             88.2                 7.8
            March 2012           2,485          21,107             49.9             90.7                 8.5
            March 2013           2,253          20,527             45.3             90.7                 9.1
            March 2014           2,090          20,354             42.0             92.8                 9.7
            March 2015           1,920          19,848             38.6             91.9                10.3
            March 2016           1,811          19,768             36.4             94.3                10.9
            March 2017           1,708          19,177             34.3             94.3                11.2
            March 2018           1,618          18,890             32.5             94.7                11.7
            March 2019           1,522          18,054             30.6             94.1                11.9
            March 2020           1,444          18,036             29.0             94.9                12.5
            March 2021           1,375          16,478             27.6             95.2                12.0
            March 2022           1,292          16,455             26.0             94.0                12.7
            March 2023           1,200          15,277             24.1             92.9                12.7
            March 2024           1,136          15,974             22.8             94.7                14.1
 
Annual openings
Year ended: March 2009

            March 2009           4,231          24,244            100.0               _                  5.7
            March 2010           3,170          21,497             74.9             74.9                 6.8
            March 2011           2,788          21,938             65.9             87.9                 7.9
            March 2012           2,492          22,314             58.9             89.4                 9.0
            March 2013           2,234          21,994             52.8             89.6                 9.8
            March 2014           2,060          21,285             48.7             92.2                10.3
            March 2015           1,921          21,503             45.4             93.3                11.2
            March 2016           1,774          21,129             41.9             92.3                11.9
            March 2017           1,697          20,923             40.1             95.7                12.3
            March 2018           1,675          20,513             39.6             98.7                12.2
            March 2019           1,583          20,273             37.4             94.5                12.8
            March 2020           1,520          21,047             35.9             96.0                13.8
            March 2021           1,431          20,027             33.8             94.1                14.0
            March 2022           1,386          20,064             32.8             96.9                14.5
            March 2023           1,303          19,696             30.8             94.0                15.1
            March 2024           1,222          18,506             28.9             93.8                15.1
 
Annual openings
Year ended: March 2010

            March 2010           3,696          21,315            100.0               _                  5.8
            March 2011           2,846          18,871             77.0             77.0                 6.6
            March 2012           2,455          18,213             66.4             86.3                 7.4
            March 2013           2,185          17,456             59.1             89.0                 8.0
            March 2014           1,974          17,841             53.4             90.3                 9.0
            March 2015           1,783          17,638             48.2             90.3                 9.9
            March 2016           1,674          17,733             45.3             93.9                10.6
            March 2017           1,548          16,502             41.9             92.5                10.7
            March 2018           1,484          16,870             40.2             95.9                11.4
            March 2019           1,380          15,624             37.3             93.0                11.3
            March 2020           1,302          15,293             35.2             94.3                11.7
            March 2021           1,226          14,702             33.2             94.2                12.0
            March 2022           1,172          14,913             31.7             95.6                12.7
            March 2023           1,117          14,985             30.2             95.3                13.4
            March 2024           1,056          14,298             28.6             94.5                13.5
 
Annual openings
Year ended: March 2011

            March 2011           3,974          21,766            100.0               _                  5.5
            March 2012           3,063          20,781             77.1             77.1                 6.8
            March 2013           2,630          19,537             66.2             85.9                 7.4
            March 2014           2,366          18,687             59.5             90.0                 7.9
            March 2015           2,130          19,648             53.6             90.0                 9.2
            March 2016           1,939          19,960             48.8             91.0                10.3
            March 2017           1,802          19,650             45.3             92.9                10.9
            March 2018           1,687          19,639             42.5             93.6                11.6
            March 2019           1,578          19,681             39.7             93.5                12.5
            March 2020           1,493          19,402             37.6             94.6                13.0
            March 2021           1,438          18,573             36.2             96.3                12.9
            March 2022           1,332          18,044             33.5             92.6                13.5
            March 2023           1,285          17,286             32.3             96.5                13.5
            March 2024           1,194          16,899             30.0             92.9                14.2
 
Annual openings
Year ended: March 2012

            March 2012           4,173          22,949            100.0               _                  5.5
            March 2013           3,213          21,543             77.0             77.0                 6.7
            March 2014           2,747          20,164             65.8             85.5                 7.3
            March 2015           2,422          19,527             58.0             88.2                 8.1
            March 2016           2,170          20,539             52.0             89.6                 9.5
            March 2017           1,988          19,731             47.6             91.6                 9.9
            March 2018           1,855          19,175             44.5             93.3                10.3
            March 2019           1,731          19,420             41.5             93.3                11.2
            March 2020           1,622          19,336             38.9             93.7                11.9
            March 2021           1,530          17,936             36.7             94.3                11.7
            March 2022           1,438          18,532             34.5             94.0                12.9
            March 2023           1,333          18,248             31.9             92.7                13.7
            March 2024           1,250          17,867             30.0             93.8                14.3
 
Annual openings
Year ended: March 2013

            March 2013           3,986          21,548            100.0               _                  5.4
            March 2014           3,092          19,829             77.6             77.6                 6.4
            March 2015           2,658          19,744             66.7             86.0                 7.4
            March 2016           2,333          19,748             58.5             87.8                 8.5
            March 2017           2,125          19,237             53.3             91.1                 9.1
            March 2018           1,959          19,127             49.1             92.2                 9.8
            March 2019           1,807          18,726             45.3             92.2                10.4
            March 2020           1,686          18,209             42.3             93.3                10.8
            March 2021           1,574          17,950             39.5             93.4                11.4
            March 2022           1,471          18,023             36.9             93.5                12.3
            March 2023           1,371          17,035             34.4             93.2                12.4
            March 2024           1,298          16,722             32.6             94.7                12.9
 
Annual openings
Year ended: March 2014

            March 2014           3,986          22,176            100.0               _                  5.6
            March 2015           3,151          21,044             79.1             79.1                 6.7
            March 2016           2,690          21,741             67.5             85.4                 8.1
            March 2017           2,392          21,954             60.0             88.9                 9.2
            March 2018           2,195          21,819             55.1             91.8                 9.9
            March 2019           1,989          21,087             49.9             90.6                10.6
            March 2020           1,834          20,335             46.0             92.2                11.1
            March 2021           1,728          20,012             43.4             94.2                11.6
            March 2022           1,629          20,214             40.9             94.3                12.4
            March 2023           1,514          20,131             38.0             92.9                13.3
            March 2024           1,420          18,875             35.6             93.8                13.3
 
Annual openings
Year ended: March 2015

            March 2015           4,093          21,609            100.0               _                  5.3
            March 2016           3,137          21,592             76.6             76.6                 6.9
            March 2017           2,708          21,043             66.2             86.3                 7.8
            March 2018           2,522          21,107             61.6             93.1                 8.4
            March 2019           2,327          20,637             56.9             92.3                 8.9
            March 2020           2,092          19,009             51.1             89.9                 9.1
            March 2021           1,930          19,142             47.2             92.3                 9.9
            March 2022           1,801          19,058             44.0             93.3                10.6
            March 2023           1,684          17,911             41.1             93.5                10.6
            March 2024           1,579          17,197             38.6             93.8                10.9
 
Annual openings
Year ended: March 2016

            March 2016           4,159          22,126            100.0               _                  5.3
            March 2017           3,259          21,023             78.4             78.4                 6.5
            March 2018           2,860          20,019             68.8             87.8                 7.0
            March 2019           2,540          18,951             61.1             88.8                 7.5
            March 2020           2,278          18,420             54.8             89.7                 8.1
            March 2021           2,111          18,142             50.8             92.7                 8.6
            March 2022           1,975          17,921             47.5             93.6                 9.1
            March 2023           1,820          17,260             43.8             92.2                 9.5
            March 2024           1,686          16,345             40.5             92.6                 9.7
 
Annual openings
Year ended: March 2017

            March 2017           4,242          22,412            100.0               _                  5.3
            March 2018           3,470          23,220             81.8             81.8                 6.7
            March 2019           3,084          22,166             72.7             88.9                 7.2
            March 2020           2,730          21,081             64.4             88.5                 7.7
            March 2021           2,539          21,349             59.9             93.0                 8.4
            March 2022           2,337          21,794             55.1             92.0                 9.3
            March 2023           2,088          20,502             49.2             89.3                 9.8
            March 2024           1,933          20,181             45.6             92.6                10.4
 
Annual openings
Year ended: March 2018

            March 2018           4,004          19,173            100.0               _                  4.8
            March 2019           3,204          18,952             80.0             80.0                 5.9
            March 2020           2,732          18,164             68.2             85.3                 6.6
            March 2021           2,459          17,332             61.4             90.0                 7.0
            March 2022           2,294          18,434             57.3             93.3                 8.0
            March 2023           2,079          18,579             51.9             90.6                 8.9
            March 2024           1,896          18,471             47.4             91.2                 9.7
 
Annual openings
Year ended: March 2019

            March 2019           4,104          20,661            100.0               _                  5.0
            March 2020           3,257          19,962             79.4             79.4                 6.1
            March 2021           2,913          20,417             71.0             89.4                 7.0
            March 2022           2,700          22,516             65.8             92.7                 8.3
            March 2023           2,439          21,966             59.4             90.3                 9.0
            March 2024           2,168          20,650             52.8             88.9                 9.5
 
Annual openings
Year ended: March 2020

            March 2020           3,966          20,183            100.0               _                  5.1
            March 2021           3,279          20,636             82.7             82.7                 6.3
            March 2022           2,846          21,459             71.8             86.8                 7.5
            March 2023           2,554          21,752             64.4             89.7                 8.5
            March 2024           2,308          21,503             58.2             90.4                 9.3
 
Annual openings
Year ended: March 2021

            March 2021           4,602          21,217            100.0               _                  4.6
            March 2022           3,639          23,427             79.1             79.1                 6.4
            March 2023           3,064          23,457             66.6             84.2                 7.7
            March 2024           2,748          22,920             59.7             89.7                 8.3
 
Annual openings
Year ended: March 2022

            March 2022           6,010          28,179            100.0               _                  4.7
            March 2023           4,549          27,637             75.7             75.7                 6.1
            March 2024           3,841          27,162             63.9             84.4                 7.1
 
Annual openings
Year ended: March 2023

            March 2023           6,461          31,052            100.0               _                  4.8
            March 2024           4,876          29,790             75.5             75.5                 6.1
 
Annual openings
Year ended: March 2024

            March 2024           5,971          27,374            100.0               _                  4.6
 
NOTE: A '_' indicates that the data are not available and a 'N' indicates that the data do not meet BLS disclosure standards.
