Table 7. Survival of private sector establishments by opening year

Total Private

Montana

                          Surviving       Total Employment   Survival Rates   Survival Rates of   Average Employment
                          Establishments  of Survivors       Since Birth      Previous Year's     of Survivors
                                                                              Survivors

Annual openings
Year ended: March 1994

            March 1994           2,348          10,311            100.0               _                  4.4
            March 1995           1,999           9,855             85.1             85.1                 4.9
            March 1996           1,690           9,016             72.0             84.5                 5.3
            March 1997           1,548           9,123             65.9             91.6                 5.9
            March 1998           1,396           8,735             59.5             90.2                 6.3
            March 1999           1,310           8,228             55.8             93.8                 6.3
            March 2000           1,212           8,124             51.6             92.5                 6.7
            March 2001           1,118           7,925             47.6             92.2                 7.1
            March 2002           1,050           7,737             44.7             93.9                 7.4
            March 2003           1,013           7,764             43.1             96.5                 7.7
            March 2004             968           7,594             41.2             95.6                 7.8
            March 2005             938           7,506             39.9             96.9                 8.0
            March 2006             885           7,512             37.7             94.3                 8.5
            March 2007             873           7,479             37.2             98.6                 8.6
            March 2008             842           7,365             35.9             96.4                 8.7
            March 2009             769           6,597             32.8             91.3                 8.6
            March 2010             718           6,330             30.6             93.4                 8.8
            March 2011             693           6,109             29.5             96.5                 8.8
            March 2012             666           6,296             28.4             96.1                 9.5
            March 2013             660           6,400             28.1             99.1                 9.7
            March 2014             612           6,291             26.1             92.7                10.3
            March 2015             606           6,465             25.8             99.0                10.7
            March 2016             585           6,462             24.9             96.5                11.0
            March 2017             573           6,400             24.4             97.9                11.2
            March 2018             553           6,337             23.6             96.5                11.5
            March 2019             530           6,356             22.6             95.8                12.0
            March 2020             507           6,388             21.6             95.7                12.6
            March 2021             478           6,139             20.4             94.3                12.8
            March 2022             455           6,256             19.4             95.2                13.7
            March 2023             424           6,066             18.1             93.2                14.3
            March 2024             402           5,987             17.1             94.8                14.9
 
Annual openings
Year ended: March 1995

            March 1995           2,531          12,415            100.0               _                  4.9
            March 1996           2,028          11,322             80.1             80.1                 5.6
            March 1997           1,747          10,431             69.0             86.1                 6.0
            March 1998           1,560          10,541             61.6             89.3                 6.8
            March 1999           1,435          10,350             56.7             92.0                 7.2
            March 2000           1,332          10,099             52.6             92.8                 7.6
            March 2001           1,234           9,687             48.8             92.6                 7.9
            March 2002           1,131           9,048             44.7             91.7                 8.0
            March 2003           1,074           9,437             42.4             95.0                 8.8
            March 2004           1,011           9,383             39.9             94.1                 9.3
            March 2005             962           9,558             38.0             95.2                 9.9
            March 2006             920           9,601             36.3             95.6                10.4
            March 2007             879           9,595             34.7             95.5                10.9
            March 2008             856           9,457             33.8             97.4                11.0
            March 2009             800           8,751             31.6             93.5                10.9
            March 2010             769           8,356             30.4             96.1                10.9
            March 2011             718           8,335             28.4             93.4                11.6
            March 2012             700           8,944             27.7             97.5                12.8
            March 2013             669           8,780             26.4             95.6                13.1
            March 2014             636           8,558             25.1             95.1                13.5
            March 2015             635           8,594             25.1             99.8                13.5
            March 2016             621           8,575             24.5             97.8                13.8
            March 2017             598           8,155             23.6             96.3                13.6
            March 2018             575           7,981             22.7             96.2                13.9
            March 2019             551           7,672             21.8             95.8                13.9
            March 2020             524           7,550             20.7             95.1                14.4
            March 2021             492           7,196             19.4             93.9                14.6
            March 2022             472           6,936             18.6             95.9                14.7
            March 2023             452           6,706             17.9             95.8                14.8
            March 2024             427           6,522             16.9             94.5                15.3
 
Annual openings
Year ended: March 1996

            March 1996           2,464          12,293            100.0               _                  5.0
            March 1997           1,989          11,254             80.7             80.7                 5.7
            March 1998           1,725          11,751             70.0             86.7                 6.8
            March 1999           1,588          12,026             64.4             92.1                 7.6
            March 2000           1,428          11,691             58.0             89.9                 8.2
            March 2001           1,310          11,764             53.2             91.7                 9.0
            March 2002           1,215          11,400             49.3             92.7                 9.4
            March 2003           1,134          11,227             46.0             93.3                 9.9
            March 2004           1,086          11,024             44.1             95.8                10.2
            March 2005           1,017          11,288             41.3             93.6                11.1
            March 2006             981          11,265             39.8             96.5                11.5
            March 2007             964          11,721             39.1             98.3                12.2
            March 2008             950          11,682             38.6             98.5                12.3
            March 2009             875          10,557             35.5             92.1                12.1
            March 2010             821           9,962             33.3             93.8                12.1
            March 2011             795           9,860             32.3             96.8                12.4
            March 2012             776           9,910             31.5             97.6                12.8
            March 2013             752           9,899             30.5             96.9                13.2
            March 2014             715           9,739             29.0             95.1                13.6
            March 2015             705           9,436             28.6             98.6                13.4
            March 2016             689           9,398             28.0             97.7                13.6
            March 2017             665           9,283             27.0             96.5                14.0
            March 2018             639           9,378             25.9             96.1                14.7
            March 2019             619           9,196             25.1             96.9                14.9
            March 2020             590           9,101             23.9             95.3                15.4
            March 2021             572           8,796             23.2             96.9                15.4
            March 2022             556           8,982             22.6             97.2                16.2
            March 2023             519           8,772             21.1             93.3                16.9
            March 2024             490           8,586             19.9             94.4                17.5
 
Annual openings
Year ended: March 1997

            March 1997           2,368          11,271            100.0               _                  4.8
            March 1998           1,863          10,475             78.7             78.7                 5.6
            March 1999           1,641          10,505             69.3             88.1                 6.4
            March 2000           1,448          10,871             61.1             88.2                 7.5
            March 2001           1,302          10,698             55.0             89.9                 8.2
            March 2002           1,180          10,305             49.8             90.6                 8.7
            March 2003           1,139          10,595             48.1             96.5                 9.3
            March 2004           1,100          10,969             46.5             96.6                10.0
            March 2005           1,049          11,080             44.3             95.4                10.6
            March 2006           1,008          11,567             42.6             96.1                11.5
            March 2007             953          11,546             40.2             94.5                12.1
            March 2008             925          11,100             39.1             97.1                12.0
            March 2009             859          10,317             36.3             92.9                12.0
            March 2010             810          10,029             34.2             94.3                12.4
            March 2011             757           9,669             32.0             93.5                12.8
            March 2012             745           9,180             31.5             98.4                12.3
            March 2013             717           9,397             30.3             96.2                13.1
            March 2014             883           9,200             37.3            123.2                10.4
            March 2015             855           8,901             36.1             96.8                10.4
            March 2016             801           8,217             33.8             93.7                10.3
            March 2017             774           8,201             32.7             96.6                10.6
            March 2018             726           8,091             30.7             93.8                11.1
            March 2019             695           7,965             29.3             95.7                11.5
            March 2020             656           7,931             27.7             94.4                12.1
            March 2021             632           7,768             26.7             96.3                12.3
            March 2022             582           7,812             24.6             92.1                13.4
            March 2023             568           7,271             24.0             97.6                12.8
            March 2024             544           6,815             23.0             95.8                12.5
 
Annual openings
Year ended: March 1998

            March 1998           2,952          15,892            100.0               _                  5.4
            March 1999           2,474          16,510             83.8             83.8                 6.7
            March 2000           2,221          16,242             75.2             89.8                 7.3
            March 2001           1,986          15,145             67.3             89.4                 7.6
            March 2002           1,830          14,537             62.0             92.1                 7.9
            March 2003           1,734          14,093             58.7             94.8                 8.1
            March 2004           1,667          14,304             56.5             96.1                 8.6
            March 2005           1,609          14,358             54.5             96.5                 8.9
            March 2006           1,539          14,136             52.1             95.6                 9.2
            March 2007           1,450          14,091             49.1             94.2                 9.7
            March 2008           1,411          13,610             47.8             97.3                 9.6
            March 2009           1,337          12,480             45.3             94.8                 9.3
            March 2010           1,294          12,072             43.8             96.8                 9.3
            March 2011           1,264          12,294             42.8             97.7                 9.7
            March 2012           1,198          11,699             40.6             94.8                 9.8
            March 2013           1,149          11,745             38.9             95.9                10.2
            March 2014           1,097          11,649             37.2             95.5                10.6
            March 2015           1,091          12,099             37.0             99.5                11.1
            March 2016           1,065          11,867             36.1             97.6                11.1
            March 2017           1,016          11,485             34.4             95.4                11.3
            March 2018             987          11,730             33.4             97.1                11.9
            March 2019             961          11,618             32.6             97.4                12.1
            March 2020             937          11,274             31.7             97.5                12.0
            March 2021             903          10,486             30.6             96.4                11.6
            March 2022             877          10,731             29.7             97.1                12.2
            March 2023             852          10,835             28.9             97.1                12.7
            March 2024             819          10,498             27.7             96.1                12.8
 
Annual openings
Year ended: March 1999

            March 1999           2,396          11,254            100.0               _                  4.7
            March 2000           1,921          11,404             80.2             80.2                 5.9
            March 2001           1,673          11,751             69.8             87.1                 7.0
            March 2002           1,515          11,031             63.2             90.6                 7.3
            March 2003           1,392          10,761             58.1             91.9                 7.7
            March 2004           1,332          10,405             55.6             95.7                 7.8
            March 2005           1,254          10,244             52.3             94.1                 8.2
            March 2006           1,183          10,075             49.4             94.3                 8.5
            March 2007           1,126          10,005             47.0             95.2                 8.9
            March 2008           1,071           9,864             44.7             95.1                 9.2
            March 2009             977           8,534             40.8             91.2                 8.7
            March 2010             933           8,127             38.9             95.5                 8.7
            March 2011             885           8,018             36.9             94.9                 9.1
            March 2012             833           7,915             34.8             94.1                 9.5
            March 2013             810           8,130             33.8             97.2                10.0
            March 2014             750           7,962             31.3             92.6                10.6
            March 2015             730           8,007             30.5             97.3                11.0
            March 2016             720           8,148             30.1             98.6                11.3
            March 2017             696           8,136             29.0             96.7                11.7
            March 2018             664           8,001             27.7             95.4                12.0
            March 2019             631           7,835             26.3             95.0                12.4
            March 2020             616           7,823             25.7             97.6                12.7
            March 2021             600           7,678             25.0             97.4                12.8
            March 2022             578           7,799             24.1             96.3                13.5
            March 2023             553           7,816             23.1             95.7                14.1
            March 2024             530           7,798             22.1             95.8                14.7
 
Annual openings
Year ended: March 2000

            March 2000           2,302           9,798            100.0               _                  4.3
            March 2001           1,869           9,588             81.2             81.2                 5.1
            March 2002           1,589           8,642             69.0             85.0                 5.4
            March 2003           1,453           8,399             63.1             91.4                 5.8
            March 2004           1,345           8,718             58.4             92.6                 6.5
            March 2005           1,279           8,783             55.6             95.1                 6.9
            March 2006           1,215           9,501             52.8             95.0                 7.8
            March 2007           1,161           9,180             50.4             95.6                 7.9
            March 2008           1,093           9,212             47.5             94.1                 8.4
            March 2009           1,007           8,153             43.7             92.1                 8.1
            March 2010             909           7,557             39.5             90.3                 8.3
            March 2011             877           7,750             38.1             96.5                 8.8
            March 2012             851           8,133             37.0             97.0                 9.6
            March 2013             812           7,962             35.3             95.4                 9.8
            March 2014             765           7,463             33.2             94.2                 9.8
            March 2015             768           7,508             33.4            100.4                 9.8
            March 2016             728           6,933             31.6             94.8                 9.5
            March 2017             700           6,708             30.4             96.2                 9.6
            March 2018             675           6,778             29.3             96.4                10.0
            March 2019             641           6,806             27.8             95.0                10.6
            March 2020             620           6,597             26.9             96.7                10.6
            March 2021             596           6,166             25.9             96.1                10.3
            March 2022             581           6,559             25.2             97.5                11.3
            March 2023             553           6,546             24.0             95.2                11.8
            March 2024             518           6,178             22.5             93.7                11.9
 
Annual openings
Year ended: March 2001

            March 2001           2,571          11,651            100.0               _                  4.5
            March 2002           2,000          10,516             77.8             77.8                 5.3
            March 2003           1,762          10,205             68.5             88.1                 5.8
            March 2004           1,568           9,375             61.0             89.0                 6.0
            March 2005           1,478           9,352             57.5             94.3                 6.3
            March 2006           1,396           9,547             54.3             94.5                 6.8
            March 2007           1,287           9,307             50.1             92.2                 7.2
            March 2008           1,243           8,912             48.3             96.6                 7.2
            March 2009           1,126           7,956             43.8             90.6                 7.1
            March 2010           1,064           7,411             41.4             94.5                 7.0
            March 2011           1,014           7,103             39.4             95.3                 7.0
            March 2012             970           7,254             37.7             95.7                 7.5
            March 2013             922           7,180             35.9             95.1                 7.8
            March 2014             873           7,026             34.0             94.7                 8.0
            March 2015             856           7,048             33.3             98.1                 8.2
            March 2016             841           7,050             32.7             98.2                 8.4
            March 2017             805           6,903             31.3             95.7                 8.6
            March 2018             770           6,797             29.9             95.7                 8.8
            March 2019             728           6,558             28.3             94.5                 9.0
            March 2020             706           6,306             27.5             97.0                 8.9
            March 2021             680           5,994             26.4             96.3                 8.8
            March 2022             641           6,291             24.9             94.3                 9.8
            March 2023             625           6,287             24.3             97.5                10.1
            March 2024             584           6,018             22.7             93.4                10.3
 
Annual openings
Year ended: March 2002

            March 2002           2,451          10,710            100.0               _                  4.4
            March 2003           1,932          10,376             78.8             78.8                 5.4
            March 2004           1,726          10,054             70.4             89.3                 5.8
            March 2005           1,541          10,003             62.9             89.3                 6.5
            March 2006           1,459          10,122             59.5             94.7                 6.9
            March 2007           1,372          10,214             56.0             94.0                 7.4
            March 2008           1,296           9,867             52.9             94.5                 7.6
            March 2009           1,204           9,154             49.1             92.9                 7.6
            March 2010           1,123           8,934             45.8             93.3                 8.0
            March 2011           1,075           8,532             43.9             95.7                 7.9
            March 2012           1,032           8,541             42.1             96.0                 8.3
            March 2013             994           8,480             40.6             96.3                 8.5
            March 2014             944           8,230             38.5             95.0                 8.7
            March 2015             907           8,325             37.0             96.1                 9.2
            March 2016             899           8,237             36.7             99.1                 9.2
            March 2017             847           7,801             34.6             94.2                 9.2
            March 2018             821           7,804             33.5             96.9                 9.5
            March 2019             771           7,627             31.5             93.9                 9.9
            March 2020             742           7,664             30.3             96.2                10.3
            March 2021             703           7,006             28.7             94.7                10.0
            March 2022             675           7,479             27.5             96.0                11.1
            March 2023             630           7,343             25.7             93.3                11.7
            March 2024             604           7,085             24.6             95.9                11.7
 
Annual openings
Year ended: March 2003

            March 2003           2,559          10,588            100.0               _                  4.1
            March 2004           2,058          10,091             80.4             80.4                 4.9
            March 2005           1,825          10,391             71.3             88.7                 5.7
            March 2006           1,687          10,538             65.9             92.4                 6.2
            March 2007           1,561          10,609             61.0             92.5                 6.8
            March 2008           1,450          10,227             56.7             92.9                 7.1
            March 2009           1,286           9,197             50.3             88.7                 7.2
            March 2010           1,179           8,769             46.1             91.7                 7.4
            March 2011           1,119           8,578             43.7             94.9                 7.7
            March 2012           1,088           8,402             42.5             97.2                 7.7
            March 2013           1,046           8,366             40.9             96.1                 8.0
            March 2014             989           8,154             38.6             94.6                 8.2
            March 2015             945           8,090             36.9             95.6                 8.6
            March 2016             923           7,943             36.1             97.7                 8.6
            March 2017             892           7,913             34.9             96.6                 8.9
            March 2018             859           7,912             33.6             96.3                 9.2
            March 2019             833           7,794             32.6             97.0                 9.4
            March 2020             776           7,553             30.3             93.2                 9.7
            March 2021             745           7,227             29.1             96.0                 9.7
            March 2022             710           7,177             27.7             95.3                10.1
            March 2023             681           7,245             26.6             95.9                10.6
            March 2024             645           7,108             25.2             94.7                11.0
 
Annual openings
Year ended: March 2004

            March 2004           2,872          11,587            100.0               _                  4.0
            March 2005           2,249          11,781             78.3             78.3                 5.2
            March 2006           1,965          11,926             68.4             87.4                 6.1
            March 2007           1,804          11,929             62.8             91.8                 6.6
            March 2008           1,654          11,126             57.6             91.7                 6.7
            March 2009           1,436          10,193             50.0             86.8                 7.1
            March 2010           1,305           9,622             45.4             90.9                 7.4
            March 2011           1,232           9,740             42.9             94.4                 7.9
            March 2012           1,180           9,447             41.1             95.8                 8.0
            March 2013           1,125           9,274             39.2             95.3                 8.2
            March 2014           1,043           9,218             36.3             92.7                 8.8
            March 2015           1,030           9,458             35.9             98.8                 9.2
            March 2016             980           9,544             34.1             95.1                 9.7
            March 2017             944           9,215             32.9             96.3                 9.8
            March 2018             895           8,935             31.2             94.8                10.0
            March 2019             855           9,054             29.8             95.5                10.6
            March 2020             824           8,722             28.7             96.4                10.6
            March 2021             805           8,475             28.0             97.7                10.5
            March 2022             769           8,192             26.8             95.5                10.7
            March 2023             742           8,142             25.8             96.5                11.0
            March 2024             685           8,456             23.9             92.3                12.3
 
Annual openings
Year ended: March 2005

            March 2005           2,953          11,058            100.0               _                  3.7
            March 2006           2,416          10,750             81.8             81.8                 4.4
            March 2007           2,139          10,835             72.4             88.5                 5.1
            March 2008           1,920          10,537             65.0             89.8                 5.5
            March 2009           1,637           9,143             55.4             85.3                 5.6
            March 2010           1,454           8,705             49.2             88.8                 6.0
            March 2011           1,330           8,547             45.0             91.5                 6.4
            March 2012           1,275           8,419             43.2             95.9                 6.6
            March 2013           1,217           8,047             41.2             95.5                 6.6
            March 2014           1,149           7,471             38.9             94.4                 6.5
            March 2015           1,097           7,542             37.1             95.5                 6.9
            March 2016           1,068           7,625             36.2             97.4                 7.1
            March 2017           1,010           7,300             34.2             94.6                 7.2
            March 2018             974           7,170             33.0             96.4                 7.4
            March 2019             919           7,000             31.1             94.4                 7.6
            March 2020             878           6,830             29.7             95.5                 7.8
            March 2021             849           6,499             28.8             96.7                 7.7
            March 2022             807           6,386             27.3             95.1                 7.9
            March 2023             759           6,190             25.7             94.1                 8.2
            March 2024             716           6,093             24.2             94.3                 8.5
 
Annual openings
Year ended: March 2006

            March 2006           2,979          11,246            100.0               _                  3.8
            March 2007           2,358          10,585             79.2             79.2                 4.5
            March 2008           2,077          10,189             69.7             88.1                 4.9
            March 2009           1,697           9,027             57.0             81.7                 5.3
            March 2010           1,514           8,642             50.8             89.2                 5.7
            March 2011           1,374           8,219             46.1             90.8                 6.0
            March 2012           1,295           8,367             43.5             94.3                 6.5
            March 2013           1,211           8,447             40.7             93.5                 7.0
            March 2014           1,147           8,283             38.5             94.7                 7.2
            March 2015           1,118           8,068             37.5             97.5                 7.2
            March 2016           1,060           8,026             35.6             94.8                 7.6
            March 2017           1,011           7,915             33.9             95.4                 7.8
            March 2018             972           8,400             32.6             96.1                 8.6
            March 2019             916           7,631             30.7             94.2                 8.3
            March 2020             890           7,720             29.9             97.2                 8.7
            March 2021             854           7,341             28.7             96.0                 8.6
            March 2022             797           7,267             26.8             93.3                 9.1
            March 2023             748           6,932             25.1             93.9                 9.3
            March 2024             703           6,858             23.6             94.0                 9.8
 
Annual openings
Year ended: March 2007

            March 2007           2,973          11,461            100.0               _                  3.9
            March 2008           2,321          11,060             78.1             78.1                 4.8
            March 2009           1,860           9,476             62.6             80.1                 5.1
            March 2010           1,611           8,673             54.2             86.6                 5.4
            March 2011           1,487           8,513             50.0             92.3                 5.7
            March 2012           1,372           8,638             46.1             92.3                 6.3
            March 2013           1,263           8,646             42.5             92.1                 6.8
            March 2014           1,186           8,296             39.9             93.9                 7.0
            March 2015           1,165           8,590             39.2             98.2                 7.4
            March 2016           1,093           8,533             36.8             93.8                 7.8
            March 2017           1,039           8,045             34.9             95.1                 7.7
            March 2018             988           7,444             33.2             95.1                 7.5
            March 2019             951           7,775             32.0             96.3                 8.2
            March 2020             918           7,707             30.9             96.5                 8.4
            March 2021             863           7,479             29.0             94.0                 8.7
            March 2022             831           7,479             28.0             96.3                 9.0
            March 2023             795           7,096             26.7             95.7                 8.9
            March 2024             749           6,908             25.2             94.2                 9.2
 
Annual openings
Year ended: March 2008

            March 2008           2,787          11,216            100.0               _                  4.0
            March 2009           2,084           9,458             74.8             74.8                 4.5
            March 2010           1,741           8,654             62.5             83.5                 5.0
            March 2011           1,563           8,280             56.1             89.8                 5.3
            March 2012           1,456           8,547             52.2             93.2                 5.9
            March 2013           1,338           8,456             48.0             91.9                 6.3
            March 2014           1,251           8,315             44.9             93.5                 6.6
            March 2015           1,192           8,104             42.8             95.3                 6.8
            March 2016           1,119           7,874             40.2             93.9                 7.0
            March 2017           1,059           7,829             38.0             94.6                 7.4
            March 2018             997           7,574             35.8             94.1                 7.6
            March 2019             937           7,444             33.6             94.0                 7.9
            March 2020             907           7,255             32.5             96.8                 8.0
            March 2021             874           7,169             31.4             96.4                 8.2
            March 2022             832           7,273             29.9             95.2                 8.7
            March 2023             789           6,961             28.3             94.8                 8.8
            March 2024             748           6,562             26.8             94.8                 8.8
 
Annual openings
Year ended: March 2009

            March 2009           2,297           8,140            100.0               _                  3.5
            March 2010           1,758           7,583             76.5             76.5                 4.3
            March 2011           1,575           7,446             68.6             89.6                 4.7
            March 2012           1,448           7,470             63.0             91.9                 5.2
            March 2013           1,326           7,441             57.7             91.6                 5.6
            March 2014           1,192           7,349             51.9             89.9                 6.2
            March 2015           1,169           7,481             50.9             98.1                 6.4
            March 2016           1,093           7,330             47.6             93.5                 6.7
            March 2017           1,039           7,228             45.2             95.1                 7.0
            March 2018             979           6,968             42.6             94.2                 7.1
            March 2019             911           6,654             39.7             93.1                 7.3
            March 2020             860           6,401             37.4             94.4                 7.4
            March 2021             828           6,342             36.0             96.3                 7.7
            March 2022             790           6,293             34.4             95.4                 8.0
            March 2023             735           6,318             32.0             93.0                 8.6
            March 2024             687           6,066             29.9             93.5                 8.8
 
Annual openings
Year ended: March 2010

            March 2010           2,032           7,502            100.0               _                  3.7
            March 2011           1,649           7,451             81.2             81.2                 4.5
            March 2012           1,434           7,021             70.6             87.0                 4.9
            March 2013           1,304           6,835             64.2             90.9                 5.2
            March 2014           1,182           6,638             58.2             90.6                 5.6
            March 2015           1,100           6,414             54.1             93.1                 5.8
            March 2016           1,025           6,511             50.4             93.2                 6.4
            March 2017             936           6,309             46.1             91.3                 6.7
            March 2018             903           6,229             44.4             96.5                 6.9
            March 2019             847           6,138             41.7             93.8                 7.2
            March 2020             797           5,998             39.2             94.1                 7.5
            March 2021             759           5,776             37.4             95.2                 7.6
            March 2022             739           6,089             36.4             97.4                 8.2
            March 2023             700           6,005             34.4             94.7                 8.6
            March 2024             660           5,779             32.5             94.3                 8.8
 
Annual openings
Year ended: March 2011

            March 2011           2,121           6,881            100.0               _                  3.2
            March 2012           1,678           6,867             79.1             79.1                 4.1
            March 2013           1,459           6,706             68.8             86.9                 4.6
            March 2014           1,300           6,623             61.3             89.1                 5.1
            March 2015           1,221           6,732             57.6             93.9                 5.5
            March 2016           1,122           6,595             52.9             91.9                 5.9
            March 2017           1,061           6,623             50.0             94.6                 6.2
            March 2018             988           6,612             46.6             93.1                 6.7
            March 2019             923           6,541             43.5             93.4                 7.1
            March 2020             895           6,388             42.2             97.0                 7.1
            March 2021             839           6,171             39.6             93.7                 7.4
            March 2022             787           6,218             37.1             93.8                 7.9
            March 2023             746           6,209             35.2             94.8                 8.3
            March 2024             704           6,111             33.2             94.4                 8.7
 
Annual openings
Year ended: March 2012

            March 2012           2,311           7,909            100.0               _                  3.4
            March 2013           1,836           7,787             79.4             79.4                 4.2
            March 2014           1,579           7,444             68.3             86.0                 4.7
            March 2015           1,464           7,411             63.3             92.7                 5.1
            March 2016           1,333           7,376             57.7             91.1                 5.5
            March 2017           1,235           6,990             53.4             92.6                 5.7
            March 2018           1,158           6,757             50.1             93.8                 5.8
            March 2019           1,085           6,554             46.9             93.7                 6.0
            March 2020           1,005           6,501             43.5             92.6                 6.5
            March 2021             934           6,289             40.4             92.9                 6.7
            March 2022             891           6,453             38.6             95.4                 7.2
            March 2023             839           6,412             36.3             94.2                 7.6
            March 2024             797           6,375             34.5             95.0                 8.0
 
Annual openings
Year ended: March 2013

            March 2013           2,532           8,426            100.0               _                  3.3
            March 2014           1,967           7,494             77.7             77.7                 3.8
            March 2015           1,739           7,655             68.7             88.4                 4.4
            March 2016           1,588           7,885             62.7             91.3                 5.0
            March 2017           1,410           7,657             55.7             88.8                 5.4
            March 2018           1,326           7,838             52.4             94.0                 5.9
            March 2019           1,242           7,617             49.1             93.7                 6.1
            March 2020           1,156           7,310             45.7             93.1                 6.3
            March 2021           1,104           7,216             43.6             95.5                 6.5
            March 2022           1,028           7,271             40.6             93.1                 7.1
            March 2023             972           7,252             38.4             94.6                 7.5
            March 2024             928           7,110             36.7             95.5                 7.7
 
Annual openings
Year ended: March 2014

            March 2014           2,383           8,285            100.0               _                  3.5
            March 2015           1,964           8,268             82.4             82.4                 4.2
            March 2016           1,761           8,303             73.9             89.7                 4.7
            March 2017           1,607           8,207             67.4             91.3                 5.1
            March 2018           1,445           8,047             60.6             89.9                 5.6
            March 2019           1,336           8,073             56.1             92.5                 6.0
            March 2020           1,221           7,785             51.2             91.4                 6.4
            March 2021           1,168           7,346             49.0             95.7                 6.3
            March 2022           1,101           7,637             46.2             94.3                 6.9
            March 2023           1,044           7,640             43.8             94.8                 7.3
            March 2024             978           7,479             41.0             93.7                 7.6
 
Annual openings
Year ended: March 2015

            March 2015           2,721           9,054            100.0               _                  3.3
            March 2016           2,146           8,403             78.9             78.9                 3.9
            March 2017           1,893           8,446             69.6             88.2                 4.5
            March 2018           1,703           8,422             62.6             90.0                 4.9
            March 2019           1,570           8,590             57.7             92.2                 5.5
            March 2020           1,450           8,671             53.3             92.4                 6.0
            March 2021           1,360           8,254             50.0             93.8                 6.1
            March 2022           1,273           8,644             46.8             93.6                 6.8
            March 2023           1,204           8,818             44.2             94.6                 7.3
            March 2024           1,109           8,591             40.8             92.1                 7.7
 
Annual openings
Year ended: March 2016

            March 2016           2,648           8,332            100.0               _                  3.1
            March 2017           2,117           8,301             79.9             79.9                 3.9
            March 2018           1,886           8,160             71.2             89.1                 4.3
            March 2019           1,697           8,076             64.1             90.0                 4.8
            March 2020           1,585           7,806             59.9             93.4                 4.9
            March 2021           1,495           8,092             56.5             94.3                 5.4
            March 2022           1,402           8,564             52.9             93.8                 6.1
            March 2023           1,306           8,358             49.3             93.2                 6.4
            March 2024           1,223           8,276             46.2             93.6                 6.8
 
Annual openings
Year ended: March 2017

            March 2017           2,928           9,005            100.0               _                  3.1
            March 2018           2,329           8,830             79.5             79.5                 3.8
            March 2019           2,030           8,643             69.3             87.2                 4.3
            March 2020           1,855           9,011             63.4             91.4                 4.9
            March 2021           1,754           9,076             59.9             94.6                 5.2
            March 2022           1,640           9,235             56.0             93.5                 5.6
            March 2023           1,506           9,369             51.4             91.8                 6.2
            March 2024           1,405           9,072             48.0             93.3                 6.5
 
Annual openings
Year ended: March 2018

            March 2018           3,049           8,808            100.0               _                  2.9
            March 2019           2,427           8,791             79.6             79.6                 3.6
            March 2020           2,156           8,930             70.7             88.8                 4.1
            March 2021           1,976           8,724             64.8             91.7                 4.4
            March 2022           1,812           9,282             59.4             91.7                 5.1
            March 2023           1,668           9,202             54.7             92.1                 5.5
            March 2024           1,528           8,817             50.1             91.6                 5.8
 
Annual openings
Year ended: March 2019

            March 2019           3,367           9,857            100.0               _                  2.9
            March 2020           2,722           9,366             80.8             80.8                 3.4
            March 2021           2,426           9,508             72.1             89.1                 3.9
            March 2022           2,217          10,217             65.8             91.4                 4.6
            March 2023           1,986          10,289             59.0             89.6                 5.2
            March 2024           1,814          10,046             53.9             91.3                 5.5
 
Annual openings
Year ended: March 2020

            March 2020           3,539          10,643            100.0               _                  3.0
            March 2021           2,868          11,336             81.0             81.0                 4.0
            March 2022           2,544          11,951             71.9             88.7                 4.7
            March 2023           2,240          11,529             63.3             88.1                 5.1
            March 2024           2,040          11,269             57.6             91.1                 5.5
 
Annual openings
Year ended: March 2021

            March 2021           4,696          12,226            100.0               _                  2.6
            March 2022           3,610          12,684             76.9             76.9                 3.5
            March 2023           3,080          12,647             65.6             85.3                 4.1
            March 2024           2,708          11,524             57.7             87.9                 4.3
 
Annual openings
Year ended: March 2022

            March 2022           5,698          14,849            100.0               _                  2.6
            March 2023           4,362          14,864             76.6             76.6                 3.4
            March 2024           3,674          14,502             64.5             84.2                 3.9
 
Annual openings
Year ended: March 2023

            March 2023           5,470          14,647            100.0               _                  2.7
            March 2024           4,180          13,501             76.4             76.4                 3.2
 
Annual openings
Year ended: March 2024

            March 2024           4,800          12,867            100.0               _                  2.7
 
NOTE: A '_' indicates that the data are not available and a 'N' indicates that the data do not meet BLS disclosure standards.
