Table 7. Survival of private sector establishments by opening year

Total Private

North Dakota

                          Surviving       Total Employment   Survival Rates   Survival Rates of   Average Employment
                          Establishments  of Survivors       Since Birth      Previous Year's     of Survivors
                                                                              Survivors

Annual openings
Year ended: March 1994

            March 1994           1,105           6,018            100.0               _                  5.4
            March 1995             901           6,016             81.5             81.5                 6.7
            March 1996             805           6,141             72.9             89.3                 7.6
            March 1997             706           5,939             63.9             87.7                 8.4
            March 1998             642           5,634             58.1             90.9                 8.8
            March 1999             599           5,479             54.2             93.3                 9.1
            March 2000             539           5,317             48.8             90.0                 9.9
            March 2001             519           4,523             47.0             96.3                 8.7
            March 2002             485           4,341             43.9             93.4                 9.0
            March 2003             468           4,202             42.4             96.5                 9.0
            March 2004             444           4,382             40.2             94.9                 9.9
            March 2005             421           4,184             38.1             94.8                 9.9
            March 2006             405           4,199             36.7             96.2                10.4
            March 2007             397           3,959             35.9             98.0                10.0
            March 2008             383           3,805             34.7             96.5                 9.9
            March 2009             360           3,637             32.6             94.0                10.1
            March 2010             357           3,687             32.3             99.2                10.3
            March 2011             343           3,614             31.0             96.1                10.5
            March 2012             339           3,627             30.7             98.8                10.7
            March 2013             325           3,665             29.4             95.9                11.3
            March 2014             312           3,587             28.2             96.0                11.5
            March 2015             298           3,575             27.0             95.5                12.0
            March 2016             294           3,459             26.6             98.7                11.8
            March 2017             286           3,378             25.9             97.3                11.8
            March 2018             277           3,315             25.1             96.9                12.0
            March 2019             264           3,374             23.9             95.3                12.8
            March 2020             257           3,232             23.3             97.3                12.6
            March 2021             249           3,184             22.5             96.9                12.8
            March 2022             236           3,022             21.4             94.8                12.8
            March 2023             232           3,003             21.0             98.3                12.9
            March 2024             224           2,957             20.3             96.6                13.2
 
Annual openings
Year ended: March 1995

            March 1995           1,200           6,785            100.0               _                  5.7
            March 1996             973           8,006             81.1             81.1                 8.2
            March 1997             807           8,143             67.3             82.9                10.1
            March 1998             736           8,094             61.3             91.2                11.0
            March 1999             672           7,976             56.0             91.3                11.9
            March 2000             609           7,914             50.8             90.6                13.0
            March 2001             557           7,256             46.4             91.5                13.0
            March 2002             508           7,046             42.3             91.2                13.9
            March 2003             497           7,181             41.4             97.8                14.4
            March 2004             480           7,672             40.0             96.6                16.0
            March 2005             477           8,245             39.8             99.4                17.3
            March 2006             452           8,095             37.7             94.8                17.9
            March 2007             434           8,407             36.2             96.0                19.4
            March 2008             420           8,651             35.0             96.8                20.6
            March 2009             400           7,892             33.3             95.2                19.7
            March 2010             398           7,866             33.2             99.5                19.8
            March 2011             387           8,361             32.3             97.2                21.6
            March 2012             383           8,368             31.9             99.0                21.8
            March 2013             375           8,778             31.3             97.9                23.4
            March 2014             362           8,747             30.2             96.5                24.2
            March 2015             344           8,601             28.7             95.0                25.0
            March 2016             326           8,176             27.2             94.8                25.1
            March 2017             323           8,035             26.9             99.1                24.9
            March 2018             313           7,816             26.1             96.9                25.0
            March 2019             299           5,914             24.9             95.5                19.8
            March 2020             291           5,616             24.3             97.3                19.3
            March 2021             277           5,353             23.1             95.2                19.3
            March 2022             261           5,733             21.8             94.2                22.0
            March 2023             264           5,937             22.0            101.1                22.5
            March 2024             250           5,991             20.8             94.7                24.0
 
Annual openings
Year ended: March 1996

            March 1996           1,202           6,278            100.0               _                  5.2
            March 1997             942           6,362             78.4             78.4                 6.8
            March 1998             798           6,131             66.4             84.7                 7.7
            March 1999             726           6,511             60.4             91.0                 9.0
            March 2000             670           6,494             55.7             92.3                 9.7
            March 2001             610           5,672             50.7             91.0                 9.3
            March 2002             547           5,089             45.5             89.7                 9.3
            March 2003             509           4,565             42.3             93.1                 9.0
            March 2004             478           4,528             39.8             93.9                 9.5
            March 2005             452           4,508             37.6             94.6                10.0
            March 2006             436           4,616             36.3             96.5                10.6
            March 2007             411           4,636             34.2             94.3                11.3
            March 2008             399           4,654             33.2             97.1                11.7
            March 2009             373           4,520             31.0             93.5                12.1
            March 2010             363           4,794             30.2             97.3                13.2
            March 2011             349           4,960             29.0             96.1                14.2
            March 2012             351           5,376             29.2            100.6                15.3
            March 2013             337           5,489             28.0             96.0                16.3
            March 2014             324           5,194             27.0             96.1                16.0
            March 2015             314           4,891             26.1             96.9                15.6
            March 2016             304           4,176             25.3             96.8                13.7
            March 2017             291           3,920             24.2             95.7                13.5
            March 2018             277           3,902             23.0             95.2                14.1
            March 2019             262           3,759             21.8             94.6                14.3
            March 2020             258           3,591             21.5             98.5                13.9
            March 2021             251           3,124             20.9             97.3                12.4
            March 2022             241           3,121             20.0             96.0                13.0
            March 2023             231           3,138             19.2             95.9                13.6
            March 2024             219           3,098             18.2             94.8                14.1
 
Annual openings
Year ended: March 1997

            March 1997           1,161           8,068            100.0               _                  6.9
            March 1998             917           8,602             79.0             79.0                 9.4
            March 1999             829           8,270             71.4             90.4                10.0
            March 2000             731           8,849             63.0             88.2                12.1
            March 2001             690           8,586             59.4             94.4                12.4
            March 2002             616           7,963             53.1             89.3                12.9
            March 2003             586           7,995             50.5             95.1                13.6
            March 2004             571           7,828             49.2             97.4                13.7
            March 2005             544           7,958             46.9             95.3                14.6
            March 2006             502           8,174             43.2             92.3                16.3
            March 2007             494           7,978             42.5             98.4                16.1
            March 2008             475           8,012             40.9             96.2                16.9
            March 2009             450           7,710             38.8             94.7                17.1
            March 2010             430           7,326             37.0             95.6                17.0
            March 2011             427           7,699             36.8             99.3                18.0
            March 2012             415           7,901             35.7             97.2                19.0
            March 2013             399           7,884             34.4             96.1                19.8
            March 2014             408           7,786             35.1            102.3                19.1
            March 2015             396           7,366             34.1             97.1                18.6
            March 2016             382           7,059             32.9             96.5                18.5
            March 2017             373           6,754             32.1             97.6                18.1
            March 2018             354           6,908             30.5             94.9                19.5
            March 2019             342           6,938             29.5             96.6                20.3
            March 2020             332           6,713             28.6             97.1                20.2
            March 2021             320           6,649             27.6             96.4                20.8
            March 2022             304           5,873             26.2             95.0                19.3
            March 2023             297           5,942             25.6             97.7                20.0
            March 2024             286           5,609             24.6             96.3                19.6
 
Annual openings
Year ended: March 1998

            March 1998           1,081           6,088            100.0               _                  5.6
            March 1999             893           6,328             82.6             82.6                 7.1
            March 2000             762           6,154             70.5             85.3                 8.1
            March 2001             709           6,445             65.6             93.0                 9.1
            March 2002             636           6,579             58.8             89.7                10.3
            March 2003             590           6,448             54.6             92.8                10.9
            March 2004             555           6,084             51.3             94.1                11.0
            March 2005             515           6,139             47.6             92.8                11.9
            March 2006             499           5,971             46.2             96.9                12.0
            March 2007             468           5,812             43.3             93.8                12.4
            March 2008             448           5,804             41.4             95.7                13.0
            March 2009             417           5,297             38.6             93.1                12.7
            March 2010             403           5,062             37.3             96.6                12.6
            March 2011             383           5,348             35.4             95.0                14.0
            March 2012             377           5,341             34.9             98.4                14.2
            March 2013             367           5,365             34.0             97.3                14.6
            March 2014             354           5,681             32.7             96.5                16.0
            March 2015             351           5,650             32.5             99.2                16.1
            March 2016             340           5,548             31.5             96.9                16.3
            March 2017             328           5,399             30.3             96.5                16.5
            March 2018             321           5,541             29.7             97.9                17.3
            March 2019             305           5,228             28.2             95.0                17.1
            March 2020             301           5,142             27.8             98.7                17.1
            March 2021             288           5,053             26.6             95.7                17.5
            March 2022             281           5,139             26.0             97.6                18.3
            March 2023             264           5,185             24.4             94.0                19.6
            March 2024             260           5,200             24.1             98.5                20.0
 
Annual openings
Year ended: March 1999

            March 1999           1,213           7,250            100.0               _                  6.0
            March 2000             978           7,447             80.6             80.6                 7.6
            March 2001             846           7,788             69.7             86.5                 9.2
            March 2002             770           7,078             63.5             91.0                 9.2
            March 2003             726           6,854             59.9             94.3                 9.4
            March 2004             681           6,563             56.1             93.8                 9.6
            March 2005             648           6,613             53.4             95.2                10.2
            March 2006             610           6,485             50.3             94.1                10.6
            March 2007             579           6,720             47.7             94.9                11.6
            March 2008             543           7,303             44.8             93.8                13.4
            March 2009             502           6,821             41.4             92.4                13.6
            March 2010             482           6,674             39.7             96.0                13.8
            March 2011             463           6,217             38.2             96.1                13.4
            March 2012             454           6,025             37.4             98.1                13.3
            March 2013             437           5,616             36.0             96.3                12.9
            March 2014             422           5,713             34.8             96.6                13.5
            March 2015             397           5,600             32.7             94.1                14.1
            March 2016             382           5,403             31.5             96.2                14.1
            March 2017             368           5,472             30.3             96.3                14.9
            March 2018             359           5,284             29.6             97.6                14.7
            March 2019             349           5,436             28.8             97.2                15.6
            March 2020             343           5,552             28.3             98.3                16.2
            March 2021             327           5,127             27.0             95.3                15.7
            March 2022             312           5,067             25.7             95.4                16.2
            March 2023             296           4,898             24.4             94.9                16.5
            March 2024             284           5,115             23.4             95.9                18.0
 
Annual openings
Year ended: March 2000

            March 2000           1,285           8,106            100.0               _                  6.3
            March 2001           1,020           7,960             79.4             79.4                 7.8
            March 2002             908           7,490             70.7             89.0                 8.2
            March 2003             851           7,338             66.2             93.7                 8.6
            March 2004             775           7,129             60.3             91.1                 9.2
            March 2005             762           7,063             59.3             98.3                 9.3
            March 2006             709           6,703             55.2             93.0                 9.5
            March 2007             673           6,635             52.4             94.9                 9.9
            March 2008             625           6,402             48.6             92.9                10.2
            March 2009             587           6,194             45.7             93.9                10.6
            March 2010             564           6,065             43.9             96.1                10.8
            March 2011             541           6,075             42.1             95.9                11.2
            March 2012             527           6,455             41.0             97.4                12.2
            March 2013             501           6,453             39.0             95.1                12.9
            March 2014             487           6,455             37.9             97.2                13.3
            March 2015             458           6,420             35.6             94.0                14.0
            March 2016             429           5,979             33.4             93.7                13.9
            March 2017             415           5,546             32.3             96.7                13.4
            March 2018             394           5,337             30.7             94.9                13.5
            March 2019             386           5,141             30.0             98.0                13.3
            March 2020             365           5,031             28.4             94.6                13.8
            March 2021             354           4,485             27.5             97.0                12.7
            March 2022             336           4,253             26.1             94.9                12.7
            March 2023             327           4,141             25.4             97.3                12.7
            March 2024             313           4,143             24.4             95.7                13.2
 
Annual openings
Year ended: March 2001

            March 2001           1,091           6,272            100.0               _                  5.7
            March 2002             885           6,118             81.1             81.1                 6.9
            March 2003             772           6,166             70.8             87.2                 8.0
            March 2004             730           6,132             66.9             94.6                 8.4
            March 2005             682           6,146             62.5             93.4                 9.0
            March 2006             625           6,144             57.3             91.6                 9.8
            March 2007             603           6,232             55.3             96.5                10.3
            March 2008             570           6,216             52.2             94.5                10.9
            March 2009             530           6,162             48.6             93.0                11.6
            March 2010             509           6,225             46.7             96.0                12.2
            March 2011             493           6,556             45.2             96.9                13.3
            March 2012             479           7,090             43.9             97.2                14.8
            March 2013             457           7,300             41.9             95.4                16.0
            March 2014             444           7,429             40.7             97.2                16.7
            March 2015             426           7,271             39.0             95.9                17.1
            March 2016             414           7,212             37.9             97.2                17.4
            March 2017             398           7,040             36.5             96.1                17.7
            March 2018             381           6,980             34.9             95.7                18.3
            March 2019             366           6,796             33.5             96.1                18.6
            March 2020             355           6,513             32.5             97.0                18.3
            March 2021             335           5,982             30.7             94.4                17.9
            March 2022             320           6,085             29.3             95.5                19.0
            March 2023             316           6,609             29.0             98.8                20.9
            March 2024             298           6,511             27.3             94.3                21.8
 
Annual openings
Year ended: March 2002

            March 2002           1,029           5,813            100.0               _                  5.6
            March 2003             854           5,671             83.0             83.0                 6.6
            March 2004             746           5,484             72.5             87.4                 7.4
            March 2005             717           5,423             69.7             96.1                 7.6
            March 2006             649           5,471             63.1             90.5                 8.4
            March 2007             604           5,310             58.7             93.1                 8.8
            March 2008             570           5,252             55.4             94.4                 9.2
            March 2009             535           4,804             52.0             93.9                 9.0
            March 2010             509           4,386             49.5             95.1                 8.6
            March 2011             480           4,383             46.6             94.3                 9.1
            March 2012             462           4,506             44.9             96.3                 9.8
            March 2013             441           4,445             42.9             95.5                10.1
            March 2014             424           4,562             41.2             96.1                10.8
            March 2015             404           4,591             39.3             95.3                11.4
            March 2016             395           4,502             38.4             97.8                11.4
            March 2017             374           4,417             36.3             94.7                11.8
            March 2018             369           4,182             35.9             98.7                11.3
            March 2019             363           4,125             35.3             98.4                11.4
            March 2020             350           3,872             34.0             96.4                11.1
            March 2021             322           3,573             31.3             92.0                11.1
            March 2022             303           3,654             29.4             94.1                12.1
            March 2023             291           3,612             28.3             96.0                12.4
            March 2024             279           3,539             27.1             95.9                12.7
 
Annual openings
Year ended: March 2003

            March 2003           1,093           5,852            100.0               _                  5.4
            March 2004             937           5,717             85.7             85.7                 6.1
            March 2005             843           6,006             77.1             90.0                 7.1
            March 2006             789           6,057             72.2             93.6                 7.7
            March 2007             728           6,058             66.6             92.3                 8.3
            March 2008             675           6,076             61.8             92.7                 9.0
            March 2009             624           5,703             57.1             92.4                 9.1
            March 2010             580           5,740             53.1             92.9                 9.9
            March 2011             552           5,907             50.5             95.2                10.7
            March 2012             542           6,101             49.6             98.2                11.3
            March 2013             515           5,877             47.1             95.0                11.4
            March 2014             495           5,957             45.3             96.1                12.0
            March 2015             470           5,357             43.0             94.9                11.4
            March 2016             449           5,170             41.1             95.5                11.5
            March 2017             421           5,035             38.5             93.8                12.0
            March 2018             423           5,094             38.7            100.5                12.0
            March 2019             398           4,451             36.4             94.1                11.2
            March 2020             382           4,383             34.9             96.0                11.5
            March 2021             362           4,398             33.1             94.8                12.1
            March 2022             346           4,884             31.7             95.6                14.1
            March 2023             330           4,848             30.2             95.4                14.7
            March 2024             321           4,393             29.4             97.3                13.7
 
Annual openings
Year ended: March 2004

            March 2004           1,257           6,267            100.0               _                  5.0
            March 2005           1,027           6,038             81.7             81.7                 5.9
            March 2006             954           6,030             75.9             92.9                 6.3
            March 2007             874           6,053             69.5             91.6                 6.9
            March 2008             813           6,316             64.7             93.0                 7.8
            March 2009             733           6,075             58.3             90.2                 8.3
            March 2010             691           5,797             55.0             94.3                 8.4
            March 2011             662           5,846             52.7             95.8                 8.8
            March 2012             627           5,949             49.9             94.7                 9.5
            March 2013             594           6,198             47.3             94.7                10.4
            March 2014             555           6,137             44.2             93.4                11.1
            March 2015             545           6,180             43.4             98.2                11.3
            March 2016             524           5,538             41.7             96.1                10.6
            March 2017             502           5,502             39.9             95.8                11.0
            March 2018             480           5,276             38.2             95.6                11.0
            March 2019             457           5,084             36.4             95.2                11.1
            March 2020             440           4,877             35.0             96.3                11.1
            March 2021             429           4,555             34.1             97.5                10.6
            March 2022             420           4,558             33.4             97.9                10.9
            March 2023             399           4,473             31.7             95.0                11.2
            March 2024             392           4,350             31.2             98.2                11.1
 
Annual openings
Year ended: March 2005

            March 2005           1,271           6,396            100.0               _                  5.0
            March 2006           1,031           6,053             81.1             81.1                 5.9
            March 2007             937           5,839             73.7             90.9                 6.2
            March 2008             865           5,789             68.1             92.3                 6.7
            March 2009             785           5,400             61.8             90.8                 6.9
            March 2010             741           5,230             58.3             94.4                 7.1
            March 2011             688           5,130             54.1             92.8                 7.5
            March 2012             667           5,382             52.5             96.9                 8.1
            March 2013             635           5,346             50.0             95.2                 8.4
            March 2014             595           5,547             46.8             93.7                 9.3
            March 2015             564           5,643             44.4             94.8                10.0
            March 2016             531           5,107             41.8             94.1                 9.6
            March 2017             517           4,924             40.7             97.4                 9.5
            March 2018             488           4,713             38.4             94.4                 9.7
            March 2019             473           4,512             37.2             96.9                 9.5
            March 2020             450           4,195             35.4             95.1                 9.3
            March 2021             431           3,956             33.9             95.8                 9.2
            March 2022             414           3,954             32.6             96.1                 9.6
            March 2023             405           3,916             31.9             97.8                 9.7
            March 2024             382           4,031             30.1             94.3                10.6
 
Annual openings
Year ended: March 2006

            March 2006           1,451           7,384            100.0               _                  5.1
            March 2007           1,160           7,633             79.9             79.9                 6.6
            March 2008           1,054           7,932             72.6             90.9                 7.5
            March 2009             970           7,639             66.9             92.0                 7.9
            March 2010             909           7,677             62.6             93.7                 8.4
            March 2011             840           8,040             57.9             92.4                 9.6
            March 2012             807           8,489             55.6             96.1                10.5
            March 2013             765           8,587             52.7             94.8                11.2
            March 2014             724           8,496             49.9             94.6                11.7
            March 2015             680           8,040             46.9             93.9                11.8
            March 2016             644           7,361             44.4             94.7                11.4
            March 2017             608           7,043             41.9             94.4                11.6
            March 2018             582           6,873             40.1             95.7                11.8
            March 2019             544           6,564             37.5             93.5                12.1
            March 2020             523           6,329             36.0             96.1                12.1
            March 2021             504           5,449             34.7             96.4                10.8
            March 2022             478           5,767             32.9             94.8                12.1
            March 2023             458           5,651             31.6             95.8                12.3
            March 2024             445           5,682             30.7             97.2                12.8
 
Annual openings
Year ended: March 2007

            March 2007           1,437           7,734            100.0               _                  5.4
            March 2008           1,158           7,774             80.6             80.6                 6.7
            March 2009           1,009           7,435             70.2             87.1                 7.4
            March 2010             917           7,257             63.8             90.9                 7.9
            March 2011             845           7,636             58.8             92.1                 9.0
            March 2012             808           8,626             56.2             95.6                10.7
            March 2013             749           8,427             52.1             92.7                11.3
            March 2014             724           8,119             50.4             96.7                11.2
            March 2015             692           7,754             48.2             95.6                11.2
            March 2016             622           6,647             43.3             89.9                10.7
            March 2017             594           6,615             41.3             95.5                11.1
            March 2018             567           6,550             39.5             95.5                11.6
            March 2019             543           6,456             37.8             95.8                11.9
            March 2020             509           6,132             35.4             93.7                12.0
            March 2021             474           5,718             33.0             93.1                12.1
            March 2022             459           5,835             31.9             96.8                12.7
            March 2023             446           5,828             31.0             97.2                13.1
            March 2024             431           5,692             30.0             96.6                13.2
 
Annual openings
Year ended: March 2008

            March 2008           1,436           7,606            100.0               _                  5.3
            March 2009           1,129           7,051             78.6             78.6                 6.2
            March 2010           1,018           6,779             70.9             90.2                 6.7
            March 2011             930           6,962             64.8             91.4                 7.5
            March 2012             869           7,592             60.5             93.4                 8.7
            March 2013             794           7,826             55.3             91.4                 9.9
            March 2014             756           7,949             52.6             95.2                10.5
            March 2015             705           8,098             49.1             93.3                11.5
            March 2016             672           6,901             46.8             95.3                10.3
            March 2017             635           6,732             44.2             94.5                10.6
            March 2018             605           6,613             42.1             95.3                10.9
            March 2019             587           6,657             40.9             97.0                11.3
            March 2020             544           6,310             37.9             92.7                11.6
            March 2021             535           6,073             37.3             98.3                11.4
            March 2022             512           6,209             35.7             95.7                12.1
            March 2023             489           6,286             34.1             95.5                12.9
            March 2024             462           6,316             32.2             94.5                13.7
 
Annual openings
Year ended: March 2009

            March 2009           1,302           6,393            100.0               _                  4.9
            March 2010           1,022           5,984             78.5             78.5                 5.9
            March 2011             913           7,212             70.1             89.3                 7.9
            March 2012             857           8,945             65.8             93.9                10.4
            March 2013             800           9,127             61.4             93.3                11.4
            March 2014             745           8,835             57.2             93.1                11.9
            March 2015             688           8,509             52.8             92.3                12.4
            March 2016             649           6,346             49.8             94.3                 9.8
            March 2017             606           6,260             46.5             93.4                10.3
            March 2018             561           6,205             43.1             92.6                11.1
            March 2019             541           6,440             41.6             96.4                11.9
            March 2020             517           6,204             39.7             95.6                12.0
            March 2021             483           5,361             37.1             93.4                11.1
            March 2022             464           5,449             35.6             96.1                11.7
            March 2023             441           5,000             33.9             95.0                11.3
            March 2024             428           5,086             32.9             97.1                11.9
 
Annual openings
Year ended: March 2010

            March 2010           1,212           5,957            100.0               _                  4.9
            March 2011             984           6,950             81.2             81.2                 7.1
            March 2012             899           8,166             74.2             91.4                 9.1
            March 2013             825           7,896             68.1             91.8                 9.6
            March 2014             757           7,792             62.5             91.8                10.3
            March 2015             697           7,573             57.5             92.1                10.9
            March 2016             638           6,273             52.6             91.5                 9.8
            March 2017             578           6,006             47.7             90.6                10.4
            March 2018             547           5,906             45.1             94.6                10.8
            March 2019             522           5,920             43.1             95.4                11.3
            March 2020             503           6,139             41.5             96.4                12.2
            March 2021             472           4,967             38.9             93.8                10.5
            March 2022             452           4,777             37.3             95.8                10.6
            March 2023             432           5,208             35.6             95.6                12.1
            March 2024             408           4,995             33.7             94.4                12.2
 
Annual openings
Year ended: March 2011

            March 2011           1,711           8,228            100.0               _                  4.8
            March 2012           1,395          11,442             81.5             81.5                 8.2
            March 2013           1,254          10,875             73.3             89.9                 8.7
            March 2014           1,129          11,519             66.0             90.0                10.2
            March 2015           1,034          10,643             60.4             91.6                10.3
            March 2016             926           7,256             54.1             89.6                 7.8
            March 2017             846           6,645             49.4             91.4                 7.9
            March 2018             800           7,080             46.8             94.6                 8.9
            March 2019             735           6,966             43.0             91.9                 9.5
            March 2020             696           6,615             40.7             94.7                 9.5
            March 2021             650           5,290             38.0             93.4                 8.1
            March 2022             605           5,604             35.4             93.1                 9.3
            March 2023             575           5,881             33.6             95.0                10.2
            March 2024             538           5,767             31.4             93.6                10.7
 
Annual openings
Year ended: March 2012

            March 2012           2,607          14,634            100.0               _                  5.6
            March 2013           2,000          15,854             76.7             76.7                 7.9
            March 2014           1,705          16,215             65.4             85.3                 9.5
            March 2015           1,496          15,711             57.4             87.7                10.5
            March 2016           1,269          10,327             48.7             84.8                 8.1
            March 2017           1,096          10,051             42.0             86.4                 9.2
            March 2018           1,021          10,074             39.2             93.2                 9.9
            March 2019             962          10,322             36.9             94.2                10.7
            March 2020             897           9,654             34.4             93.2                10.8
            March 2021             814           7,530             31.2             90.7                 9.3
            March 2022             778           7,738             29.8             95.6                 9.9
            March 2023             717           8,120             27.5             92.2                11.3
            March 2024             696           8,185             26.7             97.1                11.8
 
Annual openings
Year ended: March 2013

            March 2013           2,683          13,296            100.0               _                  5.0
            March 2014           2,081          15,019             77.6             77.6                 7.2
            March 2015           1,809          14,862             67.4             86.9                 8.2
            March 2016           1,507          11,227             56.2             83.3                 7.4
            March 2017           1,324          10,220             49.3             87.9                 7.7
            March 2018           1,207          10,149             45.0             91.2                 8.4
            March 2019           1,096          10,122             40.8             90.8                 9.2
            March 2020           1,034           9,754             38.5             94.3                 9.4
            March 2021             962           8,209             35.9             93.0                 8.5
            March 2022             913           8,498             34.0             94.9                 9.3
            March 2023             867           8,490             32.3             95.0                 9.8
            March 2024             821           8,382             30.6             94.7                10.2
 
Annual openings
Year ended: March 2014

            March 2014           2,360          12,538            100.0               _                  5.3
            March 2015           1,838          12,769             77.9             77.9                 6.9
            March 2016           1,509          10,322             63.9             82.1                 6.8
            March 2017           1,295           9,877             54.9             85.8                 7.6
            March 2018           1,216          10,476             51.5             93.9                 8.6
            March 2019           1,118          10,243             47.4             91.9                 9.2
            March 2020           1,060           9,314             44.9             94.8                 8.8
            March 2021             973           8,413             41.2             91.8                 8.6
            March 2022             913           8,761             38.7             93.8                 9.6
            March 2023             867           8,751             36.7             95.0                10.1
            March 2024             827           8,740             35.0             95.4                10.6
 
Annual openings
Year ended: March 2015

            March 2015           2,297          11,650            100.0               _                  5.1
            March 2016           1,626           9,546             70.8             70.8                 5.9
            March 2017           1,421           9,020             61.9             87.4                 6.3
            March 2018           1,281           9,074             55.8             90.1                 7.1
            March 2019           1,156           9,495             50.3             90.2                 8.2
            March 2020           1,065           8,982             46.4             92.1                 8.4
            March 2021             960           7,612             41.8             90.1                 7.9
            March 2022             893           7,843             38.9             93.0                 8.8
            March 2023             850           8,075             37.0             95.2                 9.5
            March 2024             795           7,817             34.6             93.5                 9.8
 
Annual openings
Year ended: March 2016

            March 2016           1,875           9,436            100.0               _                  5.0
            March 2017           1,444           8,868             77.0             77.0                 6.1
            March 2018           1,260           8,396             67.2             87.3                 6.7
            March 2019           1,154           8,599             61.5             91.6                 7.5
            March 2020           1,040           8,217             55.5             90.1                 7.9
            March 2021             973           7,274             51.9             93.6                 7.5
            March 2022             898           7,272             47.9             92.3                 8.1
            March 2023             853           7,141             45.5             95.0                 8.4
            March 2024             798           6,999             42.6             93.6                 8.8
 
Annual openings
Year ended: March 2017

            March 2017           1,719           8,126            100.0               _                  4.7
            March 2018           1,358           7,953             79.0             79.0                 5.9
            March 2019           1,199           7,868             69.7             88.3                 6.6
            March 2020           1,065           7,544             62.0             88.8                 7.1
            March 2021             974           6,260             56.7             91.5                 6.4
            March 2022             886           6,313             51.5             91.0                 7.1
            March 2023             833           6,470             48.5             94.0                 7.8
            March 2024             778           6,341             45.3             93.4                 8.2
 
Annual openings
Year ended: March 2018

            March 2018           1,809           7,500            100.0               _                  4.1
            March 2019           1,419           7,356             78.4             78.4                 5.2
            March 2020           1,242           7,441             68.7             87.5                 6.0
            March 2021           1,087           6,306             60.1             87.5                 5.8
            March 2022             990           6,484             54.7             91.1                 6.5
            March 2023             922           6,538             51.0             93.1                 7.1
            March 2024             865           6,496             47.8             93.8                 7.5
 
Annual openings
Year ended: March 2019

            March 2019           1,820           7,812            100.0               _                  4.3
            March 2020           1,428           7,073             78.5             78.5                 5.0
            March 2021           1,211           6,309             66.5             84.8                 5.2
            March 2022           1,110           6,655             61.0             91.7                 6.0
            March 2023           1,033           6,895             56.8             93.1                 6.7
            March 2024             963           7,062             52.9             93.2                 7.3
 
Annual openings
Year ended: March 2020

            March 2020           1,876           7,395            100.0               _                  3.9
            March 2021           1,468           6,641             78.3             78.3                 4.5
            March 2022           1,299           7,132             69.2             88.5                 5.5
            March 2023           1,192           7,455             63.5             91.8                 6.3
            March 2024           1,117           7,341             59.5             93.7                 6.6
 
Annual openings
Year ended: March 2021

            March 2021           2,091           6,599            100.0               _                  3.2
            March 2022           1,621           6,903             77.5             77.5                 4.3
            March 2023           1,367           6,813             65.4             84.3                 5.0
            March 2024           1,208           6,464             57.8             88.4                 5.4
 
Annual openings
Year ended: March 2022

            March 2022           2,467           9,418            100.0               _                  3.8
            March 2023           1,907           8,991             77.3             77.3                 4.7
            March 2024           1,618           8,832             65.6             84.8                 5.5
 
Annual openings
Year ended: March 2023

            March 2023           2,859           8,811            100.0               _                  3.1
            March 2024           2,172           9,136             76.0             76.0                 4.2
 
Annual openings
Year ended: March 2024

            March 2024           2,547           8,557            100.0               _                  3.4
 
NOTE: A '_' indicates that the data are not available and a 'N' indicates that the data do not meet BLS disclosure standards.
