Table 7. Survival of private sector establishments by opening year

Total Private

Nebraska

                          Surviving       Total Employment   Survival Rates   Survival Rates of   Average Employment
                          Establishments  of Survivors       Since Birth      Previous Year's     of Survivors
                                                                              Survivors

Annual openings
Year ended: March 1994

            March 1994           3,245          20,574            100.0               _                  6.3
            March 1995           2,556          25,282             78.8             78.8                 9.9
            March 1996           2,250          25,439             69.3             88.0                11.3
            March 1997           2,052          24,361             63.2             91.2                11.9
            March 1998           1,930          23,427             59.5             94.1                12.1
            March 1999           1,788          21,747             55.1             92.6                12.2
            March 2000           1,667          20,842             51.4             93.2                12.5
            March 2001           1,510          20,634             46.5             90.6                13.7
            March 2002           1,420          19,078             43.8             94.0                13.4
            March 2003           1,349          17,378             41.6             95.0                12.9
            March 2004           1,306          16,760             40.2             96.8                12.8
            March 2005           1,245          16,218             38.4             95.3                13.0
            March 2006           1,182          15,509             36.4             94.9                13.1
            March 2007           1,135          15,134             35.0             96.0                13.3
            March 2008           1,099          14,848             33.9             96.8                13.5
            March 2009           1,048          13,260             32.3             95.4                12.7
            March 2010           1,015          12,963             31.3             96.9                12.8
            March 2011             982          12,606             30.3             96.7                12.8
            March 2012             946          12,247             29.2             96.3                12.9
            March 2013             921          12,098             28.4             97.4                13.1
            March 2014             891          12,004             27.5             96.7                13.5
            March 2015             853          11,766             26.3             95.7                13.8
            March 2016             827          11,570             25.5             97.0                14.0
            March 2017             813          11,223             25.1             98.3                13.8
            March 2018             774          11,120             23.9             95.2                14.4
            March 2019             738          10,817             22.7             95.3                14.7
            March 2020             709          10,529             21.8             96.1                14.9
            March 2021             659           9,805             20.3             92.9                14.9
            March 2022             642           9,496             19.8             97.4                14.8
            March 2023             607           9,326             18.7             94.5                15.4
            March 2024             571           9,192             17.6             94.1                16.1
 
Annual openings
Year ended: March 1995

            March 1995           3,092          23,851            100.0               _                  7.7
            March 1996           2,463          24,300             79.7             79.7                 9.9
            March 1997           2,188          24,090             70.8             88.8                11.0
            March 1998           1,945          25,053             62.9             88.9                12.9
            March 1999           1,801          17,341             58.2             92.6                 9.6
            March 2000           1,665          17,660             53.8             92.4                10.6
            March 2001           1,527          15,709             49.4             91.7                10.3
            March 2002           1,433          15,159             46.3             93.8                10.6
            March 2003           1,373          14,385             44.4             95.8                10.5
            March 2004           1,296          14,348             41.9             94.4                11.1
            March 2005           1,225          14,472             39.6             94.5                11.8
            March 2006           1,181          14,293             38.2             96.4                12.1
            March 2007           1,126          14,468             36.4             95.3                12.8
            March 2008           1,067          13,729             34.5             94.8                12.9
            March 2009           1,024          12,726             33.1             96.0                12.4
            March 2010             983          12,950             31.8             96.0                13.2
            March 2011             935          12,115             30.2             95.1                13.0
            March 2012             901          12,281             29.1             96.4                13.6
            March 2013             880          11,978             28.5             97.7                13.6
            March 2014             872          11,866             28.2             99.1                13.6
            March 2015             838          11,973             27.1             96.1                14.3
            March 2016             824          11,726             26.6             98.3                14.2
            March 2017             782          11,499             25.3             94.9                14.7
            March 2018             750          11,429             24.3             95.9                15.2
            March 2019             727          10,908             23.5             96.9                15.0
            March 2020             691          10,642             22.3             95.0                15.4
            March 2021             657          10,233             21.2             95.1                15.6
            March 2022             634          10,062             20.5             96.5                15.9
            March 2023             601           9,682             19.4             94.8                16.1
            March 2024             589           9,603             19.0             98.0                16.3
 
Annual openings
Year ended: March 1996

            March 1996           3,278          20,700            100.0               _                  6.3
            March 1997           2,650          21,622             80.8             80.8                 8.2
            March 1998           2,282          20,259             69.6             86.1                 8.9
            March 1999           2,052          19,320             62.6             89.9                 9.4
            March 2000           1,876          19,451             57.2             91.4                10.4
            March 2001           1,712          18,343             52.2             91.3                10.7
            March 2002           1,581          17,458             48.2             92.3                11.0
            March 2003           1,529          17,524             46.6             96.7                11.5
            March 2004           1,431          16,870             43.7             93.6                11.8
            March 2005           1,355          15,864             41.3             94.7                11.7
            March 2006           1,308          15,335             39.9             96.5                11.7
            March 2007           1,250          15,176             38.1             95.6                12.1
            March 2008           1,186          15,187             36.2             94.9                12.8
            March 2009           1,150          14,209             35.1             97.0                12.4
            March 2010           1,084          13,182             33.1             94.3                12.2
            March 2011           1,056          13,045             32.2             97.4                12.4
            March 2012           1,015          13,250             31.0             96.1                13.1
            March 2013             983          13,213             30.0             96.8                13.4
            March 2014             949          12,412             29.0             96.5                13.1
            March 2015             910          12,445             27.8             95.9                13.7
            March 2016             891          12,410             27.2             97.9                13.9
            March 2017             853          11,911             26.0             95.7                14.0
            March 2018             803          11,567             24.5             94.1                14.4
            March 2019             764          11,319             23.3             95.1                14.8
            March 2020             724          11,255             22.1             94.8                15.5
            March 2021             689          10,871             21.0             95.2                15.8
            March 2022             672          10,921             20.5             97.5                16.3
            March 2023             640          10,512             19.5             95.2                16.4
            March 2024             615          10,527             18.8             96.1                17.1
 
Annual openings
Year ended: March 1997

            March 1997           3,307          21,415            100.0               _                  6.5
            March 1998           2,658          20,565             80.4             80.4                 7.7
            March 1999           2,345          20,067             70.9             88.2                 8.6
            March 2000           2,133          19,206             64.5             91.0                 9.0
            March 2001           1,947          18,805             58.9             91.3                 9.7
            March 2002           1,801          17,973             54.5             92.5                10.0
            March 2003           1,704          16,972             51.5             94.6                10.0
            March 2004           1,590          17,553             48.1             93.3                11.0
            March 2005           1,512          17,383             45.7             95.1                11.5
            March 2006           1,452          17,606             43.9             96.0                12.1
            March 2007           1,393          17,502             42.1             95.9                12.6
            March 2008           1,340          17,551             40.5             96.2                13.1
            March 2009           1,281          16,182             38.7             95.6                12.6
            March 2010           1,248          15,194             37.7             97.4                12.2
            March 2011           1,188          15,338             35.9             95.2                12.9
            March 2012           1,158          15,482             35.0             97.5                13.4
            March 2013           1,114          15,433             33.7             96.2                13.9
            March 2014           1,090          15,163             33.0             97.8                13.9
            March 2015           1,031          15,134             31.2             94.6                14.7
            March 2016             987          15,100             29.8             95.7                15.3
            March 2017             950          14,883             28.7             96.3                15.7
            March 2018             909          14,243             27.5             95.7                15.7
            March 2019             872          13,296             26.4             95.9                15.2
            March 2020             844          13,409             25.5             96.8                15.9
            March 2021             815          11,436             24.6             96.6                14.0
            March 2022             771          11,412             23.3             94.6                14.8
            March 2023             717          11,296             21.7             93.0                15.8
            March 2024             669          10,961             20.2             93.3                16.4
 
Annual openings
Year ended: March 1998

            March 1998           3,291          18,837            100.0               _                  5.7
            March 1999           2,662          20,706             80.9             80.9                 7.8
            March 2000           2,320          20,453             70.5             87.2                 8.8
            March 2001           2,062          19,500             62.7             88.9                 9.5
            March 2002           1,883          17,241             57.2             91.3                 9.2
            March 2003           1,713          15,710             52.1             91.0                 9.2
            March 2004           1,627          15,132             49.4             95.0                 9.3
            March 2005           1,514          15,031             46.0             93.1                 9.9
            March 2006           1,440          14,630             43.8             95.1                10.2
            March 2007           1,357          13,940             41.2             94.2                10.3
            March 2008           1,276          13,518             38.8             94.0                10.6
            March 2009           1,206          12,482             36.6             94.5                10.3
            March 2010           1,152          11,977             35.0             95.5                10.4
            March 2011           1,101          11,533             33.5             95.6                10.5
            March 2012           1,050          11,501             31.9             95.4                11.0
            March 2013           1,008          11,307             30.6             96.0                11.2
            March 2014             990          11,308             30.1             98.2                11.4
            March 2015             942          11,560             28.6             95.2                12.3
            March 2016             908          11,496             27.6             96.4                12.7
            March 2017             865          11,348             26.3             95.3                13.1
            March 2018             825          10,855             25.1             95.4                13.2
            March 2019             791          10,626             24.0             95.9                13.4
            March 2020             759          10,411             23.1             96.0                13.7
            March 2021             723          10,283             22.0             95.3                14.2
            March 2022             699          10,530             21.2             96.7                15.1
            March 2023             662          10,901             20.1             94.7                16.5
            March 2024             626          10,855             19.0             94.6                17.3
 
Annual openings
Year ended: March 1999

            March 1999           3,342          18,362            100.0               _                  5.5
            March 2000           2,674          18,573             80.0             80.0                 6.9
            March 2001           2,311          18,497             69.2             86.4                 8.0
            March 2002           2,088          17,842             62.5             90.4                 8.5
            March 2003           1,948          16,415             58.3             93.3                 8.4
            March 2004           1,831          16,264             54.8             94.0                 8.9
            March 2005           1,715          15,880             51.3             93.7                 9.3
            March 2006           1,625          15,710             48.6             94.8                 9.7
            March 2007           1,519          14,377             45.5             93.5                 9.5
            March 2008           1,434          13,548             42.9             94.4                 9.4
            March 2009           1,371          13,070             41.0             95.6                 9.5
            March 2010           1,296          12,800             38.8             94.5                 9.9
            March 2011           1,247          12,945             37.3             96.2                10.4
            March 2012           1,210          12,677             36.2             97.0                10.5
            March 2013           1,185          12,624             35.5             97.9                10.7
            March 2014           1,104          11,981             33.0             93.2                10.9
            March 2015           1,054          11,974             31.5             95.5                11.4
            March 2016           1,028          11,884             30.8             97.5                11.6
            March 2017             976          11,689             29.2             94.9                12.0
            March 2018             927          11,471             27.7             95.0                12.4
            March 2019             899          11,183             26.9             97.0                12.4
            March 2020             854          10,629             25.6             95.0                12.4
            March 2021             803          10,291             24.0             94.0                12.8
            March 2022             782          10,208             23.4             97.4                13.1
            March 2023             737           9,923             22.1             94.2                13.5
            March 2024             717           9,943             21.5             97.3                13.9
 
Annual openings
Year ended: March 2000

            March 2000           3,524          21,961            100.0               _                  6.2
            March 2001           2,792          20,803             79.2             79.2                 7.5
            March 2002           2,431          20,258             69.0             87.1                 8.3
            March 2003           2,211          20,405             62.7             91.0                 9.2
            March 2004           2,023          20,897             57.4             91.5                10.3
            March 2005           1,872          20,553             53.1             92.5                11.0
            March 2006           1,729          20,220             49.1             92.4                11.7
            March 2007           1,636          20,117             46.4             94.6                12.3
            March 2008           1,543          18,901             43.8             94.3                12.2
            March 2009           1,474          17,390             41.8             95.5                11.8
            March 2010           1,398          16,943             39.7             94.8                12.1
            March 2011           1,323          16,629             37.5             94.6                12.6
            March 2012           1,272          16,267             36.1             96.1                12.8
            March 2013           1,224          16,415             34.7             96.2                13.4
            March 2014           1,183          16,038             33.6             96.7                13.6
            March 2015           1,111          16,008             31.5             93.9                14.4
            March 2016           1,079          15,801             30.6             97.1                14.6
            March 2017           1,033          15,425             29.3             95.7                14.9
            March 2018             996          15,054             28.3             96.4                15.1
            March 2019             979          14,515             27.8             98.3                14.8
            March 2020             930          14,252             26.4             95.0                15.3
            March 2021             883          13,430             25.1             94.9                15.2
            March 2022             854          13,089             24.2             96.7                15.3
            March 2023             806          12,986             22.9             94.4                16.1
            March 2024             770          12,820             21.9             95.5                16.6
 
Annual openings
Year ended: March 2001

            March 2001           3,468          21,778            100.0               _                  6.3
            March 2002           2,776          21,341             80.0             80.0                 7.7
            March 2003           2,435          21,042             70.2             87.7                 8.6
            March 2004           2,185          21,129             63.0             89.7                 9.7
            March 2005           1,987          20,823             57.3             90.9                10.5
            March 2006           1,825          20,390             52.6             91.8                11.2
            March 2007           1,713          20,555             49.4             93.9                12.0
            March 2008           1,605          20,674             46.3             93.7                12.9
            March 2009           1,548          19,342             44.6             96.4                12.5
            March 2010           1,438          19,062             41.5             92.9                13.3
            March 2011           1,377          18,531             39.7             95.8                13.5
            March 2012           1,336          18,562             38.5             97.0                13.9
            March 2013           1,275          18,364             36.8             95.4                14.4
            March 2014           1,226          18,156             35.4             96.2                14.8
            March 2015           1,181          18,272             34.1             96.3                15.5
            March 2016           1,139          17,882             32.8             96.4                15.7
            March 2017           1,088          17,424             31.4             95.5                16.0
            March 2018           1,038          17,480             29.9             95.4                16.8
            March 2019             991          17,108             28.6             95.5                17.3
            March 2020             944          16,026             27.2             95.3                17.0
            March 2021             902          15,600             26.0             95.6                17.3
            March 2022             854          14,648             24.6             94.7                17.2
            March 2023             825          14,204             23.8             96.6                17.2
            March 2024             783          13,831             22.6             94.9                17.7
 
Annual openings
Year ended: March 2002

            March 2002           3,544          21,621            100.0               _                  6.1
            March 2003           2,832          18,893             79.9             79.9                 6.7
            March 2004           2,444          18,153             69.0             86.3                 7.4
            March 2005           2,200          17,522             62.1             90.0                 8.0
            March 2006           2,002          16,713             56.5             91.0                 8.3
            March 2007           1,843          16,566             52.0             92.1                 9.0
            March 2008           1,722          16,208             48.6             93.4                 9.4
            March 2009           1,629          15,173             46.0             94.6                 9.3
            March 2010           1,550          14,258             43.7             95.2                 9.2
            March 2011           1,464          14,586             41.3             94.5                10.0
            March 2012           1,420          14,709             40.1             97.0                10.4
            March 2013           1,354          14,381             38.2             95.4                10.6
            March 2014           1,298          14,052             36.6             95.9                10.8
            March 2015           1,245          14,207             35.1             95.9                11.4
            March 2016           1,188          14,082             33.5             95.4                11.9
            March 2017           1,132          13,831             31.9             95.3                12.2
            March 2018           1,083          13,382             30.6             95.7                12.4
            March 2019           1,028          13,192             29.0             94.9                12.8
            March 2020             980          12,858             27.7             95.3                13.1
            March 2021             940          12,072             26.5             95.9                12.8
            March 2022             898          12,578             25.3             95.5                14.0
            March 2023             870          12,345             24.5             96.9                14.2
            March 2024             848          12,167             23.9             97.5                14.3
 
Annual openings
Year ended: March 2003

            March 2003           3,463          21,609            100.0               _                  6.2
            March 2004           2,799          21,873             80.8             80.8                 7.8
            March 2005           2,438          21,791             70.4             87.1                 8.9
            March 2006           2,224          22,050             64.2             91.2                 9.9
            March 2007           2,070          22,044             59.8             93.1                10.6
            March 2008           1,883          22,125             54.4             91.0                11.7
            March 2009           1,760          20,823             50.8             93.5                11.8
            March 2010           1,622          19,896             46.8             92.2                12.3
            March 2011           1,554          18,839             44.9             95.8                12.1
            March 2012           1,489          18,966             43.0             95.8                12.7
            March 2013           1,412          18,691             40.8             94.8                13.2
            March 2014           1,371          18,879             39.6             97.1                13.8
            March 2015           1,290          18,849             37.3             94.1                14.6
            March 2016           1,233          19,084             35.6             95.6                15.5
            March 2017           1,186          19,259             34.2             96.2                16.2
            March 2018           1,124          18,924             32.5             94.8                16.8
            March 2019           1,068          18,798             30.8             95.0                17.6
            March 2020           1,049          19,047             30.3             98.2                18.2
            March 2021           1,003          16,869             29.0             95.6                16.8
            March 2022             960          17,087             27.7             95.7                17.8
            March 2023             916          16,907             26.5             95.4                18.5
            March 2024             882          16,840             25.5             96.3                19.1
 
Annual openings
Year ended: March 2004

            March 2004           3,393          17,035            100.0               _                  5.0
            March 2005           2,746          16,943             80.9             80.9                 6.2
            March 2006           2,452          17,048             72.3             89.3                 7.0
            March 2007           2,191          16,539             64.6             89.4                 7.5
            March 2008           1,988          16,175             58.6             90.7                 8.1
            March 2009           1,835          15,071             54.1             92.3                 8.2
            March 2010           1,703          14,531             50.2             92.8                 8.5
            March 2011           1,596          14,544             47.0             93.7                 9.1
            March 2012           1,538          14,581             45.3             96.4                 9.5
            March 2013           1,443          14,393             42.5             93.8                10.0
            March 2014           1,390          14,027             41.0             96.3                10.1
            March 2015           1,317          13,916             38.8             94.7                10.6
            March 2016           1,288          14,092             38.0             97.8                10.9
            March 2017           1,239          14,085             36.5             96.2                11.4
            March 2018           1,192          13,889             35.1             96.2                11.7
            March 2019           1,131          13,827             33.3             94.9                12.2
            March 2020           1,083          13,279             31.9             95.8                12.3
            March 2021           1,048          13,006             30.9             96.8                12.4
            March 2022             999          12,965             29.4             95.3                13.0
            March 2023             934          12,693             27.5             93.5                13.6
            March 2024             890          12,354             26.2             95.3                13.9
 
Annual openings
Year ended: March 2005

            March 2005           3,615          18,836            100.0               _                  5.2
            March 2006           2,939          18,533             81.3             81.3                 6.3
            March 2007           2,569          19,538             71.1             87.4                 7.6
            March 2008           2,331          19,957             64.5             90.7                 8.6
            March 2009           2,092          17,414             57.9             89.7                 8.3
            March 2010           1,949          16,588             53.9             93.2                 8.5
            March 2011           1,861          16,502             51.5             95.5                 8.9
            March 2012           1,734          16,209             48.0             93.2                 9.3
            March 2013           1,673          16,623             46.3             96.5                 9.9
            March 2014           1,589          16,640             44.0             95.0                10.5
            March 2015           1,513          16,556             41.9             95.2                10.9
            March 2016           1,460          15,757             40.4             96.5                10.8
            March 2017           1,428          15,995             39.5             97.8                11.2
            March 2018           1,345          15,706             37.2             94.2                11.7
            March 2019           1,282          14,818             35.5             95.3                11.6
            March 2020           1,210          14,367             33.5             94.4                11.9
            March 2021           1,157          13,430             32.0             95.6                11.6
            March 2022           1,115          13,914             30.8             96.4                12.5
            March 2023           1,040          13,682             28.8             93.3                13.2
            March 2024             991          13,297             27.4             95.3                13.4
 
Annual openings
Year ended: March 2006

            March 2006           3,675          17,232            100.0               _                  4.7
            March 2007           2,917          17,082             79.4             79.4                 5.9
            March 2008           2,515          16,115             68.4             86.2                 6.4
            March 2009           2,243          15,550             61.0             89.2                 6.9
            March 2010           2,039          14,689             55.5             90.9                 7.2
            March 2011           1,870          14,574             50.9             91.7                 7.8
            March 2012           1,772          14,406             48.2             94.8                 8.1
            March 2013           1,680          14,464             45.7             94.8                 8.6
            March 2014           1,584          14,822             43.1             94.3                 9.4
            March 2015           1,517          14,804             41.3             95.8                 9.8
            March 2016           1,450          14,826             39.5             95.6                10.2
            March 2017           1,375          14,793             37.4             94.8                10.8
            March 2018           1,313          14,114             35.7             95.5                10.7
            March 2019           1,238          13,381             33.7             94.3                10.8
            March 2020           1,187          13,239             32.3             95.9                11.2
            March 2021           1,121          12,672             30.5             94.4                11.3
            March 2022           1,058          12,623             28.8             94.4                11.9
            March 2023           1,015          12,333             27.6             95.9                12.2
            March 2024             965          11,937             26.3             95.1                12.4
 
Annual openings
Year ended: March 2007

            March 2007           3,659          19,003            100.0               _                  5.2
            March 2008           2,948          19,477             80.6             80.6                 6.6
            March 2009           2,570          18,400             70.2             87.2                 7.2
            March 2010           2,290          17,327             62.6             89.1                 7.6
            March 2011           2,055          16,584             56.2             89.7                 8.1
            March 2012           1,917          16,921             52.4             93.3                 8.8
            March 2013           1,795          16,746             49.1             93.6                 9.3
            March 2014           1,691          16,719             46.2             94.2                 9.9
            March 2015           1,589          16,800             43.4             94.0                10.6
            March 2016           1,514          17,019             41.4             95.3                11.2
            March 2017           1,453          16,637             39.7             96.0                11.5
            March 2018           1,405          16,774             38.4             96.7                11.9
            March 2019           1,325          16,718             36.2             94.3                12.6
            March 2020           1,274          16,481             34.8             96.2                12.9
            March 2021           1,210          15,777             33.1             95.0                13.0
            March 2022           1,162          16,314             31.8             96.0                14.0
            March 2023           1,091          16,163             29.8             93.9                14.8
            March 2024           1,030          15,113             28.1             94.4                14.7
 
Annual openings
Year ended: March 2008

            March 2008           3,543          17,996            100.0               _                  5.1
            March 2009           2,829          17,911             79.8             79.8                 6.3
            March 2010           2,430          16,429             68.6             85.9                 6.8
            March 2011           2,235          16,416             63.1             92.0                 7.3
            March 2012           2,053          16,666             57.9             91.9                 8.1
            March 2013           1,877          16,268             53.0             91.4                 8.7
            March 2014           1,757          16,037             49.6             93.6                 9.1
            March 2015           1,648          16,075             46.5             93.8                 9.8
            March 2016           1,552          16,717             43.8             94.2                10.8
            March 2017           1,483          16,463             41.9             95.6                11.1
            March 2018           1,405          15,831             39.7             94.7                11.3
            March 2019           1,326          15,711             37.4             94.4                11.8
            March 2020           1,283          15,784             36.2             96.8                12.3
            March 2021           1,218          14,642             34.4             94.9                12.0
            March 2022           1,156          14,520             32.6             94.9                12.6
            March 2023           1,085          14,596             30.6             93.9                13.5
            March 2024           1,065          14,614             30.1             98.2                13.7
 
Annual openings
Year ended: March 2009

            March 2009           3,265          16,076            100.0               _                  4.9
            March 2010           2,584          14,955             79.1             79.1                 5.8
            March 2011           2,254          15,020             69.0             87.2                 6.7
            March 2012           2,045          15,784             62.6             90.7                 7.7
            March 2013           1,889          15,145             57.9             92.4                 8.0
            March 2014           1,752          15,050             53.7             92.7                 8.6
            March 2015           1,622          14,338             49.7             92.6                 8.8
            March 2016           1,543          13,843             47.3             95.1                 9.0
            March 2017           1,455          13,520             44.6             94.3                 9.3
            March 2018           1,389          13,724             42.5             95.5                 9.9
            March 2019           1,300          13,346             39.8             93.6                10.3
            March 2020           1,233          12,970             37.8             94.8                10.5
            March 2021           1,183          12,798             36.2             95.9                10.8
            March 2022           1,120          12,392             34.3             94.7                11.1
            March 2023           1,057          13,211             32.4             94.4                12.5
            March 2024           1,024          13,005             31.4             96.9                12.7
 
Annual openings
Year ended: March 2010

            March 2010           3,001          12,048            100.0               _                  4.0
            March 2011           2,406          12,097             80.2             80.2                 5.0
            March 2012           2,114          11,831             70.4             87.9                 5.6
            March 2013           1,907          11,855             63.5             90.2                 6.2
            March 2014           1,781          11,511             59.3             93.4                 6.5
            March 2015           1,663          11,339             55.4             93.4                 6.8
            March 2016           1,534          11,374             51.1             92.2                 7.4
            March 2017           1,472          11,073             49.1             96.0                 7.5
            March 2018           1,372          11,012             45.7             93.2                 8.0
            March 2019           1,299          10,612             43.3             94.7                 8.2
            March 2020           1,219          10,285             40.6             93.8                 8.4
            March 2021           1,170           9,450             39.0             96.0                 8.1
            March 2022           1,128           9,843             37.6             96.4                 8.7
            March 2023           1,065          10,028             35.5             94.4                 9.4
            March 2024           1,006           9,917             33.5             94.5                 9.9
 
Annual openings
Year ended: March 2011

            March 2011           3,302          14,822            100.0               _                  4.5
            March 2012           2,710          14,214             82.1             82.1                 5.2
            March 2013           2,425          14,076             73.4             89.5                 5.8
            March 2014           2,166          13,714             65.6             89.3                 6.3
            March 2015           1,950          13,435             59.1             90.0                 6.9
            March 2016           1,804          13,096             54.6             92.5                 7.3
            March 2017           1,698          12,878             51.4             94.1                 7.6
            March 2018           1,557          12,288             47.2             91.7                 7.9
            March 2019           1,473          11,933             44.6             94.6                 8.1
            March 2020           1,370          11,420             41.5             93.0                 8.3
            March 2021           1,303          10,876             39.5             95.1                 8.3
            March 2022           1,239          10,921             37.5             95.1                 8.8
            March 2023           1,170          11,071             35.4             94.4                 9.5
            March 2024           1,106          11,351             33.5             94.5                10.3
 
Annual openings
Year ended: March 2012

            March 2012           7,625          19,319            100.0               _                  2.5
            March 2013           5,624          17,402             73.8             73.8                 3.1
            March 2014           4,967          16,959             65.1             88.3                 3.4
            March 2015           4,255          16,321             55.8             85.7                 3.8
            March 2016           3,719          15,981             48.8             87.4                 4.3
            March 2017           3,235          15,688             42.4             87.0                 4.8
            March 2018           2,742          14,774             36.0             84.8                 5.4
            March 2019           2,448          14,374             32.1             89.3                 5.9
            March 2020           2,219          13,897             29.1             90.6                 6.3
            March 2021           1,962          13,262             25.7             88.4                 6.8
            March 2022           1,729          12,636             22.7             88.1                 7.3
            March 2023           1,596          12,925             20.9             92.3                 8.1
            March 2024           1,463          12,439             19.2             91.7                 8.5
 
Annual openings
Year ended: March 2013

            March 2013           5,244          16,352            100.0               _                  3.1
            March 2014           4,151          15,792             79.2             79.2                 3.8
            March 2015           3,533          15,718             67.4             85.1                 4.4
            March 2016           3,075          15,684             58.6             87.0                 5.1
            March 2017           2,678          15,400             51.1             87.1                 5.8
            March 2018           2,354          14,581             44.9             87.9                 6.2
            March 2019           2,186          13,952             41.7             92.9                 6.4
            March 2020           1,995          13,352             38.0             91.3                 6.7
            March 2021           1,790          13,154             34.1             89.7                 7.3
            March 2022           1,667          13,593             31.8             93.1                 8.2
            March 2023           1,586          13,807             30.2             95.1                 8.7
            March 2024           1,473          13,279             28.1             92.9                 9.0
 
Annual openings
Year ended: March 2014

            March 2014           4,956          18,800            100.0               _                  3.8
            March 2015           3,869          18,499             78.1             78.1                 4.8
            March 2016           3,347          18,127             67.5             86.5                 5.4
            March 2017           2,869          17,378             57.9             85.7                 6.1
            March 2018           2,536          17,036             51.2             88.4                 6.7
            March 2019           2,295          16,656             46.3             90.5                 7.3
            March 2020           2,080          16,204             42.0             90.6                 7.8
            March 2021           1,877          15,471             37.9             90.2                 8.2
            March 2022           1,766          15,715             35.6             94.1                 8.9
            March 2023           1,647          15,587             33.2             93.3                 9.5
            March 2024           1,547          14,800             31.2             93.9                 9.6
 
Annual openings
Year ended: March 2015

            March 2015           4,652          17,739            100.0               _                  3.8
            March 2016           3,651          17,119             78.5             78.5                 4.7
            March 2017           3,126          16,409             67.2             85.6                 5.2
            March 2018           2,723          16,019             58.5             87.1                 5.9
            March 2019           2,442          15,416             52.5             89.7                 6.3
            March 2020           2,236          15,024             48.1             91.6                 6.7
            March 2021           2,023          15,074             43.5             90.5                 7.5
            March 2022           1,905          15,364             41.0             94.2                 8.1
            March 2023           1,719          14,736             37.0             90.2                 8.6
            March 2024           1,627          14,644             35.0             94.6                 9.0
 
Annual openings
Year ended: March 2016

            March 2016           4,759          16,713            100.0               _                  3.5
            March 2017           3,676          16,153             77.2             77.2                 4.4
            March 2018           3,136          15,999             65.9             85.3                 5.1
            March 2019           2,786          15,698             58.5             88.8                 5.6
            March 2020           2,504          15,471             52.6             89.9                 6.2
            March 2021           2,292          15,355             48.2             91.5                 6.7
            March 2022           2,154          15,928             45.3             94.0                 7.4
            March 2023           1,994          16,210             41.9             92.6                 8.1
            March 2024           1,882          16,569             39.5             94.4                 8.8
 
Annual openings
Year ended: March 2017

            March 2017           4,612          17,907            100.0               _                  3.9
            March 2018           3,547          17,961             76.9             76.9                 5.1
            March 2019           3,050          17,258             66.1             86.0                 5.7
            March 2020           2,700          17,627             58.5             88.5                 6.5
            March 2021           2,452          16,421             53.2             90.8                 6.7
            March 2022           2,227          16,611             48.3             90.8                 7.5
            March 2023           2,076          16,648             45.0             93.2                 8.0
            March 2024           1,905          16,372             41.3             91.8                 8.6
 
Annual openings
Year ended: March 2018

            March 2018           4,538          16,987            100.0               _                  3.7
            March 2019           3,572          17,307             78.7             78.7                 4.8
            March 2020           3,046          18,736             67.1             85.3                 6.2
            March 2021           2,761          18,033             60.8             90.6                 6.5
            March 2022           2,528          18,233             55.7             91.6                 7.2
            March 2023           2,310          18,479             50.9             91.4                 8.0
            March 2024           2,136          18,409             47.1             92.5                 8.6
 
Annual openings
Year ended: March 2019

            March 2019           4,846          18,625            100.0               _                  3.8
            March 2020           3,859          18,792             79.6             79.6                 4.9
            March 2021           3,323          18,567             68.6             86.1                 5.6
            March 2022           2,990          19,183             61.7             90.0                 6.4
            March 2023           2,650          19,490             54.7             88.6                 7.4
            March 2024           2,435          20,092             50.2             91.9                 8.3
 
Annual openings
Year ended: March 2020

            March 2020           4,648          18,347            100.0               _                  3.9
            March 2021           3,596          17,417             77.4             77.4                 4.8
            March 2022           3,235          18,354             69.6             90.0                 5.7
            March 2023           2,840          18,382             61.1             87.8                 6.5
            March 2024           2,584          17,572             55.6             91.0                 6.8
 
Annual openings
Year ended: March 2021

            March 2021           5,070          17,256            100.0               _                  3.4
            March 2022           4,006          17,835             79.0             79.0                 4.5
            March 2023           3,344          17,386             66.0             83.5                 5.2
            March 2024           3,014          16,876             59.4             90.1                 5.6
 
Annual openings
Year ended: March 2022

            March 2022           5,665          19,694            100.0               _                  3.5
            March 2023           4,351          20,705             76.8             76.8                 4.8
            March 2024           3,671          20,349             64.8             84.4                 5.5
 
Annual openings
Year ended: March 2023

            March 2023           6,423          21,767            100.0               _                  3.4
            March 2024           5,020          22,050             78.2             78.2                 4.4
 
Annual openings
Year ended: March 2024

            March 2024           5,508          20,610            100.0               _                  3.7
 
NOTE: A '_' indicates that the data are not available and a 'N' indicates that the data do not meet BLS disclosure standards.
