Table 7. Survival of private sector establishments by opening year

Total Private

New Hampshire

                          Surviving       Total Employment   Survival Rates   Survival Rates of   Average Employment
                          Establishments  of Survivors       Since Birth      Previous Year's     of Survivors
                                                                              Survivors

Annual openings
Year ended: March 1994

            March 1994           3,456          20,415            100.0               _                  5.9
            March 1995           2,752          21,169             79.6             79.6                 7.7
            March 1996           2,379          21,568             68.8             86.4                 9.1
            March 1997           2,127          21,991             61.5             89.4                10.3
            March 1998           1,951          22,518             56.5             91.7                11.5
            March 1999           1,812          22,560             52.4             92.9                12.5
            March 2000           1,700          22,821             49.2             93.8                13.4
            March 2001           1,563          22,752             45.2             91.9                14.6
            March 2002           1,461          20,629             42.3             93.5                14.1
            March 2003           1,359          19,872             39.3             93.0                14.6
            March 2004           1,284          19,236             37.2             94.5                15.0
            March 2005           1,219          18,277             35.3             94.9                15.0
            March 2006           1,166          17,979             33.7             95.7                15.4
            March 2007           1,098          17,584             31.8             94.2                16.0
            March 2008           1,039          17,848             30.1             94.6                17.2
            March 2009             972          16,217             28.1             93.6                16.7
            March 2010             929          15,965             26.9             95.6                17.2
            March 2011             902          15,665             26.1             97.1                17.4
            March 2012             864          15,903             25.0             95.8                18.4
            March 2013             845          15,864             24.5             97.8                18.8
            March 2014             818          15,616             23.7             96.8                19.1
            March 2015             788          15,536             22.8             96.3                19.7
            March 2016             764          15,806             22.1             97.0                20.7
            March 2017             726          15,778             21.0             95.0                21.7
            March 2018             710          15,490             20.5             97.8                21.8
            March 2019             677          15,436             19.6             95.4                22.8
            March 2020             649          15,380             18.8             95.9                23.7
            March 2021             619          14,872             17.9             95.4                24.0
            March 2022             590          15,076             17.1             95.3                25.6
            March 2023             569          14,725             16.5             96.4                25.9
            March 2024             539          14,447             15.6             94.7                26.8
 
Annual openings
Year ended: March 1995

            March 1995           3,526          19,667            100.0               _                  5.6
            March 1996           2,841          19,351             80.6             80.6                 6.8
            March 1997           2,419          18,640             68.6             85.1                 7.7
            March 1998           2,152          18,476             61.0             89.0                 8.6
            March 1999           1,977          18,130             56.1             91.9                 9.2
            March 2000           1,788          17,541             50.7             90.4                 9.8
            March 2001           1,668          17,573             47.3             93.3                10.5
            March 2002           1,528          16,492             43.3             91.6                10.8
            March 2003           1,425          15,583             40.4             93.3                10.9
            March 2004           1,344          15,059             38.1             94.3                11.2
            March 2005           1,265          14,848             35.9             94.1                11.7
            March 2006           1,229          15,243             34.9             97.2                12.4
            March 2007           1,178          15,012             33.4             95.9                12.7
            March 2008           1,095          14,687             31.1             93.0                13.4
            March 2009           1,029          13,608             29.2             94.0                13.2
            March 2010             969          13,232             27.5             94.2                13.7
            March 2011             913          13,056             25.9             94.2                14.3
            March 2012             892          12,753             25.3             97.7                14.3
            March 2013             853          12,276             24.2             95.6                14.4
            March 2014             834          11,716             23.7             97.8                14.0
            March 2015             810          11,736             23.0             97.1                14.5
            March 2016             799          11,379             22.7             98.6                14.2
            March 2017             769          11,258             21.8             96.2                14.6
            March 2018             722          10,854             20.5             93.9                15.0
            March 2019             710          10,716             20.1             98.3                15.1
            March 2020             680          10,469             19.3             95.8                15.4
            March 2021             649           9,742             18.4             95.4                15.0
            March 2022             633           9,724             18.0             97.5                15.4
            March 2023             597           9,793             16.9             94.3                16.4
            March 2024             567           9,628             16.1             95.0                17.0
 
Annual openings
Year ended: March 1996

            March 1996           3,701          24,253            100.0               _                  6.6
            March 1997           2,933          24,353             79.2             79.2                 8.3
            March 1998           2,572          24,780             69.5             87.7                 9.6
            March 1999           2,279          23,957             61.6             88.6                10.5
            March 2000           2,048          22,817             55.3             89.9                11.1
            March 2001           1,852          22,444             50.0             90.4                12.1
            March 2002           1,678          19,123             45.3             90.6                11.4
            March 2003           1,550          18,300             41.9             92.4                11.8
            March 2004           1,460          18,728             39.4             94.2                12.8
            March 2005           1,373          18,925             37.1             94.0                13.8
            March 2006           1,315          19,155             35.5             95.8                14.6
            March 2007           1,239          19,322             33.5             94.2                15.6
            March 2008           1,180          19,129             31.9             95.2                16.2
            March 2009           1,121          19,086             30.3             95.0                17.0
            March 2010           1,038          18,462             28.0             92.6                17.8
            March 2011             986          18,638             26.6             95.0                18.9
            March 2012             945          18,785             25.5             95.8                19.9
            March 2013             921          18,249             24.9             97.5                19.8
            March 2014             889          18,295             24.0             96.5                20.6
            March 2015             854          18,704             23.1             96.1                21.9
            March 2016             838          18,846             22.6             98.1                22.5
            March 2017             808          19,332             21.8             96.4                23.9
            March 2018             775          19,138             20.9             95.9                24.7
            March 2019             736          19,615             19.9             95.0                26.7
            March 2020             710          19,527             19.2             96.5                27.5
            March 2021             681          18,351             18.4             95.9                26.9
            March 2022             648          17,456             17.5             95.2                26.9
            March 2023             629          17,315             17.0             97.1                27.5
            March 2024             595          17,337             16.1             94.6                29.1
 
Annual openings
Year ended: March 1997

            March 1997           3,758          18,743            100.0               _                  5.0
            March 1998           2,999          19,486             79.8             79.8                 6.5
            March 1999           2,562          19,025             68.2             85.4                 7.4
            March 2000           2,221          18,568             59.1             86.7                 8.4
            March 2001           1,950          17,438             51.9             87.8                 8.9
            March 2002           1,705          15,694             45.4             87.4                 9.2
            March 2003           1,586          15,501             42.2             93.0                 9.8
            March 2004           1,475          15,337             39.2             93.0                10.4
            March 2005           1,358          15,441             36.1             92.1                11.4
            March 2006           1,292          15,327             34.4             95.1                11.9
            March 2007           1,216          15,006             32.4             94.1                12.3
            March 2008           1,139          15,702             30.3             93.7                13.8
            March 2009           1,068          13,861             28.4             93.8                13.0
            March 2010             998          13,440             26.6             93.4                13.5
            March 2011             952          13,521             25.3             95.4                14.2
            March 2012             924          13,042             24.6             97.1                14.1
            March 2013             881          13,060             23.4             95.3                14.8
            March 2014             868          13,058             23.1             98.5                15.0
            March 2015             840          13,246             22.4             96.8                15.8
            March 2016             815          13,526             21.7             97.0                16.6
            March 2017             780          13,524             20.8             95.7                17.3
            March 2018             747          12,998             19.9             95.8                17.4
            March 2019             712          12,676             18.9             95.3                17.8
            March 2020             671          12,392             17.9             94.2                18.5
            March 2021             634          11,931             16.9             94.5                18.8
            March 2022             612          12,590             16.3             96.5                20.6
            March 2023             578          12,240             15.4             94.4                21.2
            March 2024             557          11,584             14.8             96.4                20.8
 
Annual openings
Year ended: March 1998

            March 1998           3,753          19,687            100.0               _                  5.2
            March 1999           2,913          21,246             77.6             77.6                 7.3
            March 2000           2,463          21,002             65.6             84.6                 8.5
            March 2001           2,185          20,030             58.2             88.7                 9.2
            March 2002           1,908          18,468             50.8             87.3                 9.7
            March 2003           1,722          17,490             45.9             90.3                10.2
            March 2004           1,603          17,364             42.7             93.1                10.8
            March 2005           1,467          17,377             39.1             91.5                11.8
            March 2006           1,371          16,782             36.5             93.5                12.2
            March 2007           1,290          16,765             34.4             94.1                13.0
            March 2008           1,188          16,446             31.7             92.1                13.8
            March 2009           1,099          15,254             29.3             92.5                13.9
            March 2010           1,045          14,187             27.8             95.1                13.6
            March 2011             996          13,971             26.5             95.3                14.0
            March 2012             943          13,990             25.1             94.7                14.8
            March 2013             908          13,593             24.2             96.3                15.0
            March 2014             861          13,515             22.9             94.8                15.7
            March 2015             819          13,064             21.8             95.1                16.0
            March 2016             795          13,427             21.2             97.1                16.9
            March 2017             744          12,958             19.8             93.6                17.4
            March 2018             719          12,797             19.2             96.6                17.8
            March 2019             694          12,491             18.5             96.5                18.0
            March 2020             675          12,124             18.0             97.3                18.0
            March 2021             642          11,567             17.1             95.1                18.0
            March 2022             624          11,745             16.6             97.2                18.8
            March 2023             607          11,085             16.2             97.3                18.3
            March 2024             577          11,063             15.4             95.1                19.2
 
Annual openings
Year ended: March 1999

            March 1999           3,859          19,627            100.0               _                  5.1
            March 2000           3,027          21,012             78.4             78.4                 6.9
            March 2001           2,564          20,759             66.4             84.7                 8.1
            March 2002           2,198          20,289             57.0             85.7                 9.2
            March 2003           1,930          18,300             50.0             87.8                 9.5
            March 2004           1,807          18,120             46.8             93.6                10.0
            March 2005           1,664          17,874             43.1             92.1                10.7
            March 2006           1,542          17,194             40.0             92.7                11.2
            March 2007           1,425          16,781             36.9             92.4                11.8
            March 2008           1,320          16,263             34.2             92.6                12.3
            March 2009           1,208          13,987             31.3             91.5                11.6
            March 2010           1,131          13,183             29.3             93.6                11.7
            March 2011           1,071          13,383             27.8             94.7                12.5
            March 2012           1,026          12,968             26.6             95.8                12.6
            March 2013             985          12,845             25.5             96.0                13.0
            March 2014             948          12,671             24.6             96.2                13.4
            March 2015             902          12,087             23.4             95.1                13.4
            March 2016             868          12,079             22.5             96.2                13.9
            March 2017             821          12,026             21.3             94.6                14.6
            March 2018             794          12,055             20.6             96.7                15.2
            March 2019             762          11,517             19.7             96.0                15.1
            March 2020             734          11,450             19.0             96.3                15.6
            March 2021             703          11,028             18.2             95.8                15.7
            March 2022             669          11,348             17.3             95.2                17.0
            March 2023             650          11,387             16.8             97.2                17.5
            March 2024             637          10,978             16.5             98.0                17.2
 
Annual openings
Year ended: March 2000

            March 2000           3,825          20,641            100.0               _                  5.4
            March 2001           2,913          20,250             76.2             76.2                 7.0
            March 2002           2,407          18,575             62.9             82.6                 7.7
            March 2003           2,103          17,608             55.0             87.4                 8.4
            March 2004           1,891          17,193             49.4             89.9                 9.1
            March 2005           1,767          16,551             46.2             93.4                 9.4
            March 2006           1,644          16,402             43.0             93.0                10.0
            March 2007           1,517          15,778             39.7             92.3                10.4
            March 2008           1,396          14,851             36.5             92.0                10.6
            March 2009           1,283          13,620             33.5             91.9                10.6
            March 2010           1,167          13,071             30.5             91.0                11.2
            March 2011           1,104          12,868             28.9             94.6                11.7
            March 2012           1,047          13,051             27.4             94.8                12.5
            March 2013           1,003          12,855             26.2             95.8                12.8
            March 2014           1,005          12,776             26.3            100.2                12.7
            March 2015             946          12,983             24.7             94.1                13.7
            March 2016             908          12,723             23.7             96.0                14.0
            March 2017             867          12,531             22.7             95.5                14.5
            March 2018             849          12,629             22.2             97.9                14.9
            March 2019             811          12,139             21.2             95.5                15.0
            March 2020             771          11,894             20.2             95.1                15.4
            March 2021             743          11,188             19.4             96.4                15.1
            March 2022             729          11,787             19.1             98.1                16.2
            March 2023             692          11,338             18.1             94.9                16.4
            March 2024             651          11,458             17.0             94.1                17.6
 
Annual openings
Year ended: March 2001

            March 2001           4,100          21,147            100.0               _                  5.2
            March 2002           2,978          20,327             72.6             72.6                 6.8
            March 2003           2,472          19,087             60.3             83.0                 7.7
            March 2004           2,140          18,834             52.2             86.6                 8.8
            March 2005           1,893          17,998             46.2             88.5                 9.5
            March 2006           1,712          17,528             41.8             90.4                10.2
            March 2007           1,577          17,358             38.5             92.1                11.0
            March 2008           1,482          16,892             36.1             94.0                11.4
            March 2009           1,366          15,873             33.3             92.2                11.6
            March 2010           1,288          14,978             31.4             94.3                11.6
            March 2011           1,217          14,772             29.7             94.5                12.1
            March 2012           1,150          14,498             28.0             94.5                12.6
            March 2013           1,099          14,786             26.8             95.6                13.5
            March 2014           1,062          14,833             25.9             96.6                14.0
            March 2015           1,028          14,606             25.1             96.8                14.2
            March 2016             981          14,508             23.9             95.4                14.8
            March 2017             940          14,199             22.9             95.8                15.1
            March 2018             891          13,991             21.7             94.8                15.7
            March 2019             869          13,356             21.2             97.5                15.4
            March 2020             832          12,736             20.3             95.7                15.3
            March 2021             786          11,369             19.2             94.5                14.5
            March 2022             754          11,781             18.4             95.9                15.6
            March 2023             707          11,537             17.2             93.8                16.3
            March 2024             688          11,206             16.8             97.3                16.3
 
Annual openings
Year ended: March 2002

            March 2002           3,482          17,166            100.0               _                  4.9
            March 2003           2,679          16,315             76.9             76.9                 6.1
            March 2004           2,292          16,133             65.8             85.6                 7.0
            March 2005           2,024          15,520             58.1             88.3                 7.7
            March 2006           1,794          15,163             51.5             88.6                 8.5
            March 2007           1,640          14,591             47.1             91.4                 8.9
            March 2008           1,501          13,962             43.1             91.5                 9.3
            March 2009           1,326          12,508             38.1             88.3                 9.4
            March 2010           1,240          11,979             35.6             93.5                 9.7
            March 2011           1,197          11,901             34.4             96.5                 9.9
            March 2012           1,127          11,957             32.4             94.2                10.6
            March 2013           1,079          11,385             31.0             95.7                10.6
            March 2014           1,035          11,136             29.7             95.9                10.8
            March 2015             993          10,854             28.5             95.9                10.9
            March 2016             948          10,861             27.2             95.5                11.5
            March 2017             909          10,539             26.1             95.9                11.6
            March 2018             853          10,192             24.5             93.8                11.9
            March 2019             814           9,945             23.4             95.4                12.2
            March 2020             789           9,926             22.7             96.9                12.6
            March 2021             738           9,290             21.2             93.5                12.6
            March 2022             714           9,488             20.5             96.7                13.3
            March 2023             671           9,355             19.3             94.0                13.9
            March 2024             635           9,375             18.2             94.6                14.8
 
Annual openings
Year ended: March 2003

            March 2003           3,456          16,791            100.0               _                  4.9
            March 2004           2,692          17,445             77.9             77.9                 6.5
            March 2005           2,281          17,029             66.0             84.7                 7.5
            March 2006           2,032          16,360             58.8             89.1                 8.1
            March 2007           1,804          15,779             52.2             88.8                 8.7
            March 2008           1,626          14,786             47.0             90.1                 9.1
            March 2009           1,437          13,866             41.6             88.4                 9.6
            March 2010           1,309          13,364             37.9             91.1                10.2
            March 2011           1,217          13,176             35.2             93.0                10.8
            March 2012           1,121          13,315             32.4             92.1                11.9
            March 2013           1,067          13,145             30.9             95.2                12.3
            March 2014           1,011          12,416             29.3             94.8                12.3
            March 2015             962          12,451             27.8             95.2                12.9
            March 2016             928          12,683             26.9             96.5                13.7
            March 2017             883          12,677             25.5             95.2                14.4
            March 2018             856          12,563             24.8             96.9                14.7
            March 2019             817          12,261             23.6             95.4                15.0
            March 2020             780          11,981             22.6             95.5                15.4
            March 2021             750          11,061             21.7             96.2                14.7
            March 2022             739          11,362             21.4             98.5                15.4
            March 2023             690          11,268             20.0             93.4                16.3
            March 2024             653          10,864             18.9             94.6                16.6
 
Annual openings
Year ended: March 2004

            March 2004           3,746          15,556            100.0               _                  4.2
            March 2005           2,846          15,171             76.0             76.0                 5.3
            March 2006           2,470          15,237             65.9             86.8                 6.2
            March 2007           2,183          14,615             58.3             88.4                 6.7
            March 2008           1,946          14,025             51.9             89.1                 7.2
            March 2009           1,732          13,260             46.2             89.0                 7.7
            March 2010           1,587          12,543             42.4             91.6                 7.9
            March 2011           1,440          12,064             38.4             90.7                 8.4
            March 2012           1,340          12,141             35.8             93.1                 9.1
            March 2013           1,243          11,739             33.2             92.8                 9.4
            March 2014           1,190          11,938             31.8             95.7                10.0
            March 2015           1,125          11,815             30.0             94.5                10.5
            March 2016           1,070          11,611             28.6             95.1                10.9
            March 2017           1,030          11,480             27.5             96.3                11.1
            March 2018             976          11,235             26.1             94.8                11.5
            March 2019             933          11,215             24.9             95.6                12.0
            March 2020             896          10,719             23.9             96.0                12.0
            March 2021             852           9,820             22.7             95.1                11.5
            March 2022             814          10,091             21.7             95.5                12.4
            March 2023             762           9,573             20.3             93.6                12.6
            March 2024             720           9,398             19.2             94.5                13.1
 
Annual openings
Year ended: March 2005

            March 2005           3,676          14,819            100.0               _                  4.0
            March 2006           2,783          14,871             75.7             75.7                 5.3
            March 2007           2,383          14,188             64.8             85.6                 6.0
            March 2008           2,047          13,516             55.7             85.9                 6.6
            March 2009           1,787          12,148             48.6             87.3                 6.8
            March 2010           1,595          11,453             43.4             89.3                 7.2
            March 2011           1,459          11,260             39.7             91.5                 7.7
            March 2012           1,353          10,864             36.8             92.7                 8.0
            March 2013           1,258          10,501             34.2             93.0                 8.3
            March 2014           1,175          10,577             32.0             93.4                 9.0
            March 2015           1,099          10,439             29.9             93.5                 9.5
            March 2016           1,044          10,414             28.4             95.0                10.0
            March 2017             988          10,483             26.9             94.6                10.6
            March 2018             945          10,399             25.7             95.6                11.0
            March 2019             901          10,130             24.5             95.3                11.2
            March 2020             857           9,886             23.3             95.1                11.5
            March 2021             828           9,380             22.5             96.6                11.3
            March 2022             787           9,545             21.4             95.0                12.1
            March 2023             751           9,501             20.4             95.4                12.7
            March 2024             717           9,354             19.5             95.5                13.0
 
Annual openings
Year ended: March 2006

            March 2006           3,829          16,245            100.0               _                  4.2
            March 2007           2,893          15,123             75.6             75.6                 5.2
            March 2008           2,408          14,363             62.9             83.2                 6.0
            March 2009           2,090          13,255             54.6             86.8                 6.3
            March 2010           1,826          12,580             47.7             87.4                 6.9
            March 2011           1,646          12,212             43.0             90.1                 7.4
            March 2012           1,528          12,617             39.9             92.8                 8.3
            March 2013           1,412          12,371             36.9             92.4                 8.8
            March 2014           1,342          12,122             35.0             95.0                 9.0
            March 2015           1,258          11,953             32.9             93.7                 9.5
            March 2016           1,178          11,930             30.8             93.6                10.1
            March 2017           1,119          11,844             29.2             95.0                10.6
            March 2018           1,067          11,762             27.9             95.4                11.0
            March 2019           1,023          11,543             26.7             95.9                11.3
            March 2020             962          10,987             25.1             94.0                11.4
            March 2021             909          10,191             23.7             94.5                11.2
            March 2022             855          10,456             22.3             94.1                12.2
            March 2023             804          10,296             21.0             94.0                12.8
            March 2024             788          10,369             20.6             98.0                13.2
 
Annual openings
Year ended: March 2007

            March 2007           3,587          12,744            100.0               _                  3.6
            March 2008           2,708          12,824             75.5             75.5                 4.7
            March 2009           2,197          11,571             61.2             81.1                 5.3
            March 2010           1,890          10,738             52.7             86.0                 5.7
            March 2011           1,691          10,466             47.1             89.5                 6.2
            March 2012           1,526          10,178             42.5             90.2                 6.7
            March 2013           1,413          10,128             39.4             92.6                 7.2
            March 2014           1,339          10,253             37.3             94.8                 7.7
            March 2015           1,240          10,192             34.6             92.6                 8.2
            March 2016           1,184          10,317             33.0             95.5                 8.7
            March 2017           1,120          10,151             31.2             94.6                 9.1
            March 2018           1,036           9,991             28.9             92.5                 9.6
            March 2019             979           9,753             27.3             94.5                10.0
            March 2020             912           9,496             25.4             93.2                10.4
            March 2021             888           9,231             24.8             97.4                10.4
            March 2022             821           9,565             22.9             92.5                11.7
            March 2023             772           9,384             21.5             94.0                12.2
            March 2024             745           9,027             20.8             96.5                12.1
 
Annual openings
Year ended: March 2008

            March 2008           3,368          11,827            100.0               _                  3.5
            March 2009           2,413          11,385             71.6             71.6                 4.7
            March 2010           2,015          11,145             59.8             83.5                 5.5
            March 2011           1,814          11,009             53.9             90.0                 6.1
            March 2012           1,619          11,140             48.1             89.3                 6.9
            March 2013           1,498          10,864             44.5             92.5                 7.3
            March 2014           1,386          10,741             41.2             92.5                 7.7
            March 2015           1,299          10,636             38.6             93.7                 8.2
            March 2016           1,205          10,440             35.8             92.8                 8.7
            March 2017           1,132          10,227             33.6             93.9                 9.0
            March 2018           1,043           9,871             31.0             92.1                 9.5
            March 2019             977           9,712             29.0             93.7                 9.9
            March 2020             914           9,183             27.1             93.6                10.0
            March 2021             870           8,921             25.8             95.2                10.3
            March 2022             834           8,965             24.8             95.9                10.7
            March 2023             789           9,306             23.4             94.6                11.8
            March 2024             762           8,963             22.6             96.6                11.8
 
Annual openings
Year ended: March 2009

            March 2009           3,160          10,962            100.0               _                  3.5
            March 2010           2,356          10,204             74.6             74.6                 4.3
            March 2011           2,005           9,879             63.4             85.1                 4.9
            March 2012           1,799           9,640             56.9             89.7                 5.4
            March 2013           1,659           9,556             52.5             92.2                 5.8
            March 2014           1,481           9,569             46.9             89.3                 6.5
            March 2015           1,341           9,449             42.4             90.5                 7.0
            March 2016           1,241           9,438             39.3             92.5                 7.6
            March 2017           1,183           9,238             37.4             95.3                 7.8
            March 2018           1,105           9,286             35.0             93.4                 8.4
            March 2019           1,027           9,217             32.5             92.9                 9.0
            March 2020             952           9,253             30.1             92.7                 9.7
            March 2021             919           8,741             29.1             96.5                 9.5
            March 2022             866           8,684             27.4             94.2                10.0
            March 2023             825           8,557             26.1             95.3                10.4
            March 2024             787           8,696             24.9             95.4                11.0
 
Annual openings
Year ended: March 2010

            March 2010           2,855          10,417            100.0               _                  3.6
            March 2011           2,188          10,460             76.6             76.6                 4.8
            March 2012           1,873          10,728             65.6             85.6                 5.7
            March 2013           1,656          10,320             58.0             88.4                 6.2
            March 2014           1,531          10,293             53.6             92.5                 6.7
            March 2015           1,386          10,321             48.5             90.5                 7.4
            March 2016           1,287          10,338             45.1             92.9                 8.0
            March 2017           1,197          10,177             41.9             93.0                 8.5
            March 2018           1,130          10,200             39.6             94.4                 9.0
            March 2019           1,084          10,182             38.0             95.9                 9.4
            March 2020           1,005           9,758             35.2             92.7                 9.7
            March 2021             940           9,111             32.9             93.5                 9.7
            March 2022             878           9,522             30.8             93.4                10.8
            March 2023             838           9,467             29.4             95.4                11.3
            March 2024             802           9,622             28.1             95.7                12.0
 
Annual openings
Year ended: March 2011

            March 2011           3,050           9,653            100.0               _                  3.2
            March 2012           2,336           9,419             76.6             76.6                 4.0
            March 2013           1,993           9,759             65.3             85.3                 4.9
            March 2014           1,754          10,013             57.5             88.0                 5.7
            March 2015           1,577           9,980             51.7             89.9                 6.3
            March 2016           1,441           9,915             47.2             91.4                 6.9
            March 2017           1,326          10,059             43.5             92.0                 7.6
            March 2018           1,214           9,667             39.8             91.6                 8.0
            March 2019           1,133           9,376             37.1             93.3                 8.3
            March 2020           1,047           9,107             34.3             92.4                 8.7
            March 2021             980           7,992             32.1             93.6                 8.2
            March 2022             910           8,270             29.8             92.9                 9.1
            March 2023             851           8,133             27.9             93.5                 9.6
            March 2024             796           7,773             26.1             93.5                 9.8
 
Annual openings
Year ended: March 2012

            March 2012           3,390          12,120            100.0               _                  3.6
            March 2013           2,600          11,796             76.7             76.7                 4.5
            March 2014           2,240          11,896             66.1             86.2                 5.3
            March 2015           1,982          11,738             58.5             88.5                 5.9
            March 2016           1,787          11,939             52.7             90.2                 6.7
            March 2017           1,655          12,119             48.8             92.6                 7.3
            March 2018           1,533          11,866             45.2             92.6                 7.7
            March 2019           1,426          11,973             42.1             93.0                 8.4
            March 2020           1,324          11,778             39.1             92.8                 8.9
            March 2021           1,228          11,191             36.2             92.7                 9.1
            March 2022           1,144          11,331             33.7             93.2                 9.9
            March 2023           1,093          11,276             32.2             95.5                10.3
            March 2024           1,033          11,211             30.5             94.5                10.9
 
Annual openings
Year ended: March 2013

            March 2013           3,233          11,656            100.0               _                  3.6
            March 2014           2,478          11,103             76.6             76.6                 4.5
            March 2015           2,122          11,171             65.6             85.6                 5.3
            March 2016           1,918          11,303             59.3             90.4                 5.9
            March 2017           1,740          11,158             53.8             90.7                 6.4
            March 2018           1,558          10,921             48.2             89.5                 7.0
            March 2019           1,475          11,093             45.6             94.7                 7.5
            March 2020           1,357          10,785             42.0             92.0                 7.9
            March 2021           1,252          10,174             38.7             92.3                 8.1
            March 2022           1,171          10,461             36.2             93.5                 8.9
            March 2023           1,091          10,156             33.7             93.2                 9.3
            March 2024           1,023          10,055             31.6             93.8                 9.8
 
Annual openings
Year ended: March 2014

            March 2014           3,287           9,621            100.0               _                  2.9
            March 2015           2,538           9,756             77.2             77.2                 3.8
            March 2016           2,210           9,921             67.2             87.1                 4.5
            March 2017           1,915          10,031             58.3             86.7                 5.2
            March 2018           1,712           9,660             52.1             89.4                 5.6
            March 2019           1,544           9,605             47.0             90.2                 6.2
            March 2020           1,417           9,361             43.1             91.8                 6.6
            March 2021           1,303           8,806             39.6             92.0                 6.8
            March 2022           1,214           9,019             36.9             93.2                 7.4
            March 2023           1,139           9,173             34.7             93.8                 8.1
            March 2024           1,061           8,734             32.3             93.2                 8.2
 
Annual openings
Year ended: March 2015

            March 2015           3,437          10,916            100.0               _                  3.2
            March 2016           2,592          10,607             75.4             75.4                 4.1
            March 2017           2,184          10,979             63.5             84.3                 5.0
            March 2018           1,918          10,985             55.8             87.8                 5.7
            March 2019           1,757          11,192             51.1             91.6                 6.4
            March 2020           1,566          10,873             45.6             89.1                 6.9
            March 2021           1,427          10,611             41.5             91.1                 7.4
            March 2022           1,355          11,338             39.4             95.0                 8.4
            March 2023           1,272          11,084             37.0             93.9                 8.7
            March 2024           1,175          10,895             34.2             92.4                 9.3
 
Annual openings
Year ended: March 2016

            March 2016           3,601          11,441            100.0               _                  3.2
            March 2017           2,776          11,249             77.1             77.1                 4.1
            March 2018           2,403          11,075             66.7             86.6                 4.6
            March 2019           2,100          11,068             58.3             87.4                 5.3
            March 2020           1,826          10,624             50.7             87.0                 5.8
            March 2021           1,673          10,206             46.5             91.6                 6.1
            March 2022           1,519          11,201             42.2             90.8                 7.4
            March 2023           1,421          11,344             39.5             93.5                 8.0
            March 2024           1,327          11,328             36.9             93.4                 8.5
 
Annual openings
Year ended: March 2017

            March 2017           3,512          10,466            100.0               _                  3.0
            March 2018           2,692          10,305             76.7             76.7                 3.8
            March 2019           2,302          10,290             65.5             85.5                 4.5
            March 2020           2,036           9,915             58.0             88.4                 4.9
            March 2021           1,820           9,831             51.8             89.4                 5.4
            March 2022           1,671          10,202             47.6             91.8                 6.1
            March 2023           1,551          10,288             44.2             92.8                 6.6
            March 2024           1,433           9,991             40.8             92.4                 7.0
 
Annual openings
Year ended: March 2018

            March 2018           3,792          11,457            100.0               _                  3.0
            March 2019           2,912          11,379             76.8             76.8                 3.9
            March 2020           2,435          11,187             64.2             83.6                 4.6
            March 2021           2,170          10,530             57.2             89.1                 4.9
            March 2022           1,933          11,009             51.0             89.1                 5.7
            March 2023           1,744          10,938             46.0             90.2                 6.3
            March 2024           1,599          10,483             42.2             91.7                 6.6
 
Annual openings
Year ended: March 2019

            March 2019           3,818          11,715            100.0               _                  3.1
            March 2020           2,933          11,710             76.8             76.8                 4.0
            March 2021           2,521          10,888             66.0             86.0                 4.3
            March 2022           2,292          11,774             60.0             90.9                 5.1
            March 2023           2,051          12,128             53.7             89.5                 5.9
            March 2024           1,868          11,808             48.9             91.1                 6.3
 
Annual openings
Year ended: March 2020

            March 2020           4,083          12,630            100.0               _                  3.1
            March 2021           3,148          12,100             77.1             77.1                 3.8
            March 2022           2,721          12,770             66.6             86.4                 4.7
            March 2023           2,403          12,687             58.9             88.3                 5.3
            March 2024           2,175          12,048             53.3             90.5                 5.5
 
Annual openings
Year ended: March 2021

            March 2021           5,229          13,441            100.0               _                  2.6
            March 2022           3,911          14,134             74.8             74.8                 3.6
            March 2023           3,250          14,373             62.2             83.1                 4.4
            March 2024           2,864          14,010             54.8             88.1                 4.9
 
Annual openings
Year ended: March 2022

            March 2022           6,999          17,484            100.0               _                  2.5
            March 2023           5,232          17,247             74.8             74.8                 3.3
            March 2024           4,302          16,735             61.5             82.2                 3.9
 
Annual openings
Year ended: March 2023

            March 2023           6,453          15,992            100.0               _                  2.5
            March 2024           4,812          15,101             74.6             74.6                 3.1
 
Annual openings
Year ended: March 2024

            March 2024           5,674          14,702            100.0               _                  2.6
 
NOTE: A '_' indicates that the data are not available and a 'N' indicates that the data do not meet BLS disclosure standards.
