Table 7. Survival of private sector establishments by opening year

Total Private

New Jersey

                          Surviving       Total Employment   Survival Rates   Survival Rates of   Average Employment
                          Establishments  of Survivors       Since Birth      Previous Year's     of Survivors
                                                                              Survivors

Annual openings
Year ended: March 1994

            March 1994          15,953         108,029            100.0               _                  6.8
            March 1995          13,136         113,021             82.3             82.3                 8.6
            March 1996          11,467         106,725             71.9             87.3                 9.3
            March 1997          10,189         104,007             63.9             88.9                10.2
            March 1998           9,005         100,102             56.4             88.4                11.1
            March 1999           8,119          96,970             50.9             90.2                11.9
            March 2000           7,449          97,393             46.7             91.7                13.1
            March 2001           6,705          92,674             42.0             90.0                13.8
            March 2002           6,276          89,192             39.3             93.6                14.2
            March 2003           5,740          79,544             36.0             91.5                13.9
            March 2004           5,366          76,656             33.6             93.5                14.3
            March 2005           4,976          75,530             31.2             92.7                15.2
            March 2006           4,726          70,577             29.6             95.0                14.9
            March 2007           4,373          67,300             27.4             92.5                15.4
            March 2008           4,107          66,236             25.7             93.9                16.1
            March 2009           3,850          60,115             24.1             93.7                15.6
            March 2010           3,606          56,385             22.6             93.7                15.6
            March 2011           3,412          56,228             21.4             94.6                16.5
            March 2012           3,237          56,317             20.3             94.9                17.4
            March 2013           3,118          55,651             19.5             96.3                17.8
            March 2014           2,937          53,867             18.4             94.2                18.3
            March 2015           2,792          52,662             17.5             95.1                18.9
            March 2016           2,663          54,218             16.7             95.4                20.4
            March 2017           2,533          53,639             15.9             95.1                21.2
            March 2018           2,414          58,236             15.1             95.3                24.1
            March 2019           2,315          53,599             14.5             95.9                23.2
            March 2020           2,210          54,315             13.9             95.5                24.6
            March 2021           2,040          49,135             12.8             92.3                24.1
            March 2022           1,971          50,009             12.4             96.6                25.4
            March 2023           1,866          49,683             11.7             94.7                26.6
            March 2024           1,785          47,300             11.2             95.7                26.5
 
Annual openings
Year ended: March 1995

            March 1995          19,883         143,132            100.0               _                  7.2
            March 1996          15,908         138,532             80.0             80.0                 8.7
            March 1997          13,764         138,733             69.2             86.5                10.1
            March 1998          12,279         132,963             61.8             89.2                10.8
            March 1999          10,889         131,244             54.8             88.7                12.1
            March 2000           9,955         124,090             50.1             91.4                12.5
            March 2001           8,841         115,705             44.5             88.8                13.1
            March 2002           8,199         109,255             41.2             92.7                13.3
            March 2003           7,479         102,939             37.6             91.2                13.8
            March 2004           6,948         100,203             34.9             92.9                14.4
            March 2005           6,419          92,269             32.3             92.4                14.4
            March 2006           6,069          91,303             30.5             94.5                15.0
            March 2007           5,609          89,098             28.2             92.4                15.9
            March 2008           5,313          88,692             26.7             94.7                16.7
            March 2009           4,973          80,290             25.0             93.6                16.1
            March 2010           4,629          78,259             23.3             93.1                16.9
            March 2011           4,359          76,703             21.9             94.2                17.6
            March 2012           4,172          76,384             21.0             95.7                18.3
            March 2013           3,977          75,560             20.0             95.3                19.0
            March 2014           3,805          73,194             19.1             95.7                19.2
            March 2015           3,613          71,707             18.2             95.0                19.8
            March 2016           3,418          70,075             17.2             94.6                20.5
            March 2017           3,252          68,399             16.4             95.1                21.0
            March 2018           3,099          67,214             15.6             95.3                21.7
            March 2019           2,967          67,335             14.9             95.7                22.7
            March 2020           2,806          65,652             14.1             94.6                23.4
            March 2021           2,602          61,462             13.1             92.7                23.6
            March 2022           2,497          62,879             12.6             96.0                25.2
            March 2023           2,407          62,681             12.1             96.4                26.0
            March 2024           2,272          63,187             11.4             94.4                27.8
 
Annual openings
Year ended: March 1996

            March 1996          21,337         136,876            100.0               _                  6.4
            March 1997          17,058         141,053             79.9             79.9                 8.3
            March 1998          14,657         136,694             68.7             85.9                 9.3
            March 1999          12,763         133,102             59.8             87.1                10.4
            March 2000          11,537         131,584             54.1             90.4                11.4
            March 2001          10,312         122,918             48.3             89.4                11.9
            March 2002           9,397         111,621             44.0             91.1                11.9
            March 2003           8,554         109,325             40.1             91.0                12.8
            March 2004           7,993         103,749             37.5             93.4                13.0
            March 2005           7,338         102,441             34.4             91.8                14.0
            March 2006           6,864         100,007             32.2             93.5                14.6
            March 2007           6,345          96,513             29.7             92.4                15.2
            March 2008           5,962          92,480             27.9             94.0                15.5
            March 2009           5,556          85,797             26.0             93.2                15.4
            March 2010           5,227          82,743             24.5             94.1                15.8
            March 2011           4,875          79,514             22.8             93.3                16.3
            March 2012           4,613          77,386             21.6             94.6                16.8
            March 2013           4,457          77,809             20.9             96.6                17.5
            March 2014           4,231          75,878             19.8             94.9                17.9
            March 2015           4,023          74,500             18.9             95.1                18.5
            March 2016           3,797          73,101             17.8             94.4                19.3
            March 2017           3,669          72,093             17.2             96.6                19.6
            March 2018           3,477          68,939             16.3             94.8                19.8
            March 2019           3,318          68,096             15.6             95.4                20.5
            March 2020           3,154          66,610             14.8             95.1                21.1
            March 2021           2,961          58,926             13.9             93.9                19.9
            March 2022           2,847          60,453             13.3             96.1                21.2
            March 2023           2,717          62,509             12.7             95.4                23.0
            March 2024           2,607          61,677             12.2             96.0                23.7
 
Annual openings
Year ended: March 1997

            March 1997          17,955         127,479            100.0               _                  7.1
            March 1998          14,365         134,279             80.0             80.0                 9.3
            March 1999          12,054         119,753             67.1             83.9                 9.9
            March 2000          10,727         116,289             59.7             89.0                10.8
            March 2001           9,516         110,025             53.0             88.7                11.6
            March 2002           8,623         100,495             48.0             90.6                11.7
            March 2003           7,824          94,962             43.6             90.7                12.1
            March 2004           7,147          92,611             39.8             91.3                13.0
            March 2005           6,565          87,928             36.6             91.9                13.4
            March 2006           6,193          84,930             34.5             94.3                13.7
            March 2007           5,657          80,792             31.5             91.3                14.3
            March 2008           5,333          75,974             29.7             94.3                14.2
            March 2009           4,887          67,605             27.2             91.6                13.8
            March 2010           4,587          64,411             25.5             93.9                14.0
            March 2011           4,287          61,036             23.9             93.5                14.2
            March 2012           4,080          58,654             22.7             95.2                14.4
            March 2013           3,792          57,327             21.1             92.9                15.1
            March 2014           3,600          56,004             20.1             94.9                15.6
            March 2015           3,402          54,180             18.9             94.5                15.9
            March 2016           3,236          53,023             18.0             95.1                16.4
            March 2017           3,076          51,614             17.1             95.1                16.8
            March 2018           2,907          50,399             16.2             94.5                17.3
            March 2019           2,787          48,539             15.5             95.9                17.4
            March 2020           2,657          46,384             14.8             95.3                17.5
            March 2021           2,438          41,606             13.6             91.8                17.1
            March 2022           2,360          42,902             13.1             96.8                18.2
            March 2023           2,255          41,463             12.6             95.6                18.4
            March 2024           2,127          40,599             11.8             94.3                19.1
 
Annual openings
Year ended: March 1998

            March 1998          23,235         181,051            100.0               _                  7.8
            March 1999          18,413         176,043             79.2             79.2                 9.6
            March 2000          16,014         177,581             68.9             87.0                11.1
            March 2001          13,846         162,600             59.6             86.5                11.7
            March 2002          12,492         149,064             53.8             90.2                11.9
            March 2003          11,136         138,961             47.9             89.1                12.5
            March 2004          10,123         132,100             43.6             90.9                13.0
            March 2005           9,266         130,448             39.9             91.5                14.1
            March 2006           8,651         130,149             37.2             93.4                15.0
            March 2007           7,929         125,219             34.1             91.7                15.8
            March 2008           7,383         121,425             31.8             93.1                16.4
            March 2009           6,872         111,339             29.6             93.1                16.2
            March 2010           6,355         107,371             27.4             92.5                16.9
            March 2011           5,967         105,703             25.7             93.9                17.7
            March 2012           5,666         104,873             24.4             95.0                18.5
            March 2013           5,331         103,374             22.9             94.1                19.4
            March 2014           5,088          98,906             21.9             95.4                19.4
            March 2015           4,783          96,864             20.6             94.0                20.3
            March 2016           4,561          95,284             19.6             95.4                20.9
            March 2017           4,323          93,233             18.6             94.8                21.6
            March 2018           4,121          91,634             17.7             95.3                22.2
            March 2019           3,946          89,028             17.0             95.8                22.6
            March 2020           3,764          83,696             16.2             95.4                22.2
            March 2021           3,526          76,653             15.2             93.7                21.7
            March 2022           3,403          76,641             14.6             96.5                22.5
            March 2023           3,323          74,867             14.3             97.6                22.5
            March 2024           3,145          72,884             13.5             94.6                23.2
 
Annual openings
Year ended: March 1999

            March 1999          23,186         199,151            100.0               _                  8.6
            March 2000          18,162         189,695             78.3             78.3                10.4
            March 2001          15,113         183,328             65.2             83.2                12.1
            March 2002          13,489         172,705             58.2             89.3                12.8
            March 2003          12,006         159,000             51.8             89.0                13.2
            March 2004          11,055         156,617             47.7             92.1                14.2
            March 2005          10,046         151,958             43.3             90.9                15.1
            March 2006           9,478         148,797             40.9             94.3                15.7
            March 2007           8,679         142,166             37.4             91.6                16.4
            March 2008           8,126         137,516             35.0             93.6                16.9
            March 2009           7,560         127,473             32.6             93.0                16.9
            March 2010           6,972         121,376             30.1             92.2                17.4
            March 2011           6,530         118,735             28.2             93.7                18.2
            March 2012           6,200         115,980             26.7             94.9                18.7
            March 2013           5,841         113,456             25.2             94.2                19.4
            March 2014           5,517         111,813             23.8             94.5                20.3
            March 2015           5,249         109,654             22.6             95.1                20.9
            March 2016           4,955         106,550             21.4             94.4                21.5
            March 2017           4,695         103,740             20.2             94.8                22.1
            March 2018           4,484         100,957             19.3             95.5                22.5
            March 2019           4,262          98,749             18.4             95.0                23.2
            March 2020           4,035          92,848             17.4             94.7                23.0
            March 2021           3,785          82,735             16.3             93.8                21.9
            March 2022           3,685          86,626             15.9             97.4                23.5
            March 2023           3,533          86,058             15.2             95.9                24.4
            March 2024           3,435          83,215             14.8             97.2                24.2
 
Annual openings
Year ended: March 2000

            March 2000          25,682         182,364            100.0               _                  7.1
            March 2001          19,443         178,349             75.7             75.7                 9.2
            March 2002          16,685         160,341             65.0             85.8                 9.6
            March 2003          14,457         148,642             56.3             86.6                10.3
            March 2004          12,971         141,599             50.5             89.7                10.9
            March 2005          11,730         135,537             45.7             90.4                11.6
            March 2006          10,827         131,924             42.2             92.3                12.2
            March 2007           9,918         127,839             38.6             91.6                12.9
            March 2008           9,200         122,873             35.8             92.8                13.4
            March 2009           8,396         112,151             32.7             91.3                13.4
            March 2010           7,740         106,700             30.1             92.2                13.8
            March 2011           7,187         105,415             28.0             92.9                14.7
            March 2012           6,763         103,336             26.3             94.1                15.3
            March 2013           6,291         100,046             24.5             93.0                15.9
            March 2014           5,962          97,454             23.2             94.8                16.3
            March 2015           5,898          96,042             23.0             98.9                16.3
            March 2016           5,630          94,814             21.9             95.5                16.8
            March 2017           5,327          93,481             20.7             94.6                17.5
            March 2018           5,124          91,605             20.0             96.2                17.9
            March 2019           4,912          88,055             19.1             95.9                17.9
            March 2020           4,649          86,160             18.1             94.6                18.5
            March 2021           4,386          77,477             17.1             94.3                17.7
            March 2022           4,248          80,153             16.5             96.9                18.9
            March 2023           4,052          78,296             15.8             95.4                19.3
            March 2024           3,863          78,082             15.0             95.3                20.2
 
Annual openings
Year ended: March 2001

            March 2001          21,640         153,347            100.0               _                  7.1
            March 2002          16,844         144,258             77.8             77.8                 8.6
            March 2003          14,098         134,432             65.1             83.7                 9.5
            March 2004          12,486         129,590             57.7             88.6                10.4
            March 2005          11,135         125,766             51.5             89.2                11.3
            March 2006          10,238         122,908             47.3             91.9                12.0
            March 2007           9,247         118,672             42.7             90.3                12.8
            March 2008           8,617         113,590             39.8             93.2                13.2
            March 2009           7,885         103,037             36.4             91.5                13.1
            March 2010           7,228          96,857             33.4             91.7                13.4
            March 2011           6,710          94,356             31.0             92.8                14.1
            March 2012           6,311          95,294             29.2             94.1                15.1
            March 2013           5,900          92,872             27.3             93.5                15.7
            March 2014           5,557          89,110             25.7             94.2                16.0
            March 2015           5,248          90,866             24.3             94.4                17.3
            March 2016           4,932          90,287             22.8             94.0                18.3
            March 2017           4,690          88,989             21.7             95.1                19.0
            March 2018           4,461          88,021             20.6             95.1                19.7
            March 2019           4,213          86,961             19.5             94.4                20.6
            March 2020           4,117          83,528             19.0             97.7                20.3
            March 2021           3,798          70,253             17.6             92.3                18.5
            March 2022           3,799          72,309             17.6            100.0                19.0
            March 2023           3,601          74,378             16.6             94.8                20.7
            March 2024           3,390          74,776             15.7             94.1                22.1
 
Annual openings
Year ended: March 2002

            March 2002          22,299         160,040            100.0               _                  7.2
            March 2003          17,368         148,397             77.9             77.9                 8.5
            March 2004          14,844         138,043             66.6             85.5                 9.3
            March 2005          13,083         132,462             58.7             88.1                10.1
            March 2006          11,960         129,449             53.6             91.4                10.8
            March 2007          10,629         123,976             47.7             88.9                11.7
            March 2008           9,768         120,705             43.8             91.9                12.4
            March 2009           8,801         110,882             39.5             90.1                12.6
            March 2010           7,984         105,415             35.8             90.7                13.2
            March 2011           7,433         102,516             33.3             93.1                13.8
            March 2012           6,945         100,827             31.1             93.4                14.5
            March 2013           6,474          97,062             29.0             93.2                15.0
            March 2014           6,057          94,513             27.2             93.6                15.6
            March 2015           5,695          91,554             25.5             94.0                16.1
            March 2016           5,365          89,835             24.1             94.2                16.7
            March 2017           5,057          88,150             22.7             94.3                17.4
            March 2018           4,841          86,502             21.7             95.7                17.9
            March 2019           4,600          85,244             20.6             95.0                18.5
            March 2020           4,383          81,631             19.7             95.3                18.6
            March 2021           4,128          75,635             18.5             94.2                18.3
            March 2022           3,984          77,690             17.9             96.5                19.5
            March 2023           3,842          76,191             17.2             96.4                19.8
            March 2024           3,729          73,665             16.7             97.1                19.8
 
Annual openings
Year ended: March 2003

            March 2003          22,290         132,505            100.0               _                  5.9
            March 2004          17,326         126,861             77.7             77.7                 7.3
            March 2005          15,017         122,410             67.4             86.7                 8.2
            March 2006          13,501         120,841             60.6             89.9                 9.0
            March 2007          11,813         114,303             53.0             87.5                 9.7
            March 2008          10,654         110,763             47.8             90.2                10.4
            March 2009           9,510         103,587             42.7             89.3                10.9
            March 2010           8,581          98,185             38.5             90.2                11.4
            March 2011           7,847          94,416             35.2             91.4                12.0
            March 2012           7,277          91,717             32.6             92.7                12.6
            March 2013           6,694          90,124             30.0             92.0                13.5
            March 2014           6,306          87,256             28.3             94.2                13.8
            March 2015           5,965          87,980             26.8             94.6                14.7
            March 2016           5,640          87,483             25.3             94.6                15.5
            March 2017           5,319          86,877             23.9             94.3                16.3
            March 2018           5,085          85,635             22.8             95.6                16.8
            March 2019           4,833          85,620             21.7             95.0                17.7
            March 2020           4,591          81,903             20.6             95.0                17.8
            March 2021           4,270          73,159             19.2             93.0                17.1
            March 2022           4,121          74,701             18.5             96.5                18.1
            March 2023           3,902          74,363             17.5             94.7                19.1
            March 2024           3,704          72,793             16.6             94.9                19.7
 
Annual openings
Year ended: March 2004

            March 2004          21,774         120,316            100.0               _                  5.5
            March 2005          17,612         116,840             80.9             80.9                 6.6
            March 2006          15,248         113,412             70.0             86.6                 7.4
            March 2007          13,166         108,008             60.5             86.3                 8.2
            March 2008          11,597         102,226             53.3             88.1                 8.8
            March 2009          10,369          94,165             47.6             89.4                 9.1
            March 2010           9,293          88,479             42.7             89.6                 9.5
            March 2011           8,537          87,623             39.2             91.9                10.3
            March 2012           7,862          87,329             36.1             92.1                11.1
            March 2013           7,289          85,764             33.5             92.7                11.8
            March 2014           6,776          82,995             31.1             93.0                12.2
            March 2015           6,279          81,077             28.8             92.7                12.9
            March 2016           5,956          77,333             27.4             94.9                13.0
            March 2017           5,608          77,024             25.8             94.2                13.7
            March 2018           5,334          74,370             24.5             95.1                13.9
            March 2019           5,005          72,263             23.0             93.8                14.4
            March 2020           4,796          70,084             22.0             95.8                14.6
            March 2021           4,394          62,602             20.2             91.6                14.2
            March 2022           4,243          65,864             19.5             96.6                15.5
            March 2023           4,049          64,377             18.6             95.4                15.9
            March 2024           3,870          63,113             17.8             95.6                16.3
 
Annual openings
Year ended: March 2005

            March 2005          23,763         127,901            100.0               _                  5.4
            March 2006          19,197         129,138             80.8             80.8                 6.7
            March 2007          15,953         122,069             67.1             83.1                 7.7
            March 2008          13,862         115,195             58.3             86.9                 8.3
            March 2009          12,075         102,463             50.8             87.1                 8.5
            March 2010          10,606          97,029             44.6             87.8                 9.1
            March 2011           9,587          93,346             40.3             90.4                 9.7
            March 2012           8,798          91,680             37.0             91.8                10.4
            March 2013           8,099          88,822             34.1             92.1                11.0
            March 2014           7,508          86,302             31.6             92.7                11.5
            March 2015           6,952          84,803             29.3             92.6                12.2
            March 2016           6,488          82,515             27.3             93.3                12.7
            March 2017           6,089          80,342             25.6             93.9                13.2
            March 2018           5,712          79,053             24.0             93.8                13.8
            March 2019           5,401          75,782             22.7             94.6                14.0
            March 2020           5,078          72,908             21.4             94.0                14.4
            March 2021           4,686          66,113             19.7             92.3                14.1
            March 2022           4,541          66,250             19.1             96.9                14.6
            March 2023           4,309          65,581             18.1             94.9                15.2
            March 2024           4,130          64,242             17.4             95.8                15.6
 
Annual openings
Year ended: March 2006

            March 2006          25,374         125,173            100.0               _                  4.9
            March 2007          19,476         120,500             76.8             76.8                 6.2
            March 2008          16,517         115,610             65.1             84.8                 7.0
            March 2009          14,178         106,294             55.9             85.8                 7.5
            March 2010          12,351          98,205             48.7             87.1                 8.0
            March 2011          11,043          97,163             43.5             89.4                 8.8
            March 2012           9,988          95,978             39.4             90.4                 9.6
            March 2013           9,200          92,067             36.3             92.1                10.0
            March 2014           8,482          88,856             33.4             92.2                10.5
            March 2015           7,873          85,691             31.0             92.8                10.9
            March 2016           7,292          85,850             28.7             92.6                11.8
            March 2017           6,828          84,398             26.9             93.6                12.4
            March 2018           6,479          83,314             25.5             94.9                12.9
            March 2019           6,100          82,309             24.0             94.2                13.5
            March 2020           5,788          79,641             22.8             94.9                13.8
            March 2021           5,343          71,423             21.1             92.3                13.4
            March 2022           5,158          73,590             20.3             96.5                14.3
            March 2023           4,891          73,658             19.3             94.8                15.1
            March 2024           4,736          71,689             18.7             96.8                15.1
 
Annual openings
Year ended: March 2007

            March 2007          22,725         108,389            100.0               _                  4.8
            March 2008          17,672         102,538             77.8             77.8                 5.8
            March 2009          14,681          93,455             64.6             83.1                 6.4
            March 2010          12,555          87,450             55.2             85.5                 7.0
            March 2011          11,154          85,632             49.1             88.8                 7.7
            March 2012          10,140          83,204             44.6             90.9                 8.2
            March 2013           9,218          81,395             40.6             90.9                 8.8
            March 2014           8,482          79,563             37.3             92.0                 9.4
            March 2015           7,774          77,675             34.2             91.7                10.0
            March 2016           7,228          76,809             31.8             93.0                10.6
            March 2017           6,757          75,980             29.7             93.5                11.2
            March 2018           6,325          74,975             27.8             93.6                11.9
            March 2019           5,956          73,328             26.2             94.2                12.3
            March 2020           5,611          70,121             24.7             94.2                12.5
            March 2021           5,195          62,783             22.9             92.6                12.1
            March 2022           4,948          65,741             21.8             95.2                13.3
            March 2023           4,683          64,933             20.6             94.6                13.9
            March 2024           4,413          63,689             19.4             94.2                14.4
 
Annual openings
Year ended: March 2008

            March 2008          21,915         109,200            100.0               _                  5.0
            March 2009          16,571          95,532             75.6             75.6                 5.8
            March 2010          13,678          89,690             62.4             82.5                 6.6
            March 2011          11,970          85,671             54.6             87.5                 7.2
            March 2012          10,716          86,376             48.9             89.5                 8.1
            March 2013           9,661          86,089             44.1             90.2                 8.9
            March 2014           8,777          83,592             40.1             90.8                 9.5
            March 2015           8,047          79,209             36.7             91.7                 9.8
            March 2016           7,473          77,510             34.1             92.9                10.4
            March 2017           6,877          75,574             31.4             92.0                11.0
            March 2018           6,408          74,028             29.2             93.2                11.6
            March 2019           5,996          72,948             27.4             93.6                12.2
            March 2020           5,648          70,031             25.8             94.2                12.4
            March 2021           5,200          64,290             23.7             92.1                12.4
            March 2022           4,991          68,008             22.8             96.0                13.6
            March 2023           4,658          66,856             21.3             93.3                14.4
            March 2024           4,527          65,859             20.7             97.2                14.5
 
Annual openings
Year ended: March 2009

            March 2009          19,744          88,387            100.0               _                  4.5
            March 2010          15,280          82,699             77.4             77.4                 5.4
            March 2011          13,069          81,281             66.2             85.5                 6.2
            March 2012          11,532          80,374             58.4             88.2                 7.0
            March 2013          10,244          78,969             51.9             88.8                 7.7
            March 2014           9,266          78,252             46.9             90.5                 8.4
            March 2015           8,421          77,067             42.7             90.9                 9.2
            March 2016           7,679          75,359             38.9             91.2                 9.8
            March 2017           7,110          73,126             36.0             92.6                10.3
            March 2018           6,536          71,847             33.1             91.9                11.0
            March 2019           6,072          69,950             30.8             92.9                11.5
            March 2020           5,679          66,113             28.8             93.5                11.6
            March 2021           5,153          59,838             26.1             90.7                11.6
            March 2022           4,934          62,809             25.0             95.8                12.7
            March 2023           4,675          60,578             23.7             94.8                13.0
            March 2024           4,443          58,374             22.5             95.0                13.1
 
Annual openings
Year ended: March 2010

            March 2010          19,255          87,484            100.0               _                  4.5
            March 2011          15,061          84,232             78.2             78.2                 5.6
            March 2012          12,936          83,885             67.2             85.9                 6.5
            March 2013          11,255          80,708             58.5             87.0                 7.2
            March 2014          10,108          81,078             52.5             89.8                 8.0
            March 2015           9,024          76,635             46.9             89.3                 8.5
            March 2016           8,154          76,771             42.3             90.4                 9.4
            March 2017           7,496          80,974             38.9             91.9                10.8
            March 2018           6,907          73,679             35.9             92.1                10.7
            March 2019           6,449          77,482             33.5             93.4                12.0
            March 2020           6,030          74,054             31.3             93.5                12.3
            March 2021           5,493          66,484             28.5             91.1                12.1
            March 2022           5,237          69,417             27.2             95.3                13.3
            March 2023           4,884          69,497             25.4             93.3                14.2
            March 2024           4,623          72,813             24.0             94.7                15.8
 
Annual openings
Year ended: March 2011

            March 2011          19,851          83,775            100.0               _                  4.2
            March 2012          15,554          84,230             78.4             78.4                 5.4
            March 2013          13,172          82,878             66.4             84.7                 6.3
            March 2014          11,644          80,272             58.7             88.4                 6.9
            March 2015          10,352          78,377             52.1             88.9                 7.6
            March 2016           9,271          77,690             46.7             89.6                 8.4
            March 2017           8,525          76,017             42.9             92.0                 8.9
            March 2018           7,834          74,800             39.5             91.9                 9.5
            March 2019           7,237          73,255             36.5             92.4                10.1
            March 2020           6,659          71,039             33.5             92.0                10.7
            March 2021           6,068          63,205             30.6             91.1                10.4
            March 2022           5,806          65,722             29.2             95.7                11.3
            March 2023           5,393          64,196             27.2             92.9                11.9
            March 2024           5,132          62,772             25.9             95.2                12.2
 
Annual openings
Year ended: March 2012

            March 2012          20,672          90,997            100.0               _                  4.4
            March 2013          16,052          87,275             77.7             77.7                 5.4
            March 2014          13,698          84,935             66.3             85.3                 6.2
            March 2015          11,940          82,740             57.8             87.2                 6.9
            March 2016          10,609          81,760             51.3             88.9                 7.7
            March 2017           9,601          78,206             46.4             90.5                 8.1
            March 2018           8,704          75,151             42.1             90.7                 8.6
            March 2019           8,051          73,611             38.9             92.5                 9.1
            March 2020           7,395          71,190             35.8             91.9                 9.6
            March 2021           6,666          64,166             32.2             90.1                 9.6
            March 2022           6,371          65,324             30.8             95.6                10.3
            March 2023           5,969          65,478             28.9             93.7                11.0
            March 2024           5,573          62,873             27.0             93.4                11.3
 
Annual openings
Year ended: March 2013

            March 2013          20,081          92,612            100.0               _                  4.6
            March 2014          15,804          90,210             78.7             78.7                 5.7
            March 2015          13,294          88,512             66.2             84.1                 6.7
            March 2016          11,601          87,945             57.8             87.3                 7.6
            March 2017          10,393          82,414             51.8             89.6                 7.9
            March 2018           9,684          80,720             48.2             93.2                 8.3
            March 2019           8,915          78,693             44.4             92.1                 8.8
            March 2020           8,254          76,695             41.1             92.6                 9.3
            March 2021           7,505          70,452             37.4             90.9                 9.4
            March 2022           7,158          72,398             35.6             95.4                10.1
            March 2023           6,656          70,838             33.1             93.0                10.6
            March 2024           6,295          68,181             31.3             94.6                10.8
 
Annual openings
Year ended: March 2014

            March 2014          20,654          95,153            100.0               _                  4.6
            March 2015          16,129          95,854             78.1             78.1                 5.9
            March 2016          13,692          98,771             66.3             84.9                 7.2
            March 2017          12,127         101,862             58.7             88.6                 8.4
            March 2018          11,033         100,976             53.4             91.0                 9.2
            March 2019          10,017         101,193             48.5             90.8                10.1
            March 2020           9,251          99,972             44.8             92.4                10.8
            March 2021           8,312          95,895             40.2             89.8                11.5
            March 2022           7,878         104,040             38.1             94.8                13.2
            March 2023           7,334         102,270             35.5             93.1                13.9
            March 2024           6,901          96,744             33.4             94.1                14.0
 
Annual openings
Year ended: March 2015

            March 2015          20,206         103,430            100.0               _                  5.1
            March 2016          15,723         104,471             77.8             77.8                 6.6
            March 2017          13,461         105,117             66.6             85.6                 7.8
            March 2018          12,092         103,782             59.8             89.8                 8.6
            March 2019          10,858         102,651             53.7             89.8                 9.5
            March 2020           9,900         100,368             49.0             91.2                10.1
            March 2021           8,887          91,874             44.0             89.8                10.3
            March 2022           8,418          97,368             41.7             94.7                11.6
            March 2023           7,841          94,012             38.8             93.1                12.0
            March 2024           7,346          91,270             36.4             93.7                12.4
 
Annual openings
Year ended: March 2016

            March 2016          22,928         102,140            100.0               _                  4.5
            March 2017          18,295         101,144             79.8             79.8                 5.5
            March 2018          16,159          97,941             70.5             88.3                 6.1
            March 2019          14,471          95,203             63.1             89.6                 6.6
            March 2020          12,913          90,048             56.3             89.2                 7.0
            March 2021          11,394          79,946             49.7             88.2                 7.0
            March 2022          10,707          85,464             46.7             94.0                 8.0
            March 2023           9,796          83,776             42.7             91.5                 8.6
            March 2024           9,070          80,453             39.6             92.6                 8.9
 
Annual openings
Year ended: March 2017

            March 2017          21,627          88,634            100.0               _                  4.1
            March 2018          16,922          88,790             78.2             78.2                 5.2
            March 2019          14,533          88,716             67.2             85.9                 6.1
            March 2020          12,924          86,881             59.8             88.9                 6.7
            March 2021          11,339          81,672             52.4             87.7                 7.2
            March 2022          10,578          88,140             48.9             93.3                 8.3
            March 2023           9,716          87,014             44.9             91.9                 9.0
            March 2024           8,963          84,422             41.4             92.2                 9.4
 
Annual openings
Year ended: March 2018

            March 2018          20,038          96,339            100.0               _                  4.8
            March 2019          15,914         101,358             79.4             79.4                 6.4
            March 2020          13,563         102,236             67.7             85.2                 7.5
            March 2021          11,730          95,497             58.5             86.5                 8.1
            March 2022          10,824         103,475             54.0             92.3                 9.6
            March 2023           9,875          99,372             49.3             91.2                10.1
            March 2024           9,054          95,193             45.2             91.7                10.5
 
Annual openings
Year ended: March 2019

            March 2019          21,591          87,686            100.0               _                  4.1
            March 2020          17,119          87,919             79.3             79.3                 5.1
            March 2021          14,488          81,067             67.1             84.6                 5.6
            March 2022          13,256          89,162             61.4             91.5                 6.7
            March 2023          11,936          86,443             55.3             90.0                 7.2
            March 2024          10,854          83,879             50.3             90.9                 7.7
 
Annual openings
Year ended: March 2020

            March 2020          27,130         105,164            100.0               _                  3.9
            March 2021          21,591         102,381             79.6             79.6                 4.7
            March 2022          18,957         113,766             69.9             87.8                 6.0
            March 2023          17,117         114,063             63.1             90.3                 6.7
            March 2024          15,318         110,943             56.5             89.5                 7.2
 
Annual openings
Year ended: March 2021

            March 2021          29,877         102,071            100.0               _                  3.4
            March 2022          23,803         114,313             79.7             79.7                 4.8
            March 2023          20,235         111,208             67.7             85.0                 5.5
            March 2024          17,638         109,310             59.0             87.2                 6.2
 
Annual openings
Year ended: March 2022

            March 2022          39,665         123,093            100.0               _                  3.1
            March 2023          31,039         119,815             78.3             78.3                 3.9
            March 2024          26,329         114,395             66.4             84.8                 4.3
 
Annual openings
Year ended: March 2023

            March 2023          33,124         104,846            100.0               _                  3.2
            March 2024          26,007         102,005             78.5             78.5                 3.9
 
Annual openings
Year ended: March 2024

            March 2024          30,526          98,309            100.0               _                  3.2
 
NOTE: A '_' indicates that the data are not available and a 'N' indicates that the data do not meet BLS disclosure standards.
