Table 7. Survival of private sector establishments by opening year

Total Private

New Mexico

                          Surviving       Total Employment   Survival Rates   Survival Rates of   Average Employment
                          Establishments  of Survivors       Since Birth      Previous Year's     of Survivors
                                                                              Survivors

Annual openings
Year ended: March 1994

            March 1994           4,136          25,682            100.0               _                  6.2
            March 1995           3,716          26,201             89.8             89.8                 7.1
            March 1996           2,703          22,196             65.4             72.7                 8.2
            March 1997           2,339          20,519             56.6             86.5                 8.8
            March 1998           2,084          20,735             50.4             89.1                 9.9
            March 1999           1,877          18,913             45.4             90.1                10.1
            March 2000           1,708          18,374             41.3             91.0                10.8
            March 2001           1,599          19,328             38.7             93.6                12.1
            March 2002           1,473          17,983             35.6             92.1                12.2
            March 2003           1,373          16,492             33.2             93.2                12.0
            March 2004           1,272          16,050             30.8             92.6                12.6
            March 2005           1,196          15,034             28.9             94.0                12.6
            March 2006           1,138          15,229             27.5             95.2                13.4
            March 2007           1,071          14,767             25.9             94.1                13.8
            March 2008           1,013          14,124             24.5             94.6                13.9
            March 2009             926          12,842             22.4             91.4                13.9
            March 2010             884          11,929             21.4             95.5                13.5
            March 2011             850          11,500             20.6             96.2                13.5
            March 2012             841          11,356             20.3             98.9                13.5
            March 2013             795          11,274             19.2             94.5                14.2
            March 2014             766          11,472             18.5             96.4                15.0
            March 2015             741          11,688             17.9             96.7                15.8
            March 2016             720          10,981             17.4             97.2                15.3
            March 2017             690          11,391             16.7             95.8                16.5
            March 2018             664          11,759             16.1             96.2                17.7
            March 2019             650          12,037             15.7             97.9                18.5
            March 2020             620          11,225             15.0             95.4                18.1
            March 2021             561           8,623             13.6             90.5                15.4
            March 2022             537           9,481             13.0             95.7                17.7
            March 2023             522           9,594             12.6             97.2                18.4
            March 2024             487           9,566             11.8             93.3                19.6
 
Annual openings
Year ended: March 1995

            March 1995           5,089          33,129            100.0               _                  6.5
            March 1996           3,588          29,127             70.5             70.5                 8.1
            March 1997           3,053          27,185             60.0             85.1                 8.9
            March 1998           2,672          25,787             52.5             87.5                 9.7
            March 1999           2,386          25,178             46.9             89.3                10.6
            March 2000           2,172          25,502             42.7             91.0                11.7
            March 2001           1,955          24,765             38.4             90.0                12.7
            March 2002           1,796          24,069             35.3             91.9                13.4
            March 2003           1,714          23,912             33.7             95.4                14.0
            March 2004           1,641          23,961             32.2             95.7                14.6
            March 2005           1,540          24,102             30.3             93.8                15.7
            March 2006           1,459          25,157             28.7             94.7                17.2
            March 2007           1,358          25,023             26.7             93.1                18.4
            March 2008           1,269          24,453             24.9             93.4                19.3
            March 2009           1,191          22,151             23.4             93.9                18.6
            March 2010           1,133          20,209             22.3             95.1                17.8
            March 2011           1,068          19,405             21.0             94.3                18.2
            March 2012           1,030          19,534             20.2             96.4                19.0
            March 2013           1,010          18,376             19.8             98.1                18.2
            March 2014             963          17,890             18.9             95.3                18.6
            March 2015             926          17,615             18.2             96.2                19.0
            March 2016             870          17,388             17.1             94.0                20.0
            March 2017             830          16,818             16.3             95.4                20.3
            March 2018             808          16,767             15.9             97.3                20.8
            March 2019             775          16,715             15.2             95.9                21.6
            March 2020             726          16,264             14.3             93.7                22.4
            March 2021             696          15,457             13.7             95.9                22.2
            March 2022             656          16,042             12.9             94.3                24.5
            March 2023             616          15,862             12.1             93.9                25.8
            March 2024             610          15,858             12.0             99.0                26.0
 
Annual openings
Year ended: March 1996

            March 1996           4,113          23,410            100.0               _                  5.7
            March 1997           3,034          21,449             73.8             73.8                 7.1
            March 1998           2,541          20,419             61.8             83.8                 8.0
            March 1999           2,236          19,912             54.4             88.0                 8.9
            March 2000           1,982          20,325             48.2             88.6                10.3
            March 2001           1,771          18,404             43.1             89.4                10.4
            March 2002           1,595          17,222             38.8             90.1                10.8
            March 2003           1,457          16,096             35.4             91.3                11.0
            March 2004           1,372          16,088             33.4             94.2                11.7
            March 2005           1,286          16,095             31.3             93.7                12.5
            March 2006           1,197          16,343             29.1             93.1                13.7
            March 2007           1,130          15,481             27.5             94.4                13.7
            March 2008           1,046          15,286             25.4             92.6                14.6
            March 2009             989          13,150             24.0             94.6                13.3
            March 2010             937          12,168             22.8             94.7                13.0
            March 2011             880          11,810             21.4             93.9                13.4
            March 2012             837          11,533             20.4             95.1                13.8
            March 2013             802          11,133             19.5             95.8                13.9
            March 2014             768          10,908             18.7             95.8                14.2
            March 2015             739          10,683             18.0             96.2                14.5
            March 2016             714          10,361             17.4             96.6                14.5
            March 2017             686          10,149             16.7             96.1                14.8
            March 2018             649          10,237             15.8             94.6                15.8
            March 2019             644          10,257             15.7             99.2                15.9
            March 2020             626           9,834             15.2             97.2                15.7
            March 2021             589           9,058             14.3             94.1                15.4
            March 2022             586           9,801             14.2             99.5                16.7
            March 2023             550           9,759             13.4             93.9                17.7
            March 2024             530           9,832             12.9             96.4                18.6
 
Annual openings
Year ended: March 1997

            March 1997           4,066          28,770            100.0               _                  7.1
            March 1998           3,160          29,879             77.7             77.7                 9.5
            March 1999           2,674          29,850             65.8             84.6                11.2
            March 2000           2,341          28,403             57.6             87.5                12.1
            March 2001           2,055          27,582             50.5             87.8                13.4
            March 2002           1,861          27,437             45.8             90.6                14.7
            March 2003           1,710          26,130             42.1             91.9                15.3
            March 2004           1,589          25,413             39.1             92.9                16.0
            March 2005           1,481          25,334             36.4             93.2                17.1
            March 2006           1,422          26,019             35.0             96.0                18.3
            March 2007           1,341          25,504             33.0             94.3                19.0
            March 2008           1,317          23,482             32.4             98.2                17.8
            March 2009           1,192          23,453             29.3             90.5                19.7
            March 2010           1,131          21,703             27.8             94.9                19.2
            March 2011           1,083          19,895             26.6             95.8                18.4
            March 2012           1,049          19,453             25.8             96.9                18.5
            March 2013           1,004          19,080             24.7             95.7                19.0
            March 2014             946          18,608             23.3             94.2                19.7
            March 2015             916          18,510             22.5             96.8                20.2
            March 2016             875          18,860             21.5             95.5                21.6
            March 2017             854          17,504             21.0             97.6                20.5
            March 2018             816          17,526             20.1             95.6                21.5
            March 2019             774          17,652             19.0             94.9                22.8
            March 2020             751          16,893             18.5             97.0                22.5
            March 2021             729          14,689             17.9             97.1                20.1
            March 2022             703          14,665             17.3             96.4                20.9
            March 2023             653          14,243             16.1             92.9                21.8
            March 2024             612          14,279             15.1             93.7                23.3
 
Annual openings
Year ended: March 1998

            March 1998           4,093          27,119            100.0               _                  6.6
            March 1999           3,146          26,150             76.9             76.9                 8.3
            March 2000           2,637          23,800             64.4             83.8                 9.0
            March 2001           2,259          21,254             55.2             85.7                 9.4
            March 2002           2,023          20,439             49.4             89.6                10.1
            March 2003           1,865          20,677             45.6             92.2                11.1
            March 2004           1,730          19,817             42.3             92.8                11.5
            March 2005           1,593          19,364             38.9             92.1                12.2
            March 2006           1,489          18,862             36.4             93.5                12.7
            March 2007           1,389          19,186             33.9             93.3                13.8
            March 2008           1,291          19,177             31.5             92.9                14.9
            March 2009           1,187          18,091             29.0             91.9                15.2
            March 2010           1,148          16,608             28.0             96.7                14.5
            March 2011           1,081          16,133             26.4             94.2                14.9
            March 2012           1,050          15,865             25.7             97.1                15.1
            March 2013           1,000          15,211             24.4             95.2                15.2
            March 2014             953          15,049             23.3             95.3                15.8
            March 2015             901          14,889             22.0             94.5                16.5
            March 2016             874          14,562             21.4             97.0                16.7
            March 2017             824          14,261             20.1             94.3                17.3
            March 2018             787          14,135             19.2             95.5                18.0
            March 2019             758          13,673             18.5             96.3                18.0
            March 2020             713          13,192             17.4             94.1                18.5
            March 2021             672          12,157             16.4             94.2                18.1
            March 2022             639          12,060             15.6             95.1                18.9
            March 2023             598          11,987             14.6             93.6                20.0
            March 2024             564          11,760             13.8             94.3                20.9
 
Annual openings
Year ended: March 1999

            March 1999           3,947          24,536            100.0               _                  6.2
            March 2000           2,951          25,782             74.8             74.8                 8.7
            March 2001           2,481          25,897             62.9             84.1                10.4
            March 2002           2,155          24,677             54.6             86.9                11.5
            March 2003           1,932          23,013             48.9             89.7                11.9
            March 2004           1,770          21,167             44.8             91.6                12.0
            March 2005           1,596          20,007             40.4             90.2                12.5
            March 2006           1,485          20,451             37.6             93.0                13.8
            March 2007           1,416          21,327             35.9             95.4                15.1
            March 2008           1,318          19,474             33.4             93.1                14.8
            March 2009           1,206          18,582             30.6             91.5                15.4
            March 2010           1,112          17,015             28.2             92.2                15.3
            March 2011           1,061          16,756             26.9             95.4                15.8
            March 2012           1,001          16,334             25.4             94.3                16.3
            March 2013             996          16,273             25.2             99.5                16.3
            March 2014             935          15,834             23.7             93.9                16.9
            March 2015             889          15,520             22.5             95.1                17.5
            March 2016             857          15,181             21.7             96.4                17.7
            March 2017             813          14,653             20.6             94.9                18.0
            March 2018             774          14,290             19.6             95.2                18.5
            March 2019             735          14,208             18.6             95.0                19.3
            March 2020             703          13,063             17.8             95.6                18.6
            March 2021             660          12,573             16.7             93.9                19.1
            March 2022             631          13,418             16.0             95.6                21.3
            March 2023             590          13,685             14.9             93.5                23.2
            March 2024             553          13,248             14.0             93.7                24.0
 
Annual openings
Year ended: March 2000

            March 2000           3,880          21,354            100.0               _                  5.5
            March 2001           2,878          20,306             74.2             74.2                 7.1
            March 2002           2,389          18,949             61.6             83.0                 7.9
            March 2003           2,070          18,218             53.4             86.6                 8.8
            March 2004           1,858          18,422             47.9             89.8                 9.9
            March 2005           1,671          17,597             43.1             89.9                10.5
            March 2006           1,560          17,841             40.2             93.4                11.4
            March 2007           1,426          17,786             36.8             91.4                12.5
            March 2008           1,355          17,470             34.9             95.0                12.9
            March 2009           1,244          16,078             32.1             91.8                12.9
            March 2010           1,168          15,089             30.1             93.9                12.9
            March 2011           1,146          14,709             29.5             98.1                12.8
            March 2012           1,086          14,101             28.0             94.8                13.0
            March 2013           1,047          13,323             27.0             96.4                12.7
            March 2014           1,011          12,954             26.1             96.6                12.8
            March 2015             952          12,831             24.5             94.2                13.5
            March 2016             921          12,481             23.7             96.7                13.6
            March 2017             881          11,976             22.7             95.7                13.6
            March 2018             828          11,534             21.3             94.0                13.9
            March 2019             801          11,620             20.6             96.7                14.5
            March 2020             751          11,622             19.4             93.8                15.5
            March 2021             713          10,625             18.4             94.9                14.9
            March 2022             696          10,359             17.9             97.6                14.9
            March 2023             667          10,232             17.2             95.8                15.3
            March 2024             619          10,229             16.0             92.8                16.5
 
Annual openings
Year ended: March 2001

            March 2001           4,082          22,393            100.0               _                  5.5
            March 2002           3,024          20,140             74.1             74.1                 6.7
            March 2003           2,530          19,585             62.0             83.7                 7.7
            March 2004           2,255          18,293             55.2             89.1                 8.1
            March 2005           2,017          18,342             49.4             89.4                 9.1
            March 2006           1,875          19,027             45.9             93.0                10.1
            March 2007           1,724          18,986             42.2             91.9                11.0
            March 2008           1,579          18,424             38.7             91.6                11.7
            March 2009           1,393          15,256             34.1             88.2                11.0
            March 2010           1,301          14,097             31.9             93.4                10.8
            March 2011           1,261          13,647             30.9             96.9                10.8
            March 2012           1,191          13,341             29.2             94.4                11.2
            March 2013           1,136          13,132             27.8             95.4                11.6
            March 2014           1,052          12,614             25.8             92.6                12.0
            March 2015             991          12,803             24.3             94.2                12.9
            March 2016             946          12,675             23.2             95.5                13.4
            March 2017             895          12,674             21.9             94.6                14.2
            March 2018             889          12,318             21.8             99.3                13.9
            March 2019             821          11,897             20.1             92.4                14.5
            March 2020             773          11,630             18.9             94.2                15.0
            March 2021             714          10,737             17.5             92.4                15.0
            March 2022             697          11,062             17.1             97.6                15.9
            March 2023             659          10,903             16.1             94.5                16.5
            March 2024             622          11,348             15.2             94.4                18.2
 
Annual openings
Year ended: March 2002

            March 2002           3,803          22,041            100.0               _                  5.8
            March 2003           2,877          20,865             75.7             75.7                 7.3
            March 2004           2,451          20,743             64.4             85.2                 8.5
            March 2005           2,116          20,536             55.6             86.3                 9.7
            March 2006           1,927          20,310             50.7             91.1                10.5
            March 2007           1,738          18,775             45.7             90.2                10.8
            March 2008           1,591          18,158             41.8             91.5                11.4
            March 2009           1,417          15,990             37.3             89.1                11.3
            March 2010           1,323          14,992             34.8             93.4                11.3
            March 2011           1,223          14,840             32.2             92.4                12.1
            March 2012           1,139          14,488             30.0             93.1                12.7
            March 2013           1,140          14,902             30.0            100.1                13.1
            March 2014           1,080          14,474             28.4             94.7                13.4
            March 2015           1,008          13,845             26.5             93.3                13.7
            March 2016             959          13,274             25.2             95.1                13.8
            March 2017             922          13,050             24.2             96.1                14.2
            March 2018             885          13,296             23.3             96.0                15.0
            March 2019             840          13,018             22.1             94.9                15.5
            March 2020             785          12,677             20.6             93.5                16.1
            March 2021             755          11,796             19.9             96.2                15.6
            March 2022             710          11,273             18.7             94.0                15.9
            March 2023             681          11,138             17.9             95.9                16.4
            March 2024             629          10,970             16.5             92.4                17.4
 
Annual openings
Year ended: March 2003

            March 2003           3,780          21,871            100.0               _                  5.8
            March 2004           2,893          20,937             76.5             76.5                 7.2
            March 2005           2,412          20,446             63.8             83.4                 8.5
            March 2006           2,161          20,610             57.2             89.6                 9.5
            March 2007           1,929          20,382             51.0             89.3                10.6
            March 2008           1,751          19,602             46.3             90.8                11.2
            March 2009           1,569          18,139             41.5             89.6                11.6
            March 2010           1,446          17,193             38.3             92.2                11.9
            March 2011           1,334          16,810             35.3             92.3                12.6
            March 2012           1,242          16,285             32.9             93.1                13.1
            March 2013           1,189          16,193             31.5             95.7                13.6
            March 2014           1,100          15,464             29.1             92.5                14.1
            March 2015           1,016          15,046             26.9             92.4                14.8
            March 2016             986          14,632             26.1             97.0                14.8
            March 2017             930          15,004             24.6             94.3                16.1
            March 2018             895          14,638             23.7             96.2                16.4
            March 2019             846          14,665             22.4             94.5                17.3
            March 2020             809          13,860             21.4             95.6                17.1
            March 2021             773          12,472             20.4             95.6                16.1
            March 2022             732          12,793             19.4             94.7                17.5
            March 2023             701          12,450             18.5             95.8                17.8
            March 2024             673          12,285             17.8             96.0                18.3
 
Annual openings
Year ended: March 2004

            March 2004           3,999          22,133            100.0               _                  5.5
            March 2005           2,991          21,805             74.8             74.8                 7.3
            March 2006           2,586          21,181             64.7             86.5                 8.2
            March 2007           2,265          20,713             56.6             87.6                 9.1
            March 2008           2,055          20,422             51.4             90.7                 9.9
            March 2009           1,799          18,676             45.0             87.5                10.4
            March 2010           1,631          18,146             40.8             90.7                11.1
            March 2011           1,515          18,033             37.9             92.9                11.9
            March 2012           1,415          17,421             35.4             93.4                12.3
            March 2013           1,310          16,551             32.8             92.6                12.6
            March 2014           1,228          16,262             30.7             93.7                13.2
            March 2015           1,161          15,923             29.0             94.5                13.7
            March 2016           1,113          15,190             27.8             95.9                13.6
            March 2017           1,074          15,424             26.9             96.5                14.4
            March 2018           1,008          15,105             25.2             93.9                15.0
            March 2019             951          14,971             23.8             94.3                15.7
            March 2020             912          14,252             22.8             95.9                15.6
            March 2021             866          12,803             21.7             95.0                14.8
            March 2022             826          13,004             20.7             95.4                15.7
            March 2023             789          13,103             19.7             95.5                16.6
            March 2024             748          12,807             18.7             94.8                17.1
 
Annual openings
Year ended: March 2005

            March 2005           4,098          21,804            100.0               _                  5.3
            March 2006           3,217          21,755             78.5             78.5                 6.8
            March 2007           2,732          21,607             66.7             84.9                 7.9
            March 2008           2,388          21,585             58.3             87.4                 9.0
            March 2009           2,085          18,922             50.9             87.3                 9.1
            March 2010           1,875          18,165             45.8             89.9                 9.7
            March 2011           1,701          18,312             41.5             90.7                10.8
            March 2012           1,581          17,749             38.6             92.9                11.2
            March 2013           1,515          17,545             37.0             95.8                11.6
            March 2014           1,418          17,463             34.6             93.6                12.3
            March 2015           1,320          16,476             32.2             93.1                12.5
            March 2016           1,257          15,998             30.7             95.2                12.7
            March 2017           1,208          15,845             29.5             96.1                13.1
            March 2018           1,147          15,985             28.0             95.0                13.9
            March 2019           1,090          15,803             26.6             95.0                14.5
            March 2020           1,010          15,167             24.6             92.7                15.0
            March 2021             949          13,835             23.2             94.0                14.6
            March 2022             908          14,370             22.2             95.7                15.8
            March 2023             875          14,417             21.4             96.4                16.5
            March 2024             823          14,290             20.1             94.1                17.4
 
Annual openings
Year ended: March 2006

            March 2006           4,469          23,212            100.0               _                  5.2
            March 2007           3,398          22,995             76.0             76.0                 6.8
            March 2008           2,912          21,746             65.2             85.7                 7.5
            March 2009           2,449          20,132             54.8             84.1                 8.2
            March 2010           2,152          19,510             48.2             87.9                 9.1
            March 2011           2,028          19,687             45.4             94.2                 9.7
            March 2012           1,843          19,382             41.2             90.9                10.5
            March 2013           1,730          19,156             38.7             93.9                11.1
            March 2014           1,566          17,985             35.0             90.5                11.5
            March 2015           1,466          17,864             32.8             93.6                12.2
            March 2016           1,365          17,752             30.5             93.1                13.0
            March 2017           1,290          17,307             28.9             94.5                13.4
            March 2018           1,222          16,850             27.3             94.7                13.8
            March 2019           1,158          16,060             25.9             94.8                13.9
            March 2020           1,083          15,687             24.2             93.5                14.5
            March 2021           1,016          14,592             22.7             93.8                14.4
            March 2022             960          15,301             21.5             94.5                15.9
            March 2023             910          14,948             20.4             94.8                16.4
            March 2024             846          15,717             18.9             93.0                18.6
 
Annual openings
Year ended: March 2007

            March 2007           4,529          34,185            100.0               _                  7.5
            March 2008           3,446          34,183             76.1             76.1                 9.9
            March 2009           2,781          30,790             61.4             80.7                11.1
            March 2010           2,442          29,047             53.9             87.8                11.9
            March 2011           2,209          28,651             48.8             90.5                13.0
            March 2012           1,967          27,656             43.4             89.0                14.1
            March 2013           1,848          26,799             40.8             94.0                14.5
            March 2014           1,661          26,046             36.7             89.9                15.7
            March 2015           1,522          25,635             33.6             91.6                16.8
            March 2016           1,433          25,363             31.6             94.2                17.7
            March 2017           1,316          25,414             29.1             91.8                19.3
            March 2018           1,234          25,345             27.2             93.8                20.5
            March 2019           1,164          25,411             25.7             94.3                21.8
            March 2020           1,109          26,427             24.5             95.3                23.8
            March 2021           1,028          25,527             22.7             92.7                24.8
            March 2022             975          26,329             21.5             94.8                27.0
            March 2023             918          27,683             20.3             94.2                30.2
            March 2024             868          28,858             19.2             94.6                33.2
 
Annual openings
Year ended: March 2008

            March 2008           4,415          21,835            100.0               _                  4.9
            March 2009           3,197          18,568             72.4             72.4                 5.8
            March 2010           2,653          17,674             60.1             83.0                 6.7
            March 2011           2,316          17,651             52.5             87.3                 7.6
            March 2012           2,101          17,055             47.6             90.7                 8.1
            March 2013           1,922          16,937             43.5             91.5                 8.8
            March 2014           1,746          15,725             39.5             90.8                 9.0
            March 2015           1,606          15,538             36.4             92.0                 9.7
            March 2016           1,499          15,588             34.0             93.3                10.4
            March 2017           1,378          15,263             31.2             91.9                11.1
            March 2018           1,307          14,775             29.6             94.8                11.3
            March 2019           1,232          14,763             27.9             94.3                12.0
            March 2020           1,136          14,475             25.7             92.2                12.7
            March 2021           1,073          12,772             24.3             94.5                11.9
            March 2022           1,024          13,187             23.2             95.4                12.9
            March 2023             952          13,559             21.6             93.0                14.2
            March 2024             872          13,177             19.8             91.6                15.1
 
Annual openings
Year ended: March 2009

            March 2009           3,871          16,872            100.0               _                  4.4
            March 2010           2,920          15,922             75.4             75.4                 5.5
            March 2011           2,470          15,961             63.8             84.6                 6.5
            March 2012           2,172          15,083             56.1             87.9                 6.9
            March 2013           1,928          15,002             49.8             88.8                 7.8
            March 2014           1,724          15,004             44.5             89.4                 8.7
            March 2015           1,557          14,766             40.2             90.3                 9.5
            March 2016           1,431          14,630             37.0             91.9                10.2
            March 2017           1,336          14,030             34.5             93.4                10.5
            March 2018           1,233          13,244             31.9             92.3                10.7
            March 2019           1,171          12,648             30.3             95.0                10.8
            March 2020           1,092          12,344             28.2             93.3                11.3
            March 2021           1,008          10,889             26.0             92.3                10.8
            March 2022             937          10,724             24.2             93.0                11.4
            March 2023             894          10,576             23.1             95.4                11.8
            March 2024             830          10,477             21.4             92.8                12.6
 
Annual openings
Year ended: March 2010

            March 2010           3,381          15,406            100.0               _                  4.6
            March 2011           2,589          14,806             76.6             76.6                 5.7
            March 2012           2,226          14,806             65.8             86.0                 6.7
            March 2013           1,973          14,945             58.4             88.6                 7.6
            March 2014           1,717          14,382             50.8             87.0                 8.4
            March 2015           1,558          13,766             46.1             90.7                 8.8
            March 2016           1,439          13,530             42.6             92.4                 9.4
            March 2017           1,355          13,383             40.1             94.2                 9.9
            March 2018           1,248          12,592             36.9             92.1                10.1
            March 2019           1,166          12,610             34.5             93.4                10.8
            March 2020           1,089          12,254             32.2             93.4                11.3
            March 2021           1,011          11,033             29.9             92.8                10.9
            March 2022             978          11,073             28.9             96.7                11.3
            March 2023             896          11,099             26.5             91.6                12.4
            March 2024             844          11,354             25.0             94.2                13.5
 
Annual openings
Year ended: March 2011

            March 2011           3,340          14,136            100.0               _                  4.2
            March 2012           2,511          13,760             75.2             75.2                 5.5
            March 2013           2,173          13,716             65.1             86.5                 6.3
            March 2014           1,887          13,343             56.5             86.8                 7.1
            March 2015           1,682          13,404             50.4             89.1                 8.0
            March 2016           1,506          12,386             45.1             89.5                 8.2
            March 2017           1,416          12,835             42.4             94.0                 9.1
            March 2018           1,287          12,685             38.5             90.9                 9.9
            March 2019           1,194          12,245             35.7             92.8                10.3
            March 2020           1,089          12,357             32.6             91.2                11.3
            March 2021           1,016          11,239             30.4             93.3                11.1
            March 2022             982          11,339             29.4             96.7                11.5
            March 2023             913          12,257             27.3             93.0                13.4
            March 2024             842          11,728             25.2             92.2                13.9
 
Annual openings
Year ended: March 2012

            March 2012           3,605          17,375            100.0               _                  4.8
            March 2013           2,825          17,536             78.4             78.4                 6.2
            March 2014           2,317          16,843             64.3             82.0                 7.3
            March 2015           2,043          16,773             56.7             88.2                 8.2
            March 2016           1,833          15,920             50.8             89.7                 8.7
            March 2017           1,689          15,173             46.9             92.1                 9.0
            March 2018           1,541          16,680             42.7             91.2                10.8
            March 2019           1,400          16,172             38.8             90.9                11.6
            March 2020           1,304          15,095             36.2             93.1                11.6
            March 2021           1,203          13,751             33.4             92.3                11.4
            March 2022           1,140          14,330             31.6             94.8                12.6
            March 2023           1,060          14,525             29.4             93.0                13.7
            March 2024             975          13,107             27.0             92.0                13.4
 
Annual openings
Year ended: March 2013

            March 2013           3,375          13,714            100.0               _                  4.1
            March 2014           2,517          13,457             74.6             74.6                 5.3
            March 2015           2,200          13,708             65.2             87.4                 6.2
            March 2016           1,931          14,022             57.2             87.8                 7.3
            March 2017           1,713          13,886             50.8             88.7                 8.1
            March 2018           1,585          13,521             47.0             92.5                 8.5
            March 2019           1,447          13,621             42.9             91.3                 9.4
            March 2020           1,317          13,109             39.0             91.0                10.0
            March 2021           1,198          12,372             35.5             91.0                10.3
            March 2022           1,135          13,225             33.6             94.7                11.7
            March 2023           1,070          13,102             31.7             94.3                12.2
            March 2024             984          13,287             29.2             92.0                13.5
 
Annual openings
Year ended: March 2014

            March 2014           3,906          18,801            100.0               _                  4.8
            March 2015           2,969          17,572             76.0             76.0                 5.9
            March 2016           2,554          16,554             65.4             86.0                 6.5
            March 2017           2,245          16,008             57.5             87.9                 7.1
            March 2018           1,990          16,394             50.9             88.6                 8.2
            March 2019           1,810          16,670             46.3             91.0                 9.2
            March 2020           1,669          16,586             42.7             92.2                 9.9
            March 2021           1,518          14,777             38.9             91.0                 9.7
            March 2022           1,411          16,117             36.1             93.0                11.4
            March 2023           1,349          17,295             34.5             95.6                12.8
            March 2024           1,202          15,976             30.8             89.1                13.3
 
Annual openings
Year ended: March 2015

            March 2015           4,538          17,973            100.0               _                  4.0
            March 2016           3,647          17,135             80.4             80.4                 4.7
            March 2017           3,186          16,427             70.2             87.4                 5.2
            March 2018           2,781          16,784             61.3             87.3                 6.0
            March 2019           2,464          16,500             54.3             88.6                 6.7
            March 2020           2,239          15,722             49.3             90.9                 7.0
            March 2021           2,009          13,829             44.3             89.7                 6.9
            March 2022           1,881          14,602             41.4             93.6                 7.8
            March 2023           1,472          14,398             32.4             78.3                 9.8
            March 2024           1,323          14,050             29.2             89.9                10.6
 
Annual openings
Year ended: March 2016

            March 2016           4,037          17,549            100.0               _                  4.3
            March 2017           3,078          16,674             76.2             76.2                 5.4
            March 2018           2,668          16,484             66.1             86.7                 6.2
            March 2019           2,344          16,398             58.1             87.9                 7.0
            March 2020           2,092          17,114             51.8             89.2                 8.2
            March 2021           1,889          14,627             46.8             90.3                 7.7
            March 2022           1,763          16,031             43.7             93.3                 9.1
            March 2023           1,600          16,657             39.6             90.8                10.4
            March 2024           1,459          16,381             36.1             91.2                11.2
 
Annual openings
Year ended: March 2017

            March 2017           3,950          16,185            100.0               _                  4.1
            March 2018           3,140          16,108             79.5             79.5                 5.1
            March 2019           2,667          15,526             67.5             84.9                 5.8
            March 2020           2,351          14,999             59.5             88.2                 6.4
            March 2021           2,166          13,997             54.8             92.1                 6.5
            March 2022           1,993          14,602             50.5             92.0                 7.3
            March 2023           1,750          14,219             44.3             87.8                 8.1
            March 2024           1,567          13,585             39.7             89.5                 8.7
 
Annual openings
Year ended: March 2018

            March 2018           4,169          17,275            100.0               _                  4.1
            March 2019           3,271          18,108             78.5             78.5                 5.5
            March 2020           2,835          17,093             68.0             86.7                 6.0
            March 2021           2,526          15,472             60.6             89.1                 6.1
            March 2022           2,275          15,193             54.6             90.1                 6.7
            March 2023           2,007          15,099             48.1             88.2                 7.5
            March 2024           1,802          14,956             43.2             89.8                 8.3
 
Annual openings
Year ended: March 2019

            March 2019           4,023          16,748            100.0               _                  4.2
            March 2020           3,207          17,585             79.7             79.7                 5.5
            March 2021           2,731          15,393             67.9             85.2                 5.6
            March 2022           2,449          20,671             60.9             89.7                 8.4
            March 2023           2,194          19,359             54.5             89.6                 8.8
            March 2024           1,954          18,565             48.6             89.1                 9.5
 
Annual openings
Year ended: March 2020

            March 2020           4,531          18,635            100.0               _                  4.1
            March 2021           3,534          15,264             78.0             78.0                 4.3
            March 2022           3,049          16,253             67.3             86.3                 5.3
            March 2023           2,662          16,083             58.8             87.3                 6.0
            March 2024           2,309          15,265             51.0             86.7                 6.6
 
Annual openings
Year ended: March 2021

            March 2021           4,331          16,236            100.0               _                  3.7
            March 2022           3,283          15,988             75.8             75.8                 4.9
            March 2023           2,709          15,398             62.5             82.5                 5.7
            March 2024           2,284          15,195             52.7             84.3                 6.7
 
Annual openings
Year ended: March 2022

            March 2022           5,477          18,699            100.0               _                  3.4
            March 2023           4,074          17,672             74.4             74.4                 4.3
            March 2024           3,324          17,212             60.7             81.6                 5.2
 
Annual openings
Year ended: March 2023

            March 2023           5,867          20,715            100.0               _                  3.5
            March 2024           4,329          19,490             73.8             73.8                 4.5
 
Annual openings
Year ended: March 2024

            March 2024           5,023          17,408            100.0               _                  3.5
 
NOTE: A '_' indicates that the data are not available and a 'N' indicates that the data do not meet BLS disclosure standards.
