Table 7. Survival of private sector establishments by opening year

Total Private

Nevada

                          Surviving       Total Employment   Survival Rates   Survival Rates of   Average Employment
                          Establishments  of Survivors       Since Birth      Previous Year's     of Survivors
                                                                              Survivors

Annual openings
Year ended: March 1994

            March 1994           4,861          43,208            100.0               _                  8.9
            March 1995           3,802          44,663             78.2             78.2                11.7
            March 1996           3,194          43,466             65.7             84.0                13.6
            March 1997           2,804          44,247             57.7             87.8                15.8
            March 1998           2,570          43,513             52.9             91.7                16.9
            March 1999           2,268          42,810             46.7             88.2                18.9
            March 2000           2,050          41,554             42.2             90.4                20.3
            March 2001           1,853          39,889             38.1             90.4                21.5
            March 2002           1,671          37,330             34.4             90.2                22.3
            March 2003           1,571          37,276             32.3             94.0                23.7
            March 2004           1,501          36,864             30.9             95.5                24.6
            March 2005           1,425          37,805             29.3             94.9                26.5
            March 2006           1,381          38,630             28.4             96.9                28.0
            March 2007           1,330          37,744             27.4             96.3                28.4
            March 2008           1,264          39,810             26.0             95.0                31.5
            March 2009           1,177          34,899             24.2             93.1                29.7
            March 2010           1,095          31,796             22.5             93.0                29.0
            March 2011           1,071          30,853             22.0             97.8                28.8
            March 2012           1,011          31,292             20.8             94.4                31.0
            March 2013             972          30,793             20.0             96.1                31.7
            March 2014             948          30,890             19.5             97.5                32.6
            March 2015             925          31,780             19.0             97.6                34.4
            March 2016             911          30,914             18.7             98.5                33.9
            March 2017             861          31,599             17.7             94.5                36.7
            March 2018             816          32,828             16.8             94.8                40.2
            March 2019             786          33,518             16.2             96.3                42.6
            March 2020             752          32,510             15.5             95.7                43.2
            March 2021             714          25,983             14.7             94.9                36.4
            March 2022             693          29,718             14.3             97.1                42.9
            March 2023             644          29,699             13.2             92.9                46.1
            March 2024             607          29,905             12.5             94.3                49.3
 
Annual openings
Year ended: March 1995

            March 1995           4,952          45,623            100.0               _                  9.2
            March 1996           3,801          49,397             76.8             76.8                13.0
            March 1997           3,267          47,799             66.0             86.0                14.6
            March 1998           2,862          44,194             57.8             87.6                15.4
            March 1999           2,501          43,462             50.5             87.4                17.4
            March 2000           2,237          43,834             45.2             89.4                19.6
            March 2001           2,047          43,910             41.3             91.5                21.5
            March 2002           1,857          39,795             37.5             90.7                21.4
            March 2003           1,744          39,238             35.2             93.9                22.5
            March 2004           1,678          38,361             33.9             96.2                22.9
            March 2005           1,586          38,432             32.0             94.5                24.2
            March 2006           1,514          39,236             30.6             95.5                25.9
            March 2007           1,449          38,192             29.3             95.7                26.4
            March 2008           1,372          34,808             27.7             94.7                25.4
            March 2009           1,258          28,961             25.4             91.7                23.0
            March 2010           1,171          27,807             23.6             93.1                23.7
            March 2011           1,132          26,997             22.9             96.7                23.8
            March 2012           1,073          26,316             21.7             94.8                24.5
            March 2013           1,041          26,606             21.0             97.0                25.6
            March 2014           1,001          26,482             20.2             96.2                26.5
            March 2015             965          26,217             19.5             96.4                27.2
            March 2016             923          26,243             18.6             95.6                28.4
            March 2017             912          26,875             18.4             98.8                29.5
            March 2018             881          26,383             17.8             96.6                29.9
            March 2019             840          25,419             17.0             95.3                30.3
            March 2020             809          24,835             16.3             96.3                30.7
            March 2021             784          19,474             15.8             96.9                24.8
            March 2022             771          21,654             15.6             98.3                28.1
            March 2023             730          21,181             14.7             94.7                29.0
            March 2024             701          20,946             14.2             96.0                29.9
 
Annual openings
Year ended: March 1996

            March 1996           5,593          50,334            100.0               _                  9.0
            March 1997           4,364          57,626             78.0             78.0                13.2
            March 1998           3,741          53,531             66.9             85.7                14.3
            March 1999           3,261          53,158             58.3             87.2                16.3
            March 2000           2,918          51,654             52.2             89.5                17.7
            March 2001           2,604          50,669             46.6             89.2                19.5
            March 2002           2,376          47,720             42.5             91.2                20.1
            March 2003           2,180          47,690             39.0             91.8                21.9
            March 2004           2,082          48,491             37.2             95.5                23.3
            March 2005           2,065          49,040             36.9             99.2                23.7
            March 2006           1,968          48,628             35.2             95.3                24.7
            March 2007           1,886          46,530             33.7             95.8                24.7
            March 2008           1,781          43,084             31.8             94.4                24.2
            March 2009           1,627          37,932             29.1             91.4                23.3
            March 2010           1,542          36,014             27.6             94.8                23.4
            March 2011           1,455          34,532             26.0             94.4                23.7
            March 2012           1,406          34,393             25.1             96.6                24.5
            March 2013           1,359          33,949             24.3             96.7                25.0
            March 2014           1,299          34,684             23.2             95.6                26.7
            March 2015           1,253          35,194             22.4             96.5                28.1
            March 2016           1,223          34,520             21.9             97.6                28.2
            March 2017           1,195          34,598             21.4             97.7                29.0
            March 2018           1,127          35,715             20.2             94.3                31.7
            March 2019           1,085          36,845             19.4             96.3                34.0
            March 2020           1,048          36,158             18.7             96.6                34.5
            March 2021           1,016          30,851             18.2             96.9                30.4
            March 2022           1,002          34,289             17.9             98.6                34.2
            March 2023             947          34,144             16.9             94.5                36.1
            March 2024             920          33,753             16.4             97.1                36.7
 
Annual openings
Year ended: March 1997

            March 1997           5,917          48,893            100.0               _                  8.3
            March 1998           4,679          50,507             79.1             79.1                10.8
            March 1999           3,895          50,660             65.8             83.2                13.0
            March 2000           3,323          51,830             56.2             85.3                15.6
            March 2001           2,986          50,621             50.5             89.9                17.0
            March 2002           2,644          46,622             44.7             88.5                17.6
            March 2003           2,425          45,075             41.0             91.7                18.6
            March 2004           2,313          44,940             39.1             95.4                19.4
            March 2005           2,208          47,565             37.3             95.5                21.5
            March 2006           2,132          48,801             36.0             96.6                22.9
            March 2007           2,045          48,053             34.6             95.9                23.5
            March 2008           1,995          43,841             33.7             97.6                22.0
            March 2009           1,849          37,320             31.2             92.7                20.2
            March 2010           1,724          34,130             29.1             93.2                19.8
            March 2011           1,641          33,380             27.7             95.2                20.3
            March 2012           1,588          33,662             26.8             96.8                21.2
            March 2013           1,533          33,405             25.9             96.5                21.8
            March 2014           1,472          33,514             24.9             96.0                22.8
            March 2015           1,425          33,826             24.1             96.8                23.7
            March 2016           1,367          33,357             23.1             95.9                24.4
            March 2017           1,333          34,152             22.5             97.5                25.6
            March 2018           1,280          33,381             21.6             96.0                26.1
            March 2019           1,228          34,012             20.8             95.9                27.7
            March 2020           1,204          35,251             20.3             98.0                29.3
            March 2021           1,157          29,523             19.6             96.1                25.5
            March 2022           1,124          30,824             19.0             97.1                27.4
            March 2023           1,081          31,301             18.3             96.2                29.0
            March 2024           1,023          32,273             17.3             94.6                31.5
 
Annual openings
Year ended: March 1998

            March 1998           5,901          44,525            100.0               _                  7.5
            March 1999           4,535          46,673             76.9             76.9                10.3
            March 2000           3,769          47,965             63.9             83.1                12.7
            March 2001           3,210          46,363             54.4             85.2                14.4
            March 2002           2,849          43,989             48.3             88.8                15.4
            March 2003           2,557          42,601             43.3             89.8                16.7
            March 2004           2,438          43,090             41.3             95.3                17.7
            March 2005           2,356          43,551             39.9             96.6                18.5
            March 2006           2,255          44,631             38.2             95.7                19.8
            March 2007           2,139          43,499             36.2             94.9                20.3
            March 2008           2,019          40,895             34.2             94.4                20.3
            March 2009           1,846          36,081             31.3             91.4                19.5
            March 2010           1,722          32,519             29.2             93.3                18.9
            March 2011           1,649          31,877             27.9             95.8                19.3
            March 2012           1,564          30,867             26.5             94.8                19.7
            March 2013           1,512          30,475             25.6             96.7                20.2
            March 2014           1,459          29,054             24.7             96.5                19.9
            March 2015           1,400          28,571             23.7             96.0                20.4
            March 2016           1,339          28,985             22.7             95.6                21.6
            March 2017           1,249          28,757             21.2             93.3                23.0
            March 2018           1,190          28,170             20.2             95.3                23.7
            March 2019           1,149          28,692             19.5             96.6                25.0
            March 2020           1,078          29,183             18.3             93.8                27.1
            March 2021           1,039          26,378             17.6             96.4                25.4
            March 2022           1,014          28,655             17.2             97.6                28.3
            March 2023             966          29,467             16.4             95.3                30.5
            March 2024             935          28,832             15.8             96.8                30.8
 
Annual openings
Year ended: March 1999

            March 1999           6,044          51,435            100.0               _                  8.5
            March 2000           4,626          54,614             76.5             76.5                11.8
            March 2001           3,868          57,235             64.0             83.6                14.8
            March 2002           3,297          52,421             54.5             85.2                15.9
            March 2003           2,958          51,213             48.9             89.7                17.3
            March 2004           2,759          52,821             45.6             93.3                19.1
            March 2005           2,643          54,958             43.7             95.8                20.8
            March 2006           2,493          57,977             41.2             94.3                23.3
            March 2007           2,365          54,490             39.1             94.9                23.0
            March 2008           2,192          50,711             36.3             92.7                23.1
            March 2009           2,020          43,867             33.4             92.2                21.7
            March 2010           1,903          40,755             31.5             94.2                21.4
            March 2011           1,810          40,077             29.9             95.1                22.1
            March 2012           1,724          40,924             28.5             95.2                23.7
            March 2013           1,668          41,766             27.6             96.8                25.0
            March 2014           1,607          43,019             26.6             96.3                26.8
            March 2015           1,568          43,693             25.9             97.6                27.9
            March 2016           1,507          44,210             24.9             96.1                29.3
            March 2017           1,431          44,981             23.7             95.0                31.4
            March 2018           1,394          44,150             23.1             97.4                31.7
            March 2019           1,328          44,226             22.0             95.3                33.3
            March 2020           1,269          43,278             21.0             95.6                34.1
            March 2021           1,226          36,263             20.3             96.6                29.6
            March 2022           1,178          40,412             19.5             96.1                34.3
            March 2023           1,107          41,732             18.3             94.0                37.7
            March 2024           1,080          41,294             17.9             97.6                38.2
 
Annual openings
Year ended: March 2000

            March 2000           6,147          41,526            100.0               _                  6.8
            March 2001           4,643          48,297             75.5             75.5                10.4
            March 2002           3,907          45,151             63.6             84.1                11.6
            March 2003           3,347          44,917             54.4             85.7                13.4
            March 2004           3,124          44,635             50.8             93.3                14.3
            March 2005           2,916          46,857             47.4             93.3                16.1
            March 2006           2,770          48,241             45.1             95.0                17.4
            March 2007           2,592          46,534             42.2             93.6                18.0
            March 2008           2,415          44,776             39.3             93.2                18.5
            March 2009           2,203          39,033             35.8             91.2                17.7
            March 2010           2,020          35,424             32.9             91.7                17.5
            March 2011           1,917          33,954             31.2             94.9                17.7
            March 2012           1,810          34,054             29.4             94.4                18.8
            March 2013           1,740          33,853             28.3             96.1                19.5
            March 2014           1,710          34,266             27.8             98.3                20.0
            March 2015           1,642          34,882             26.7             96.0                21.2
            March 2016           1,577          34,314             25.7             96.0                21.8
            March 2017           1,503          34,082             24.5             95.3                22.7
            March 2018           1,465          33,905             23.8             97.5                23.1
            March 2019           1,399          32,660             22.8             95.5                23.3
            March 2020           1,353          32,241             22.0             96.7                23.8
            March 2021           1,320          28,609             21.5             97.6                21.7
            March 2022           1,307          30,513             21.3             99.0                23.3
            March 2023           1,240          30,787             20.2             94.9                24.8
            March 2024           1,192          30,307             19.4             96.1                25.4
 
Annual openings
Year ended: March 2001

            March 2001           6,365          43,314            100.0               _                  6.8
            March 2002           4,588          43,126             72.1             72.1                 9.4
            March 2003           3,898          44,650             61.2             85.0                11.5
            March 2004           3,483          44,020             54.7             89.4                12.6
            March 2005           3,169          44,288             49.8             91.0                14.0
            March 2006           2,959          45,659             46.5             93.4                15.4
            March 2007           2,752          45,685             43.2             93.0                16.6
            March 2008           2,577          42,384             40.5             93.6                16.4
            March 2009           2,344          36,804             36.8             91.0                15.7
            March 2010           2,140          34,251             33.6             91.3                16.0
            March 2011           2,012          33,751             31.6             94.0                16.8
            March 2012           1,921          33,765             30.2             95.5                17.6
            March 2013           1,826          33,045             28.7             95.1                18.1
            March 2014           1,747          33,216             27.4             95.7                19.0
            March 2015           1,665          32,789             26.2             95.3                19.7
            March 2016           1,603          32,150             25.2             96.3                20.1
            March 2017           1,517          31,436             23.8             94.6                20.7
            March 2018           1,445          31,141             22.7             95.3                21.6
            March 2019           1,373          31,976             21.6             95.0                23.3
            March 2020           1,316          30,463             20.7             95.8                23.1
            March 2021           1,240          25,005             19.5             94.2                20.2
            March 2022           1,221          26,899             19.2             98.5                22.0
            March 2023           1,158          27,277             18.2             94.8                23.6
            March 2024           1,100          27,220             17.3             95.0                24.7
 
Annual openings
Year ended: March 2002

            March 2002           5,906          40,197            100.0               _                  6.8
            March 2003           4,477          41,401             75.8             75.8                 9.2
            March 2004           3,958          42,915             67.0             88.4                10.8
            March 2005           3,590          45,758             60.8             90.7                12.7
            March 2006           3,322          54,271             56.2             92.5                16.3
            March 2007           3,045          52,379             51.6             91.7                17.2
            March 2008           2,808          49,373             47.5             92.2                17.6
            March 2009           2,511          45,681             42.5             89.4                18.2
            March 2010           2,252          42,601             38.1             89.7                18.9
            March 2011           2,119          41,589             35.9             94.1                19.6
            March 2012           2,007          41,161             34.0             94.7                20.5
            March 2013           1,888          40,959             32.0             94.1                21.7
            March 2014           1,821          40,959             30.8             96.5                22.5
            March 2015           1,808          41,385             30.6             99.3                22.9
            March 2016           1,745          41,526             29.5             96.5                23.8
            March 2017           1,680          42,027             28.4             96.3                25.0
            March 2018           1,615          42,242             27.3             96.1                26.2
            March 2019           1,551          40,657             26.3             96.0                26.2
            March 2020           1,484          39,666             25.1             95.7                26.7
            March 2021           1,414          32,494             23.9             95.3                23.0
            March 2022           1,376          37,336             23.3             97.3                27.1
            March 2023           1,310          37,084             22.2             95.2                28.3
            March 2024           1,258          37,796             21.3             96.0                30.0
 
Annual openings
Year ended: March 2003

            March 2003           6,170          39,774            100.0               _                  6.4
            March 2004           5,005          42,593             81.1             81.1                 8.5
            March 2005           4,368          45,335             70.8             87.3                10.4
            March 2006           3,877          48,266             62.8             88.8                12.4
            March 2007           3,551          46,306             57.6             91.6                13.0
            March 2008           3,239          43,211             52.5             91.2                13.3
            March 2009           2,866          37,471             46.5             88.5                13.1
            March 2010           2,574          34,684             41.7             89.8                13.5
            March 2011           2,445          34,456             39.6             95.0                14.1
            March 2012           2,250          34,449             36.5             92.0                15.3
            March 2013           2,161          34,214             35.0             96.0                15.8
            March 2014           2,073          34,632             33.6             95.9                16.7
            March 2015           1,980          35,080             32.1             95.5                17.7
            March 2016           1,893          35,250             30.7             95.6                18.6
            March 2017           1,827          35,133             29.6             96.5                19.2
            March 2018           1,737          34,299             28.2             95.1                19.7
            March 2019           1,669          34,139             27.1             96.1                20.5
            March 2020           1,588          33,423             25.7             95.1                21.0
            March 2021           1,524          30,198             24.7             96.0                19.8
            March 2022           1,469          32,404             23.8             96.4                22.1
            March 2023           1,394          33,505             22.6             94.9                24.0
            March 2024           1,332          32,383             21.6             95.6                24.3
 
Annual openings
Year ended: March 2004

            March 2004           6,932          41,602            100.0               _                  6.0
            March 2005           5,525          48,681             79.7             79.7                 8.8
            March 2006           4,839          50,840             69.8             87.6                10.5
            March 2007           4,301          49,173             62.0             88.9                11.4
            March 2008           3,805          46,255             54.9             88.5                12.2
            March 2009           3,314          40,408             47.8             87.1                12.2
            March 2010           2,966          37,507             42.8             89.5                12.6
            March 2011           2,784          37,308             40.2             93.9                13.4
            March 2012           2,613          36,684             37.7             93.9                14.0
            March 2013           2,483          36,845             35.8             95.0                14.8
            March 2014           2,362          37,625             34.1             95.1                15.9
            March 2015           2,263          38,181             32.6             95.8                16.9
            March 2016           2,140          38,258             30.9             94.6                17.9
            March 2017           2,048          37,634             29.5             95.7                18.4
            March 2018           1,968          37,239             28.4             96.1                18.9
            March 2019           1,856          36,939             26.8             94.3                19.9
            March 2020           1,766          36,262             25.5             95.2                20.5
            March 2021           1,699          30,925             24.5             96.2                18.2
            March 2022           1,627          32,119             23.5             95.8                19.7
            March 2023           1,545          32,769             22.3             95.0                21.2
            March 2024           1,471          32,375             21.2             95.2                22.0
 
Annual openings
Year ended: March 2005

            March 2005           7,195          40,266            100.0               _                  5.6
            March 2006           5,737          44,025             79.7             79.7                 7.7
            March 2007           4,931          44,465             68.5             86.0                 9.0
            March 2008           4,219          40,592             58.6             85.6                 9.6
            March 2009           3,620          34,338             50.3             85.8                 9.5
            March 2010           3,190          32,844             44.3             88.1                10.3
            March 2011           2,913          36,469             40.5             91.3                12.5
            March 2012           2,708          36,458             37.6             93.0                13.5
            March 2013           2,556          36,513             35.5             94.4                14.3
            March 2014           2,443          36,472             34.0             95.6                14.9
            March 2015           2,321          36,928             32.3             95.0                15.9
            March 2016           2,177          36,844             30.3             93.8                16.9
            March 2017           2,103          38,098             29.2             96.6                18.1
            March 2018           2,025          37,544             28.1             96.3                18.5
            March 2019           1,912          37,063             26.6             94.4                19.4
            March 2020           1,804          35,877             25.1             94.4                19.9
            March 2021           1,715          30,802             23.8             95.1                18.0
            March 2022           1,692          33,361             23.5             98.7                19.7
            March 2023           1,586          33,341             22.0             93.7                21.0
            March 2024           1,557          33,813             21.6             98.2                21.7
 
Annual openings
Year ended: March 2006

            March 2006           7,497          40,518            100.0               _                  5.4
            March 2007           5,851          46,381             78.0             78.0                 7.9
            March 2008           4,826          43,989             64.4             82.5                 9.1
            March 2009           3,970          36,648             53.0             82.3                 9.2
            March 2010           3,429          33,267             45.7             86.4                 9.7
            March 2011           3,132          32,460             41.8             91.3                10.4
            March 2012           2,912          32,663             38.8             93.0                11.2
            March 2013           2,740          32,593             36.5             94.1                11.9
            March 2014           2,586          32,834             34.5             94.4                12.7
            March 2015           2,457          33,323             32.8             95.0                13.6
            March 2016           2,322          33,439             31.0             94.5                14.4
            March 2017           2,209          33,822             29.5             95.1                15.3
            March 2018           2,102          34,571             28.0             95.2                16.4
            March 2019           2,000          34,501             26.7             95.1                17.3
            March 2020           1,917          33,520             25.6             95.9                17.5
            March 2021           1,826          30,370             24.4             95.3                16.6
            March 2022           1,794          32,418             23.9             98.2                18.1
            March 2023           1,691          32,353             22.6             94.3                19.1
            March 2024           1,568          30,971             20.9             92.7                19.8
 
Annual openings
Year ended: March 2007

            March 2007           7,268          38,971            100.0               _                  5.4
            March 2008           5,506          38,572             75.8             75.8                 7.0
            March 2009           4,348          32,521             59.8             79.0                 7.5
            March 2010           3,774          37,258             51.9             86.8                 9.9
            March 2011           3,379          35,898             46.5             89.5                10.6
            March 2012           3,136          34,853             43.1             92.8                11.1
            March 2013           2,895          35,073             39.8             92.3                12.1
            March 2014           2,711          34,990             37.3             93.6                12.9
            March 2015           2,536          36,484             34.9             93.5                14.4
            March 2016           2,390          36,924             32.9             94.2                15.4
            March 2017           2,248          36,834             30.9             94.1                16.4
            March 2018           2,130          36,467             29.3             94.8                17.1
            March 2019           2,030          36,708             27.9             95.3                18.1
            March 2020           1,904          35,552             26.2             93.8                18.7
            March 2021           1,798          29,669             24.7             94.4                16.5
            March 2022           1,746          32,740             24.0             97.1                18.8
            March 2023           1,648          33,858             22.7             94.4                20.5
            March 2024           1,576          32,878             21.7             95.6                20.9
 
Annual openings
Year ended: March 2008

            March 2008           6,936          40,014            100.0               _                  5.8
            March 2009           4,975          39,898             71.7             71.7                 8.0
            March 2010           4,148          37,463             59.8             83.4                 9.0
            March 2011           3,685          37,797             53.1             88.8                10.3
            March 2012           3,361          37,325             48.5             91.2                11.1
            March 2013           3,140          38,469             45.3             93.4                12.3
            March 2014           2,899          39,410             41.8             92.3                13.6
            March 2015           2,712          40,479             39.1             93.5                14.9
            March 2016           2,513          40,522             36.2             92.7                16.1
            March 2017           2,367          40,098             34.1             94.2                16.9
            March 2018           2,232          39,182             32.2             94.3                17.6
            March 2019           2,112          39,649             30.4             94.6                18.8
            March 2020           1,982          37,999             28.6             93.8                19.2
            March 2021           1,890          33,637             27.2             95.4                17.8
            March 2022           1,846          36,008             26.6             97.7                19.5
            March 2023           1,741          36,788             25.1             94.3                21.1
            March 2024           1,681          35,259             24.2             96.6                21.0
 
Annual openings
Year ended: March 2009

            March 2009           5,699          28,113            100.0               _                  4.9
            March 2010           4,292          27,035             75.3             75.3                 6.3
            March 2011           3,682          26,404             64.6             85.8                 7.2
            March 2012           3,274          26,186             57.4             88.9                 8.0
            March 2013           2,968          25,407             52.1             90.7                 8.6
            March 2014           2,731          25,416             47.9             92.0                 9.3
            March 2015           2,520          25,132             44.2             92.3                10.0
            March 2016           2,340          25,620             41.1             92.9                10.9
            March 2017           2,181          26,099             38.3             93.2                12.0
            March 2018           2,089          26,579             36.7             95.8                12.7
            March 2019           1,914          25,995             33.6             91.6                13.6
            March 2020           1,793          25,599             31.5             93.7                14.3
            March 2021           1,698          25,216             29.8             94.7                14.9
            March 2022           1,658          27,400             29.1             97.6                16.5
            March 2023           1,556          26,344             27.3             93.8                16.9
            March 2024           1,477          25,902             25.9             94.9                17.5
 
Annual openings
Year ended: March 2010

            March 2010           4,957          23,268            100.0               _                  4.7
            March 2011           3,827          23,468             77.2             77.2                 6.1
            March 2012           3,275          22,594             66.1             85.6                 6.9
            March 2013           2,905          22,685             58.6             88.7                 7.8
            March 2014           2,637          22,657             53.2             90.8                 8.6
            March 2015           2,385          22,853             48.1             90.4                 9.6
            March 2016           2,192          22,289             44.2             91.9                10.2
            March 2017           2,012          22,391             40.6             91.8                11.1
            March 2018           1,888          22,264             38.1             93.8                11.8
            March 2019           1,816          22,061             36.6             96.2                12.1
            March 2020           1,696          21,416             34.2             93.4                12.6
            March 2021           1,599          19,710             32.3             94.3                12.3
            March 2022           1,564          20,841             31.6             97.8                13.3
            March 2023           1,452          20,906             29.3             92.8                14.4
            March 2024           1,385          21,036             27.9             95.4                15.2
 
Annual openings
Year ended: March 2011

            March 2011           5,322          25,559            100.0               _                  4.8
            March 2012           4,127          25,961             77.5             77.5                 6.3
            March 2013           3,551          26,658             66.7             86.0                 7.5
            March 2014           3,128          26,458             58.8             88.1                 8.5
            March 2015           2,855          28,350             53.6             91.3                 9.9
            March 2016           2,615          27,473             49.1             91.6                10.5
            March 2017           2,359          26,799             44.3             90.2                11.4
            March 2018           2,197          26,271             41.3             93.1                12.0
            March 2019           2,039          25,401             38.3             92.8                12.5
            March 2020           1,900          25,124             35.7             93.2                13.2
            March 2021           1,769          21,852             33.2             93.1                12.4
            March 2022           1,697          22,966             31.9             95.9                13.5
            March 2023           1,599          23,048             30.0             94.2                14.4
            March 2024           1,501          22,616             28.2             93.9                15.1
 
Annual openings
Year ended: March 2012

            March 2012           5,635          23,542            100.0               _                  4.2
            March 2013           4,339          23,888             77.0             77.0                 5.5
            March 2014           3,738          24,791             66.3             86.1                 6.6
            March 2015           3,267          24,908             58.0             87.4                 7.6
            March 2016           2,935          26,145             52.1             89.8                 8.9
            March 2017           2,650          25,286             47.0             90.3                 9.5
            March 2018           2,426          25,890             43.1             91.5                10.7
            March 2019           2,248          25,579             39.9             92.7                11.4
            March 2020           2,048          25,023             36.3             91.1                12.2
            March 2021           1,908          22,491             33.9             93.2                11.8
            March 2022           1,854          24,051             32.9             97.2                13.0
            March 2023           1,705          22,936             30.3             92.0                13.5
            March 2024           1,622          22,307             28.8             95.1                13.8
 
Annual openings
Year ended: March 2013

            March 2013           5,930          24,518            100.0               _                  4.1
            March 2014           4,566          25,077             77.0             77.0                 5.5
            March 2015           3,890          26,102             65.6             85.2                 6.7
            March 2016           3,426          26,297             57.8             88.1                 7.7
            March 2017           3,087          27,111             52.1             90.1                 8.8
            March 2018           2,827          30,991             47.7             91.6                11.0
            March 2019           2,587          33,882             43.6             91.5                13.1
            March 2020           2,370          32,095             40.0             91.6                13.5
            March 2021           2,203          31,648             37.2             93.0                14.4
            March 2022           2,137          33,555             36.0             97.0                15.7
            March 2023           1,964          33,145             33.1             91.9                16.9
            March 2024           1,849          33,332             31.2             94.1                18.0
 
Annual openings
Year ended: March 2014

            March 2014           6,375          29,418            100.0               _                  4.6
            March 2015           4,939          31,351             77.5             77.5                 6.3
            March 2016           4,203          33,138             65.9             85.1                 7.9
            March 2017           3,727          32,210             58.5             88.7                 8.6
            March 2018           3,410          31,817             53.5             91.5                 9.3
            March 2019           3,060          31,113             48.0             89.7                10.2
            March 2020           2,773          30,175             43.5             90.6                10.9
            March 2021           2,596          27,243             40.7             93.6                10.5
            March 2022           2,504          29,463             39.3             96.5                11.8
            March 2023           2,289          29,563             35.9             91.4                12.9
            March 2024           2,135          28,538             33.5             93.3                13.4
 
Annual openings
Year ended: March 2015

            March 2015           6,654          28,745            100.0               _                  4.3
            March 2016           5,199          30,565             78.1             78.1                 5.9
            March 2017           4,382          31,679             65.9             84.3                 7.2
            March 2018           3,901          33,783             58.6             89.0                 8.7
            March 2019           3,474          33,734             52.2             89.1                 9.7
            March 2020           3,113          33,621             46.8             89.6                10.8
            March 2021           2,892          31,558             43.5             92.9                10.9
            March 2022           2,782          37,846             41.8             96.2                13.6
            March 2023           2,572          38,651             38.7             92.5                15.0
            March 2024           2,353          36,117             35.4             91.5                15.3
 
Annual openings
Year ended: March 2016

            March 2016           7,166          31,890            100.0               _                  4.5
            March 2017           5,499          34,756             76.7             76.7                 6.3
            March 2018           4,741          36,726             66.2             86.2                 7.7
            March 2019           4,191          36,971             58.5             88.4                 8.8
            March 2020           3,693          35,507             51.5             88.1                 9.6
            March 2021           3,384          32,329             47.2             91.6                 9.6
            March 2022           3,234          34,845             45.1             95.6                10.8
            March 2023           2,953          33,106             41.2             91.3                11.2
            March 2024           2,750          31,162             38.4             93.1                11.3
 
Annual openings
Year ended: March 2017

            March 2017           7,268          35,210            100.0               _                  4.8
            March 2018           5,633          37,022             77.5             77.5                 6.6
            March 2019           4,767          36,122             65.6             84.6                 7.6
            March 2020           4,104          36,090             56.5             86.1                 8.8
            March 2021           3,768          33,938             51.8             91.8                 9.0
            March 2022           3,505          36,214             48.2             93.0                10.3
            March 2023           3,172          36,032             43.6             90.5                11.4
            March 2024           2,936          35,599             40.4             92.6                12.1
 
Annual openings
Year ended: March 2018

            March 2018           7,672          34,669            100.0               _                  4.5
            March 2019           5,890          35,575             76.8             76.8                 6.0
            March 2020           4,899          34,826             63.9             83.2                 7.1
            March 2021           4,399          36,856             57.3             89.8                 8.4
            March 2022           4,083          39,931             53.2             92.8                 9.8
            March 2023           3,614          38,055             47.1             88.5                10.5
            March 2024           3,318          37,984             43.2             91.8                11.4
 
Annual openings
Year ended: March 2019

            March 2019           8,256          36,175            100.0               _                  4.4
            March 2020           6,233          40,771             75.5             75.5                 6.5
            March 2021           5,534          44,237             67.0             88.8                 8.0
            March 2022           5,028          48,549             60.9             90.9                 9.7
            March 2023           4,357          47,244             52.8             86.7                10.8
            March 2024           3,952          46,677             47.9             90.7                11.8
 
Annual openings
Year ended: March 2020

            March 2020           8,350          31,307            100.0               _                  3.7
            March 2021           6,563          32,128             78.6             78.6                 4.9
            March 2022           5,889          38,954             70.5             89.7                 6.6
            March 2023           4,922          37,317             58.9             83.6                 7.6
            March 2024           4,450          37,780             53.3             90.4                 8.5
 
Annual openings
Year ended: March 2021

            March 2021          11,419          36,866            100.0               _                  3.2
            March 2022           9,049          42,289             79.2             79.2                 4.7
            March 2023           7,218          42,375             63.2             79.8                 5.9
            March 2024           6,276          40,035             55.0             86.9                 6.4
 
Annual openings
Year ended: March 2022

            March 2022          14,334          43,698            100.0               _                  3.0
            March 2023          10,261          43,684             71.6             71.6                 4.3
            March 2024           8,576          43,852             59.8             83.6                 5.1
 
Annual openings
Year ended: March 2023

            March 2023          13,284          41,802            100.0               _                  3.1
            March 2024          10,073          47,252             75.8             75.8                 4.7
 
Annual openings
Year ended: March 2024

            March 2024          12,034          39,962            100.0               _                  3.3
 
NOTE: A '_' indicates that the data are not available and a 'N' indicates that the data do not meet BLS disclosure standards.
