Table 7. Survival of private sector establishments by opening year

Total Private

New York

                          Surviving       Total Employment   Survival Rates   Survival Rates of   Average Employment
                          Establishments  of Survivors       Since Birth      Previous Year's     of Survivors
                                                                              Survivors

Annual openings
Year ended: March 1994

            March 1994          39,500         285,534            100.0               _                  7.2
            March 1995          31,113         274,190             78.8             78.8                 8.8
            March 1996          26,476         252,590             67.0             85.1                 9.5
            March 1997          22,976         236,965             58.2             86.8                10.3
            March 1998          20,122         232,011             50.9             87.6                11.5
            March 1999          18,020         214,921             45.6             89.6                11.9
            March 2000          15,935         209,020             40.3             88.4                13.1
            March 2001          14,601         201,177             37.0             91.6                13.8
            March 2002          13,250         186,526             33.5             90.7                14.1
            March 2003          12,314         177,006             31.2             92.9                14.4
            March 2004          11,569         172,157             29.3             93.9                14.9
            March 2005          10,848         167,816             27.5             93.8                15.5
            March 2006          10,191         167,655             25.8             93.9                16.5
            March 2007           9,646         162,953             24.4             94.7                16.9
            March 2008           9,103         160,897             23.0             94.4                17.7
            March 2009           8,586         144,494             21.7             94.3                16.8
            March 2010           8,089         137,519             20.5             94.2                17.0
            March 2011           7,727         136,849             19.6             95.5                17.7
            March 2012           7,329         136,902             18.6             94.8                18.7
            March 2013           6,999         135,980             17.7             95.5                19.4
            March 2014           6,722         136,492             17.0             96.0                20.3
            March 2015           6,441         137,549             16.3             95.8                21.4
            March 2016           6,173         137,557             15.6             95.8                22.3
            March 2017           5,960         133,978             15.1             96.5                22.5
            March 2018           5,672         131,743             14.4             95.2                23.2
            March 2019           5,420         128,984             13.7             95.6                23.8
            March 2020           5,071         123,381             12.8             93.6                24.3
            March 2021           4,742         109,863             12.0             93.5                23.2
            March 2022           4,538         104,488             11.5             95.7                23.0
            March 2023           4,277         104,176             10.8             94.2                24.4
            March 2024           4,089         101,279             10.4             95.6                24.8
 
Annual openings
Year ended: March 1995

            March 1995          42,667         296,706            100.0               _                  7.0
            March 1996          33,394         282,580             78.3             78.3                 8.5
            March 1997          27,822         267,913             65.2             83.3                 9.6
            March 1998          24,007         244,805             56.3             86.3                10.2
            March 1999          21,242         232,852             49.8             88.5                11.0
            March 2000          18,620         223,595             43.6             87.7                12.0
            March 2001          16,777         211,914             39.3             90.1                12.6
            March 2002          15,187         199,888             35.6             90.5                13.2
            March 2003          13,941         189,484             32.7             91.8                13.6
            March 2004          13,049         185,594             30.6             93.6                14.2
            March 2005          12,213         179,988             28.6             93.6                14.7
            March 2006          11,504         176,595             27.0             94.2                15.4
            March 2007          10,768         174,835             25.2             93.6                16.2
            March 2008          10,196         171,534             23.9             94.7                16.8
            March 2009           9,617         160,016             22.5             94.3                16.6
            March 2010           9,086         152,826             21.3             94.5                16.8
            March 2011           8,689         152,158             20.4             95.6                17.5
            March 2012           8,292         151,289             19.4             95.4                18.2
            March 2013           7,869         147,650             18.4             94.9                18.8
            March 2014           7,545         145,652             17.7             95.9                19.3
            March 2015           7,158         145,651             16.8             94.9                20.3
            March 2016           6,853         146,171             16.1             95.7                21.3
            March 2017           6,562         144,745             15.4             95.8                22.1
            March 2018           6,225         144,685             14.6             94.9                23.2
            March 2019           5,967         145,844             14.0             95.9                24.4
            March 2020           5,583         139,620             13.1             93.6                25.0
            March 2021           5,294         123,051             12.4             94.8                23.2
            March 2022           5,190         123,131             12.2             98.0                23.7
            March 2023           4,936         123,968             11.6             95.1                25.1
            March 2024           4,668         121,755             10.9             94.6                26.1
 
Annual openings
Year ended: March 1996

            March 1996          43,587         316,229            100.0               _                  7.3
            March 1997          34,220         297,597             78.5             78.5                 8.7
            March 1998          28,770         282,332             66.0             84.1                 9.8
            March 1999          25,027         263,282             57.4             87.0                10.5
            March 2000          21,828         253,303             50.1             87.2                11.6
            March 2001          19,356         240,121             44.4             88.7                12.4
            March 2002          17,274         218,458             39.6             89.2                12.6
            March 2003          15,784         204,220             36.2             91.4                12.9
            March 2004          14,730         200,635             33.8             93.3                13.6
            March 2005          13,731         196,782             31.5             93.2                14.3
            March 2006          12,787         190,878             29.3             93.1                14.9
            March 2007          11,986         186,665             27.5             93.7                15.6
            March 2008          11,301         183,971             25.9             94.3                16.3
            March 2009          10,583         171,195             24.3             93.6                16.2
            March 2010           9,952         164,508             22.8             94.0                16.5
            March 2011           9,573         161,598             22.0             96.2                16.9
            March 2012           9,180         161,663             21.1             95.9                17.6
            March 2013           8,777         159,665             20.1             95.6                18.2
            March 2014           8,314         158,274             19.1             94.7                19.0
            March 2015           7,986         159,375             18.3             96.1                20.0
            March 2016           7,579         158,118             17.4             94.9                20.9
            March 2017           7,210         154,507             16.5             95.1                21.4
            March 2018           6,864         151,049             15.7             95.2                22.0
            March 2019           6,537         147,825             15.0             95.2                22.6
            March 2020           6,156         147,684             14.1             94.2                24.0
            March 2021           5,731         126,992             13.1             93.1                22.2
            March 2022           5,517         129,975             12.7             96.3                23.6
            March 2023           5,217         134,998             12.0             94.6                25.9
            March 2024           4,990         135,281             11.4             95.6                27.1
 
Annual openings
Year ended: March 1997

            March 1997          47,978         348,337            100.0               _                  7.3
            March 1998          37,916         336,160             79.0             79.0                 8.9
            March 1999          32,499         327,525             67.7             85.7                10.1
            March 2000          28,039         318,420             58.4             86.3                11.4
            March 2001          24,722         308,997             51.5             88.2                12.5
            March 2002          21,819         272,023             45.5             88.3                12.5
            March 2003          19,906         256,281             41.5             91.2                12.9
            March 2004          18,487         246,188             38.5             92.9                13.3
            March 2005          17,246         239,575             35.9             93.3                13.9
            March 2006          16,097         235,348             33.6             93.3                14.6
            March 2007          15,135         232,384             31.5             94.0                15.4
            March 2008          14,254         231,377             29.7             94.2                16.2
            March 2009          13,342         213,615             27.8             93.6                16.0
            March 2010          12,535         200,132             26.1             94.0                16.0
            March 2011          11,964         203,145             24.9             95.4                17.0
            March 2012          11,731         200,856             24.5             98.1                17.1
            March 2013          11,149         198,976             23.2             95.0                17.8
            March 2014          10,635         197,210             22.2             95.4                18.5
            March 2015          10,149         196,384             21.2             95.4                19.4
            March 2016           9,797         195,699             20.4             96.5                20.0
            March 2017           9,101         189,391             19.0             92.9                20.8
            March 2018           8,676         188,825             18.1             95.3                21.8
            March 2019           8,247         183,271             17.2             95.1                22.2
            March 2020           7,660         178,763             16.0             92.9                23.3
            March 2021           7,221         155,173             15.1             94.3                21.5
            March 2022           6,971         158,729             14.5             96.5                22.8
            March 2023           6,619         154,664             13.8             95.0                23.4
            March 2024           6,312         152,543             13.2             95.4                24.2
 
Annual openings
Year ended: March 1998

            March 1998          48,682         361,133            100.0               _                  7.4
            March 1999          39,263         347,235             80.7             80.7                 8.8
            March 2000          32,441         331,949             66.6             82.6                10.2
            March 2001          28,253         303,999             58.0             87.1                10.8
            March 2002          24,564         271,488             50.5             86.9                11.1
            March 2003          22,252         256,002             45.7             90.6                11.5
            March 2004          20,570         244,310             42.3             92.4                11.9
            March 2005          19,013         237,462             39.1             92.4                12.5
            March 2006          17,785         233,342             36.5             93.5                13.1
            March 2007          16,795         228,596             34.5             94.4                13.6
            March 2008          15,738         225,005             32.3             93.7                14.3
            March 2009          14,600         211,004             30.0             92.8                14.5
            March 2010          13,802         205,167             28.4             94.5                14.9
            March 2011          13,173         204,610             27.1             95.4                15.5
            March 2012          12,555         203,965             25.8             95.3                16.2
            March 2013          11,846         202,822             24.3             94.4                17.1
            March 2014          11,337         201,890             23.3             95.7                17.8
            March 2015          10,889         201,380             22.4             96.0                18.5
            March 2016          10,420         199,231             21.4             95.7                19.1
            March 2017          10,147         194,961             20.8             97.4                19.2
            March 2018           9,668         190,013             19.9             95.3                19.7
            March 2019           9,247         186,370             19.0             95.6                20.2
            March 2020           8,599         179,668             17.7             93.0                20.9
            March 2021           8,179         161,441             16.8             95.1                19.7
            March 2022           7,924         166,078             16.3             96.9                21.0
            March 2023           7,430         163,973             15.3             93.8                22.1
            March 2024           7,102         161,154             14.6             95.6                22.7
 
Annual openings
Year ended: March 1999

            March 1999          54,611         379,677            100.0               _                  7.0
            March 2000          39,860         348,370             73.0             73.0                 8.7
            March 2001          33,339         325,542             61.0             83.6                 9.8
            March 2002          28,167         287,066             51.6             84.5                10.2
            March 2003          25,316         269,026             46.4             89.9                10.6
            March 2004          23,133         259,672             42.4             91.4                11.2
            March 2005          21,431         254,110             39.2             92.6                11.9
            March 2006          19,838         247,769             36.3             92.6                12.5
            March 2007          18,536         241,949             33.9             93.4                13.1
            March 2008          17,316         235,420             31.7             93.4                13.6
            March 2009          16,052         216,546             29.4             92.7                13.5
            March 2010          15,057         208,615             27.6             93.8                13.9
            March 2011          14,294         204,244             26.2             94.9                14.3
            March 2012          13,568         204,641             24.8             94.9                15.1
            March 2013          12,955         198,881             23.7             95.5                15.4
            March 2014          12,698         197,225             23.3             98.0                15.5
            March 2015          12,060         195,511             22.1             95.0                16.2
            March 2016          11,493         192,632             21.0             95.3                16.8
            March 2017          10,845         188,369             19.9             94.4                17.4
            March 2018          10,369         185,918             19.0             95.6                17.9
            March 2019           9,952         179,321             18.2             96.0                18.0
            March 2020           9,064         169,926             16.6             91.1                18.7
            March 2021           8,852         148,248             16.2             97.7                16.7
            March 2022           8,584         151,183             15.7             97.0                17.6
            March 2023           8,137         152,235             14.9             94.8                18.7
            March 2024           7,735         148,313             14.2             95.1                19.2
 
Annual openings
Year ended: March 2000

            March 2000          51,032         344,323            100.0               _                  6.7
            March 2001          40,241         327,342             78.9             78.9                 8.1
            March 2002          32,000         280,224             62.7             79.5                 8.8
            March 2003          28,192         266,801             55.2             88.1                 9.5
            March 2004          25,434         259,010             49.8             90.2                10.2
            March 2005          23,275         249,221             45.6             91.5                10.7
            March 2006          21,458         246,866             42.0             92.2                11.5
            March 2007          20,116         241,107             39.4             93.7                12.0
            March 2008          18,638         237,262             36.5             92.7                12.7
            March 2009          17,325         220,600             33.9             93.0                12.7
            March 2010          16,106         211,293             31.6             93.0                13.1
            March 2011          15,262         209,848             29.9             94.8                13.7
            March 2012          14,447         208,980             28.3             94.7                14.5
            March 2013          14,195         205,738             27.8             98.3                14.5
            March 2014          13,555         202,202             26.6             95.5                14.9
            March 2015          12,920         200,440             25.3             95.3                15.5
            March 2016          12,387         199,606             24.3             95.9                16.1
            March 2017          11,793         195,777             23.1             95.2                16.6
            March 2018          11,261         190,964             22.1             95.5                17.0
            March 2019          10,676         188,169             20.9             94.8                17.6
            March 2020          10,057         180,564             19.7             94.2                18.0
            March 2021           9,542         157,581             18.7             94.9                16.5
            March 2022           9,165         161,744             18.0             96.0                17.6
            March 2023           8,674         158,576             17.0             94.6                18.3
            March 2024           8,180         153,592             16.0             94.3                18.8
 
Annual openings
Year ended: March 2001

            March 2001          50,109         306,365            100.0               _                  6.1
            March 2002          36,464         267,504             72.8             72.8                 7.3
            March 2003          31,333         246,115             62.5             85.9                 7.9
            March 2004          27,958         238,925             55.8             89.2                 8.5
            March 2005          25,177         231,697             50.2             90.1                 9.2
            March 2006          22,944         227,927             45.8             91.1                 9.9
            March 2007          21,022         221,763             42.0             91.6                10.5
            March 2008          19,507         216,633             38.9             92.8                11.1
            March 2009          18,001         202,699             35.9             92.3                11.3
            March 2010          16,664         196,290             33.3             92.6                11.8
            March 2011          15,621         193,604             31.2             93.7                12.4
            March 2012          14,932         191,414             29.8             95.6                12.8
            March 2013          14,074         188,602             28.1             94.3                13.4
            March 2014          13,269         186,024             26.5             94.3                14.0
            March 2015          12,653         182,514             25.3             95.4                14.4
            March 2016          12,012         179,980             24.0             94.9                15.0
            March 2017          11,422         176,436             22.8             95.1                15.4
            March 2018          10,844         173,056             21.6             94.9                16.0
            March 2019          10,317         171,076             20.6             95.1                16.6
            March 2020           9,497         162,380             19.0             92.1                17.1
            March 2021           9,016         143,770             18.0             94.9                15.9
            March 2022           8,723         148,213             17.4             96.8                17.0
            March 2023           8,343         149,407             16.6             95.6                17.9
            March 2024           7,975         144,219             15.9             95.6                18.1
 
Annual openings
Year ended: March 2002

            March 2002          44,810         282,164            100.0               _                  6.3
            March 2003          35,643         266,039             79.5             79.5                 7.5
            March 2004          30,954         256,386             69.1             86.8                 8.3
            March 2005          27,794         249,406             62.0             89.8                 9.0
            March 2006          25,110         242,314             56.0             90.3                 9.7
            March 2007          23,064         235,408             51.5             91.9                10.2
            March 2008          21,119         229,105             47.1             91.6                10.8
            March 2009          19,256         213,748             43.0             91.2                11.1
            March 2010          17,845         204,877             39.8             92.7                11.5
            March 2011          16,772         202,895             37.4             94.0                12.1
            March 2012          15,776         201,700             35.2             94.1                12.8
            March 2013          14,771         197,408             33.0             93.6                13.4
            March 2014          14,036         195,388             31.3             95.0                13.9
            March 2015          13,277         194,291             29.6             94.6                14.6
            March 2016          12,745         193,495             28.4             96.0                15.2
            March 2017          12,014         188,586             26.8             94.3                15.7
            March 2018          11,409         184,418             25.5             95.0                16.2
            March 2019          10,875         179,675             24.3             95.3                16.5
            March 2020          10,088         170,155             22.5             92.8                16.9
            March 2021           9,512         147,927             21.2             94.3                15.6
            March 2022           9,286         154,774             20.7             97.6                16.7
            March 2023           8,768         152,168             19.6             94.4                17.4
            March 2024           8,368         147,852             18.7             95.4                17.7
 
Annual openings
Year ended: March 2003

            March 2003          40,208         225,730            100.0               _                  5.6
            March 2004          32,608         214,369             81.1             81.1                 6.6
            March 2005          28,607         209,474             71.1             87.7                 7.3
            March 2006          25,427         207,314             63.2             88.9                 8.2
            March 2007          23,023         207,665             57.3             90.5                 9.0
            March 2008          20,688         201,829             51.5             89.9                 9.8
            March 2009          18,895         186,248             47.0             91.3                 9.9
            March 2010          17,289         177,210             43.0             91.5                10.2
            March 2011          16,095         173,687             40.0             93.1                10.8
            March 2012          14,988         171,184             37.3             93.1                11.4
            March 2013          13,958         166,253             34.7             93.1                11.9
            March 2014          13,164         164,785             32.7             94.3                12.5
            March 2015          12,533         160,658             31.2             95.2                12.8
            March 2016          11,817         160,113             29.4             94.3                13.5
            March 2017          11,097         157,316             27.6             93.9                14.2
            March 2018          10,541         153,152             26.2             95.0                14.5
            March 2019           9,976         150,897             24.8             94.6                15.1
            March 2020           9,206         143,719             22.9             92.3                15.6
            March 2021           8,668         124,731             21.6             94.2                14.4
            March 2022           8,355         131,480             20.8             96.4                15.7
            March 2023           7,904         134,049             19.7             94.6                17.0
            March 2024           7,489         131,193             18.6             94.7                17.5
 
Annual openings
Year ended: March 2004

            March 2004          36,188         196,967            100.0               _                  5.4
            March 2005          29,461         198,281             81.4             81.4                 6.7
            March 2006          25,903         195,982             71.6             87.9                 7.6
            March 2007          23,070         190,865             63.8             89.1                 8.3
            March 2008          20,715         185,585             57.2             89.8                 9.0
            March 2009          18,601         171,703             51.4             89.8                 9.2
            March 2010          16,917         161,097             46.7             90.9                 9.5
            March 2011          15,805         158,771             43.7             93.4                10.0
            March 2012          14,727         159,108             40.7             93.2                10.8
            March 2013          13,712         156,087             37.9             93.1                11.4
            March 2014          12,770         155,116             35.3             93.1                12.1
            March 2015          12,009         152,238             33.2             94.0                12.7
            March 2016          11,381         149,875             31.4             94.8                13.2
            March 2017          10,631         144,651             29.4             93.4                13.6
            March 2018          10,060         143,425             27.8             94.6                14.3
            March 2019           9,507         138,070             26.3             94.5                14.5
            March 2020           8,739         131,964             24.1             91.9                15.1
            March 2021           8,251         113,224             22.8             94.4                13.7
            March 2022           7,942         118,971             21.9             96.3                15.0
            March 2023           7,495         118,074             20.7             94.4                15.8
            March 2024           7,134         115,976             19.7             95.2                16.3
 
Annual openings
Year ended: March 2005

            March 2005          39,829         209,739            100.0               _                  5.3
            March 2006          32,634         203,872             81.9             81.9                 6.2
            March 2007          28,495         198,837             71.5             87.3                 7.0
            March 2008          25,248         193,410             63.4             88.6                 7.7
            March 2009          22,351         178,018             56.1             88.5                 8.0
            March 2010          20,042         170,061             50.3             89.7                 8.5
            March 2011          18,487         168,029             46.4             92.2                 9.1
            March 2012          17,105         169,542             42.9             92.5                 9.9
            March 2013          15,895         167,462             39.9             92.9                10.5
            March 2014          14,768         165,961             37.1             92.9                11.2
            March 2015          13,817         163,884             34.7             93.6                11.9
            March 2016          13,086         161,498             32.9             94.7                12.3
            March 2017          12,299         158,045             30.9             94.0                12.9
            March 2018          11,561         155,022             29.0             94.0                13.4
            March 2019          10,947         151,253             27.5             94.7                13.8
            March 2020          10,030         143,855             25.2             91.6                14.3
            March 2021           9,501         124,316             23.9             94.7                13.1
            March 2022           9,217         133,837             23.1             97.0                14.5
            March 2023           8,669         133,045             21.8             94.1                15.3
            March 2024           8,202         131,729             20.6             94.6                16.1
 
Annual openings
Year ended: March 2006

            March 2006          40,953         197,755            100.0               _                  4.8
            March 2007          33,512         194,859             81.8             81.8                 5.8
            March 2008          29,044         190,480             70.9             86.7                 6.6
            March 2009          25,337         172,934             61.9             87.2                 6.8
            March 2010          22,385         165,230             54.7             88.3                 7.4
            March 2011          20,392         164,187             49.8             91.1                 8.1
            March 2012          18,727         162,198             45.7             91.8                 8.7
            March 2013          17,153         157,696             41.9             91.6                 9.2
            March 2014          16,070         157,522             39.2             93.7                 9.8
            March 2015          15,028         154,770             36.7             93.5                10.3
            March 2016          14,051         153,562             34.3             93.5                10.9
            March 2017          13,204         149,819             32.2             94.0                11.3
            March 2018          12,426         147,677             30.3             94.1                11.9
            March 2019          11,761         143,856             28.7             94.6                12.2
            March 2020          10,781         136,243             26.3             91.7                12.6
            March 2021          10,125         119,491             24.7             93.9                11.8
            March 2022           9,712         123,024             23.7             95.9                12.7
            March 2023           9,154         121,163             22.4             94.3                13.2
            March 2024           8,660         113,960             21.1             94.6                13.2
 
Annual openings
Year ended: March 2007

            March 2007          41,783         203,862            100.0               _                  4.9
            March 2008          33,909         200,636             81.2             81.2                 5.9
            March 2009          28,788         187,438             68.9             84.9                 6.5
            March 2010          25,272         176,780             60.5             87.8                 7.0
            March 2011          22,833         175,395             54.6             90.3                 7.7
            March 2012          20,790         174,947             49.8             91.1                 8.4
            March 2013          19,107         170,441             45.7             91.9                 8.9
            March 2014          17,712         170,534             42.4             92.7                 9.6
            March 2015          16,440         168,935             39.3             92.8                10.3
            March 2016          15,368         167,504             36.8             93.5                10.9
            March 2017          14,375         165,352             34.4             93.5                11.5
            March 2018          13,463         162,319             32.2             93.7                12.1
            March 2019          12,650         159,611             30.3             94.0                12.6
            March 2020          11,512         154,345             27.6             91.0                13.4
            March 2021          10,855         135,186             26.0             94.3                12.5
            March 2022          10,476         140,735             25.1             96.5                13.4
            March 2023           9,850         142,025             23.6             94.0                14.4
            March 2024           9,300         142,145             22.3             94.4                15.3
 
Annual openings
Year ended: March 2008

            March 2008          41,000         186,374            100.0               _                  4.5
            March 2009          32,177         170,044             78.5             78.5                 5.3
            March 2010          27,567         162,279             67.2             85.7                 5.9
            March 2011          24,828         163,140             60.6             90.1                 6.6
            March 2012          22,476         163,784             54.8             90.5                 7.3
            March 2013          20,352         160,130             49.6             90.5                 7.9
            March 2014          18,855         160,512             46.0             92.6                 8.5
            March 2015          17,556         162,338             42.8             93.1                 9.2
            March 2016          16,288         162,660             39.7             92.8                10.0
            March 2017          15,175         162,562             37.0             93.2                10.7
            March 2018          14,180         161,298             34.6             93.4                11.4
            March 2019          13,379         158,314             32.6             94.4                11.8
            March 2020          12,168         149,813             29.7             90.9                12.3
            March 2021          11,480         133,560             28.0             94.3                11.6
            March 2022          10,981         139,552             26.8             95.7                12.7
            March 2023          10,414         141,303             25.4             94.8                13.6
            March 2024           9,884         138,057             24.1             94.9                14.0
 
Annual openings
Year ended: March 2009

            March 2009          36,627         163,403            100.0               _                  4.5
            March 2010          29,146         155,296             79.6             79.6                 5.3
            March 2011          25,599         158,568             69.9             87.8                 6.2
            March 2012          22,745         158,589             62.1             88.9                 7.0
            March 2013          20,364         156,452             55.6             89.5                 7.7
            March 2014          18,692         158,771             51.0             91.8                 8.5
            March 2015          17,153         160,120             46.8             91.8                 9.3
            March 2016          15,935         161,880             43.5             92.9                10.2
            March 2017          14,722         162,654             40.2             92.4                11.0
            March 2018          13,661         161,406             37.3             92.8                11.8
            March 2019          12,799         161,021             34.9             93.7                12.6
            March 2020          11,518         156,751             31.4             90.0                13.6
            March 2021          10,770         138,064             29.4             93.5                12.8
            March 2022          10,342         144,371             28.2             96.0                14.0
            March 2023           9,798         140,958             26.8             94.7                14.4
            March 2024           9,180         140,219             25.1             93.7                15.3
 
Annual openings
Year ended: March 2010

            March 2010          37,193         158,608            100.0               _                  4.3
            March 2011          30,375         160,305             81.7             81.7                 5.3
            March 2012          26,284         161,606             70.7             86.5                 6.1
            March 2013          23,215         158,292             62.4             88.3                 6.8
            March 2014          20,945         158,674             56.3             90.2                 7.6
            March 2015          19,022         159,152             51.1             90.8                 8.4
            March 2016          17,368         157,093             46.7             91.3                 9.0
            March 2017          16,089         155,513             43.3             92.6                 9.7
            March 2018          14,857         153,882             39.9             92.3                10.4
            March 2019          13,861         151,550             37.3             93.3                10.9
            March 2020          12,422         146,327             33.4             89.6                11.8
            March 2021          11,603         126,835             31.2             93.4                10.9
            March 2022          11,179         135,903             30.1             96.3                12.2
            March 2023          10,477         137,618             28.2             93.7                13.1
            March 2024           9,894         135,034             26.6             94.4                13.6
 
Annual openings
Year ended: March 2011

            March 2011          42,304         177,437            100.0               _                  4.2
            March 2012          34,042         181,864             80.5             80.5                 5.3
            March 2013          29,508         181,038             69.8             86.7                 6.1
            March 2014          26,357         178,997             62.3             89.3                 6.8
            March 2015          23,821         178,124             56.3             90.4                 7.5
            March 2016          21,515         176,194             50.9             90.3                 8.2
            March 2017          19,603         173,000             46.3             91.1                 8.8
            March 2018          18,001         167,963             42.6             91.8                 9.3
            March 2019          16,711         164,296             39.5             92.8                 9.8
            March 2020          14,942         156,452             35.3             89.4                10.5
            March 2021          13,829         134,895             32.7             92.6                 9.8
            March 2022          13,285         142,468             31.4             96.1                10.7
            March 2023          12,480         141,456             29.5             93.9                11.3
            March 2024          11,720         136,351             27.7             93.9                11.6
 
Annual openings
Year ended: March 2012

            March 2012          40,383         181,971            100.0               _                  4.5
            March 2013          32,180         177,655             79.7             79.7                 5.5
            March 2014          28,127         177,659             69.7             87.4                 6.3
            March 2015          24,898         176,293             61.7             88.5                 7.1
            March 2016          22,428         176,395             55.5             90.1                 7.9
            March 2017          20,143         173,350             49.9             89.8                 8.6
            March 2018          18,429         169,288             45.6             91.5                 9.2
            March 2019          16,994         165,633             42.1             92.2                 9.7
            March 2020          15,127         157,464             37.5             89.0                10.4
            March 2021          14,045         137,746             34.8             92.8                 9.8
            March 2022          13,468         144,721             33.4             95.9                10.7
            March 2023          12,639         142,203             31.3             93.8                11.3
            March 2024          11,845         138,526             29.3             93.7                11.7
 
Annual openings
Year ended: March 2013

            March 2013          40,696         189,143            100.0               _                  4.6
            March 2014          32,816         190,522             80.6             80.6                 5.8
            March 2015          28,533         191,911             70.1             86.9                 6.7
            March 2016          25,147         191,477             61.8             88.1                 7.6
            March 2017          22,692         187,815             55.8             90.2                 8.3
            March 2018          20,525         183,638             50.4             90.5                 8.9
            March 2019          18,618         179,209             45.7             90.7                 9.6
            March 2020          16,455         171,818             40.4             88.4                10.4
            March 2021          15,143         147,365             37.2             92.0                 9.7
            March 2022          14,467         155,688             35.5             95.5                10.8
            March 2023          13,501         153,904             33.2             93.3                11.4
            March 2024          12,581         150,170             30.9             93.2                11.9
 
Annual openings
Year ended: March 2014

            March 2014          41,604         194,122            100.0               _                  4.7
            March 2015          33,577         198,337             80.7             80.7                 5.9
            March 2016          29,088         201,075             69.9             86.6                 6.9
            March 2017          25,630         198,619             61.6             88.1                 7.7
            March 2018          22,939         195,324             55.1             89.5                 8.5
            March 2019          20,720         191,478             49.8             90.3                 9.2
            March 2020          18,255         181,978             43.9             88.1                10.0
            March 2021          16,815         154,864             40.4             92.1                 9.2
            March 2022          16,050         163,732             38.6             95.5                10.2
            March 2023          14,896         163,398             35.8             92.8                11.0
            March 2024          13,787         161,202             33.1             92.6                11.7
 
Annual openings
Year ended: March 2015

            March 2015          43,663         196,875            100.0               _                  4.5
            March 2016          35,049         204,804             80.3             80.3                 5.8
            March 2017          30,298         200,354             69.4             86.4                 6.6
            March 2018          26,858         198,080             61.5             88.6                 7.4
            March 2019          24,045         197,218             55.1             89.5                 8.2
            March 2020          21,015         197,861             48.1             87.4                 9.4
            March 2021          19,175         177,408             43.9             91.2                 9.3
            March 2022          18,295         192,223             41.9             95.4                10.5
            March 2023          16,926         186,772             38.8             92.5                11.0
            March 2024          15,707         185,351             36.0             92.8                11.8
 
Annual openings
Year ended: March 2016

            March 2016          44,480         195,534            100.0               _                  4.4
            March 2017          35,440         202,378             79.7             79.7                 5.7
            March 2018          30,411         205,329             68.4             85.8                 6.8
            March 2019          26,785         205,178             60.2             88.1                 7.7
            March 2020          22,949         196,143             51.6             85.7                 8.5
            March 2021          21,003         169,494             47.2             91.5                 8.1
            March 2022          19,801         185,601             44.5             94.3                 9.4
            March 2023          18,274         182,836             41.1             92.3                10.0
            March 2024          16,909         179,377             38.0             92.5                10.6
 
Annual openings
Year ended: March 2017

            March 2017          43,278         194,283            100.0               _                  4.5
            March 2018          34,417         199,938             79.5             79.5                 5.8
            March 2019          29,666         204,115             68.5             86.2                 6.9
            March 2020          24,902         198,743             57.5             83.9                 8.0
            March 2021          22,585         182,753             52.2             90.7                 8.1
            March 2022          21,245         201,307             49.1             94.1                 9.5
            March 2023          19,481         209,863             45.0             91.7                10.8
            March 2024          17,873         213,174             41.3             91.7                11.9
 
Annual openings
Year ended: March 2018

            March 2018          43,148         192,873            100.0               _                  4.5
            March 2019          34,209         200,511             79.3             79.3                 5.9
            March 2020          28,120         196,096             65.2             82.2                 7.0
            March 2021          25,208         187,858             58.4             89.6                 7.5
            March 2022          23,561         205,472             54.6             93.5                 8.7
            March 2023          21,489         207,177             49.8             91.2                 9.6
            March 2024          19,633         213,288             45.5             91.4                10.9
 
Annual openings
Year ended: March 2019

            March 2019          42,471         186,675            100.0               _                  4.4
            March 2020          32,404         186,042             76.3             76.3                 5.7
            March 2021          28,185         167,037             66.4             87.0                 5.9
            March 2022          25,900         188,746             61.0             91.9                 7.3
            March 2023          23,389         186,505             55.1             90.3                 8.0
            March 2024          21,004         181,696             49.5             89.8                 8.7
 
Annual openings
Year ended: March 2020

            March 2020          39,833         173,815            100.0               _                  4.4
            March 2021          31,442         150,731             78.9             78.9                 4.8
            March 2022          28,209         174,531             70.8             89.7                 6.2
            March 2023          25,125         176,472             63.1             89.1                 7.0
            March 2024          22,365         170,394             56.1             89.0                 7.6
 
Annual openings
Year ended: March 2021

            March 2021          39,074         153,652            100.0               _                  3.9
            March 2022          30,780         172,730             78.8             78.8                 5.6
            March 2023          26,377         171,582             67.5             85.7                 6.5
            March 2024          22,996         169,357             58.9             87.2                 7.4
 
Annual openings
Year ended: March 2022

            March 2022          53,217         204,311            100.0               _                  3.8
            March 2023          41,646         207,601             78.3             78.3                 5.0
            March 2024          35,617         199,706             66.9             85.5                 5.6
 
Annual openings
Year ended: March 2023

            March 2023          59,850         227,877            100.0               _                  3.8
            March 2024          46,582         218,799             77.8             77.8                 4.7
 
Annual openings
Year ended: March 2024

            March 2024          50,725         213,635            100.0               _                  4.2
 
NOTE: A '_' indicates that the data are not available and a 'N' indicates that the data do not meet BLS disclosure standards.
