Table 7. Survival of private sector establishments by opening year

Total Private

Ohio

                          Surviving       Total Employment   Survival Rates   Survival Rates of   Average Employment
                          Establishments  of Survivors       Since Birth      Previous Year's     of Survivors
                                                                              Survivors

Annual openings
Year ended: March 1994

            March 1994          20,096         181,897            100.0               _                  9.1
            March 1995          15,026         188,720             74.8             74.8                12.6
            March 1996          13,201         184,148             65.7             87.9                13.9
            March 1997          12,022         184,497             59.8             91.1                15.3
            March 1998          11,014         184,549             54.8             91.6                16.8
            March 1999          10,294         174,058             51.2             93.5                16.9
            March 2000           9,652         173,492             48.0             93.8                18.0
            March 2001           8,921         165,996             44.4             92.4                18.6
            March 2002           8,325         153,038             41.4             93.3                18.4
            March 2003           7,793         144,193             38.8             93.6                18.5
            March 2004           7,416         141,927             36.9             95.2                19.1
            March 2005           7,050         138,585             35.1             95.1                19.7
            March 2006           6,746         136,451             33.6             95.7                20.2
            March 2007           6,484         134,478             32.3             96.1                20.7
            March 2008           6,125         130,517             30.5             94.5                21.3
            March 2009           5,837         120,973             29.0             95.3                20.7
            March 2010           5,491         116,247             27.3             94.1                21.2
            March 2011           5,338         117,188             26.6             97.2                22.0
            March 2012           5,116         117,733             25.5             95.8                23.0
            March 2013           4,947         116,837             24.6             96.7                23.6
            March 2014           4,741         115,916             23.6             95.8                24.4
            March 2015           4,578         116,331             22.8             96.6                25.4
            March 2016           4,480         116,353             22.3             97.9                26.0
            March 2017           4,249         116,985             21.1             94.8                27.5
            March 2018           4,089         116,077             20.3             96.2                28.4
            March 2019           3,926         112,593             19.5             96.0                28.7
            March 2020           3,754         109,194             18.7             95.6                29.1
            March 2021           3,607         102,750             17.9             96.1                28.5
            March 2022           3,520         102,145             17.5             97.6                29.0
            March 2023           3,381         100,780             16.8             96.1                29.8
            March 2024           3,216          98,428             16.0             95.1                30.6
 
Annual openings
Year ended: March 1995

            March 1995          22,476         170,830            100.0               _                  7.6
            March 1996          18,272         175,418             81.3             81.3                 9.6
            March 1997          16,078         171,890             71.5             88.0                10.7
            March 1998          14,364         170,585             63.9             89.3                11.9
            March 1999          13,127         169,172             58.4             91.4                12.9
            March 2000          12,204         164,831             54.3             93.0                13.5
            March 2001          11,285         159,980             50.2             92.5                14.2
            March 2002          10,514         152,107             46.8             93.2                14.5
            March 2003           9,939         141,426             44.2             94.5                14.2
            March 2004           9,434         138,195             42.0             94.9                14.6
            March 2005           8,828         136,303             39.3             93.6                15.4
            March 2006           8,410         135,571             37.4             95.3                16.1
            March 2007           7,939         130,828             35.3             94.4                16.5
            March 2008           7,572         125,957             33.7             95.4                16.6
            March 2009           7,226         114,803             32.1             95.4                15.9
            March 2010           6,817         105,491             30.3             94.3                15.5
            March 2011           6,561         106,099             29.2             96.2                16.2
            March 2012           6,303         106,979             28.0             96.1                17.0
            March 2013           6,029         108,000             26.8             95.7                17.9
            March 2014           5,848         107,326             26.0             97.0                18.4
            March 2015           5,624         106,988             25.0             96.2                19.0
            March 2016           5,478         106,126             24.4             97.4                19.4
            March 2017           5,236         103,048             23.3             95.6                19.7
            March 2018           4,994         102,900             22.2             95.4                20.6
            March 2019           4,832         101,172             21.5             96.8                20.9
            March 2020           4,715          98,726             21.0             97.6                20.9
            March 2021           4,512          94,111             20.1             95.7                20.9
            March 2022           4,358          94,205             19.4             96.6                21.6
            March 2023           4,208          93,779             18.7             96.6                22.3
            March 2024           4,018          91,199             17.9             95.5                22.7
 
Annual openings
Year ended: March 1996

            March 1996          20,915         174,203            100.0               _                  8.3
            March 1997          16,992         175,228             81.2             81.2                10.3
            March 1998          14,816         173,251             70.8             87.2                11.7
            March 1999          13,421         174,039             64.2             90.6                13.0
            March 2000          12,299         171,910             58.8             91.6                14.0
            March 2001          11,211         163,210             53.6             91.2                14.6
            March 2002          10,328         153,219             49.4             92.1                14.8
            March 2003           9,625         145,795             46.0             93.2                15.1
            March 2004           9,127         144,214             43.6             94.8                15.8
            March 2005           8,650         140,405             41.4             94.8                16.2
            March 2006           8,111         135,162             38.8             93.8                16.7
            March 2007           7,682         129,789             36.7             94.7                16.9
            March 2008           7,238         126,774             34.6             94.2                17.5
            March 2009           6,873         119,598             32.9             95.0                17.4
            March 2010           6,521         114,785             31.2             94.9                17.6
            March 2011           6,292         113,458             30.1             96.5                18.0
            March 2012           6,038         113,735             28.9             96.0                18.8
            March 2013           5,801         112,802             27.7             96.1                19.4
            March 2014           5,625         110,478             26.9             97.0                19.6
            March 2015           5,427         110,551             25.9             96.5                20.4
            March 2016           5,290         110,298             25.3             97.5                20.9
            March 2017           5,024         108,039             24.0             95.0                21.5
            March 2018           4,864         107,345             23.3             96.8                22.1
            March 2019           4,696         105,454             22.5             96.5                22.5
            March 2020           4,532         102,053             21.7             96.5                22.5
            March 2021           4,337          95,147             20.7             95.7                21.9
            March 2022           4,188          96,955             20.0             96.6                23.2
            March 2023           3,996          95,121             19.1             95.4                23.8
            March 2024           3,849          91,752             18.4             96.3                23.8
 
Annual openings
Year ended: March 1997

            March 1997          19,797         161,539            100.0               _                  8.2
            March 1998          15,847         168,609             80.0             80.0                10.6
            March 1999          14,034         159,399             70.9             88.6                11.4
            March 2000          12,679         158,524             64.0             90.3                12.5
            March 2001          11,427         149,324             57.7             90.1                13.1
            March 2002          10,266         139,234             51.9             89.8                13.6
            March 2003           9,457         131,451             47.8             92.1                13.9
            March 2004           8,854         129,269             44.7             93.6                14.6
            March 2005           8,446         125,353             42.7             95.4                14.8
            March 2006           8,008         123,906             40.5             94.8                15.5
            March 2007           7,499         119,235             37.9             93.6                15.9
            March 2008           7,003         113,521             35.4             93.4                16.2
            March 2009           6,603         104,297             33.4             94.3                15.8
            March 2010           6,274          99,781             31.7             95.0                15.9
            March 2011           5,957          97,862             30.1             94.9                16.4
            March 2012           5,686          98,074             28.7             95.5                17.2
            March 2013           5,415          98,331             27.4             95.2                18.2
            March 2014           5,215          99,063             26.3             96.3                19.0
            March 2015           5,015          98,779             25.3             96.2                19.7
            March 2016           4,923          97,859             24.9             98.2                19.9
            March 2017           4,695          95,095             23.7             95.4                20.3
            March 2018           4,466          95,126             22.6             95.1                21.3
            March 2019           4,327          93,090             21.9             96.9                21.5
            March 2020           4,147          90,884             20.9             95.8                21.9
            March 2021           3,880          85,011             19.6             93.6                21.9
            March 2022           3,775          83,836             19.1             97.3                22.2
            March 2023           3,643          81,626             18.4             96.5                22.4
            March 2024           3,457          80,296             17.5             94.9                23.2
 
Annual openings
Year ended: March 1998

            March 1998          18,863         155,720            100.0               _                  8.3
            March 1999          15,305         156,942             81.1             81.1                10.3
            March 2000          13,622         157,682             72.2             89.0                11.6
            March 2001          12,064         152,758             64.0             88.6                12.7
            March 2002          10,761         140,668             57.0             89.2                13.1
            March 2003           9,741         130,996             51.6             90.5                13.4
            March 2004           9,107         127,744             48.3             93.5                14.0
            March 2005           8,443         123,014             44.8             92.7                14.6
            March 2006           7,903         120,671             41.9             93.6                15.3
            March 2007           7,450         117,574             39.5             94.3                15.8
            March 2008           6,923         111,919             36.7             92.9                16.2
            March 2009           6,618         102,363             35.1             95.6                15.5
            March 2010           6,192          98,765             32.8             93.6                16.0
            March 2011           5,971          98,384             31.7             96.4                16.5
            March 2012           5,709         100,126             30.3             95.6                17.5
            March 2013           5,404          97,642             28.6             94.7                18.1
            March 2014           5,221          96,559             27.7             96.6                18.5
            March 2015           5,042          96,058             26.7             96.6                19.1
            March 2016           4,940          94,784             26.2             98.0                19.2
            March 2017           4,723          93,493             25.0             95.6                19.8
            March 2018           4,530          92,828             24.0             95.9                20.5
            March 2019           4,320          91,879             22.9             95.4                21.3
            March 2020           4,170          88,164             22.1             96.5                21.1
            March 2021           3,980          82,195             21.1             95.4                20.7
            March 2022           3,833          83,942             20.3             96.3                21.9
            March 2023           3,666          83,335             19.4             95.6                22.7
            March 2024           3,478          82,060             18.4             94.9                23.6
 
Annual openings
Year ended: March 1999

            March 1999          18,733         166,412            100.0               _                  8.9
            March 2000          15,460         173,424             82.5             82.5                11.2
            March 2001          13,408         170,511             71.6             86.7                12.7
            March 2002          11,740         159,395             62.7             87.6                13.6
            March 2003          10,599         154,742             56.6             90.3                14.6
            March 2004           9,821         151,726             52.4             92.7                15.4
            March 2005           9,139         147,495             48.8             93.1                16.1
            March 2006           8,518         149,483             45.5             93.2                17.5
            March 2007           7,953         142,089             42.5             93.4                17.9
            March 2008           7,468         138,297             39.9             93.9                18.5
            March 2009           6,962         128,691             37.2             93.2                18.5
            March 2010           6,537         124,039             34.9             93.9                19.0
            March 2011           6,240         123,462             33.3             95.5                19.8
            March 2012           5,973         124,438             31.9             95.7                20.8
            March 2013           5,729         124,250             30.6             95.9                21.7
            March 2014           5,462         124,209             29.2             95.3                22.7
            March 2015           5,288         123,735             28.2             96.8                23.4
            March 2016           5,157         123,832             27.5             97.5                24.0
            March 2017           4,912         121,836             26.2             95.2                24.8
            March 2018           4,715         119,779             25.2             96.0                25.4
            March 2019           4,579         117,073             24.4             97.1                25.6
            March 2020           4,387         111,661             23.4             95.8                25.5
            March 2021           4,170         103,871             22.3             95.1                24.9
            March 2022           3,986         101,980             21.3             95.6                25.6
            March 2023           3,841         103,519             20.5             96.4                27.0
            March 2024           3,699         103,343             19.7             96.3                27.9
 
Annual openings
Year ended: March 2000

            March 2000          18,589         153,472            100.0               _                  8.3
            March 2001          14,857         157,641             79.9             79.9                10.6
            March 2002          12,624         148,099             67.9             85.0                11.7
            March 2003          11,250         145,630             60.5             89.1                12.9
            March 2004          10,320         146,491             55.5             91.7                14.2
            March 2005           9,400         143,822             50.6             91.1                15.3
            March 2006           8,765         139,913             47.2             93.2                16.0
            March 2007           8,190         136,933             44.1             93.4                16.7
            March 2008           7,536         127,885             40.5             92.0                17.0
            March 2009           7,078         118,370             38.1             93.9                16.7
            March 2010           6,538         112,278             35.2             92.4                17.2
            March 2011           6,286         112,704             33.8             96.1                17.9
            March 2012           5,982         113,303             32.2             95.2                18.9
            March 2013           5,668         108,974             30.5             94.8                19.2
            March 2014           5,445         109,688             29.3             96.1                20.1
            March 2015           5,231         109,632             28.1             96.1                21.0
            March 2016           5,069         110,084             27.3             96.9                21.7
            March 2017           4,865         109,866             26.2             96.0                22.6
            March 2018           4,629         106,931             24.9             95.1                23.1
            March 2019           4,454         106,376             24.0             96.2                23.9
            March 2020           4,305         102,076             23.2             96.7                23.7
            March 2021           4,133          94,067             22.2             96.0                22.8
            March 2022           3,935          93,767             21.2             95.2                23.8
            March 2023           3,777          94,115             20.3             96.0                24.9
            March 2024           3,613          93,486             19.4             95.7                25.9
 
Annual openings
Year ended: March 2001

            March 2001          18,388         137,180            100.0               _                  7.5
            March 2002          14,492         132,625             78.8             78.8                 9.2
            March 2003          12,344         125,813             67.1             85.2                10.2
            March 2004          11,211         125,125             61.0             90.8                11.2
            March 2005          10,127         123,065             55.1             90.3                12.2
            March 2006           9,363         122,437             50.9             92.5                13.1
            March 2007           8,688         119,700             47.2             92.8                13.8
            March 2008           7,966         116,231             43.3             91.7                14.6
            March 2009           7,468         108,064             40.6             93.7                14.5
            March 2010           6,985         102,317             38.0             93.5                14.6
            March 2011           6,673          99,521             36.3             95.5                14.9
            March 2012           6,299         100,407             34.3             94.4                15.9
            March 2013           5,988         100,037             32.6             95.1                16.7
            March 2014           5,790          98,035             31.5             96.7                16.9
            March 2015           5,583          96,932             30.4             96.4                17.4
            March 2016           5,410          96,199             29.4             96.9                17.8
            March 2017           5,179          94,205             28.2             95.7                18.2
            March 2018           4,985          92,319             27.1             96.3                18.5
            March 2019           4,776          90,360             26.0             95.8                18.9
            March 2020           4,566          86,955             24.8             95.6                19.0
            March 2021           4,356          81,034             23.7             95.4                18.6
            March 2022           4,158          82,628             22.6             95.5                19.9
            March 2023           4,011          81,542             21.8             96.5                20.3
            March 2024           3,830          79,287             20.8             95.5                20.7
 
Annual openings
Year ended: March 2002

            March 2002          18,447         142,631            100.0               _                  7.7
            March 2003          14,728         139,693             79.8             79.8                 9.5
            March 2004          12,593         135,040             68.3             85.5                10.7
            March 2005          11,151         132,445             60.4             88.5                11.9
            March 2006          10,231         132,224             55.5             91.7                12.9
            March 2007           9,244         129,854             50.1             90.4                14.0
            March 2008           8,524         125,295             46.2             92.2                14.7
            March 2009           7,866         115,633             42.6             92.3                14.7
            March 2010           7,260         109,681             39.4             92.3                15.1
            March 2011           6,948         111,036             37.7             95.7                16.0
            March 2012           6,564         110,385             35.6             94.5                16.8
            March 2013           6,247         108,354             33.9             95.2                17.3
            March 2014           5,945         106,710             32.2             95.2                17.9
            March 2015           5,653         105,809             30.6             95.1                18.7
            March 2016           5,545         104,413             30.1             98.1                18.8
            March 2017           5,245         102,157             28.4             94.6                19.5
            March 2018           5,023         101,461             27.2             95.8                20.2
            March 2019           4,810          98,255             26.1             95.8                20.4
            March 2020           4,608          95,603             25.0             95.8                20.7
            March 2021           4,359          88,133             23.6             94.6                20.2
            March 2022           4,239          86,038             23.0             97.2                20.3
            March 2023           4,065          86,545             22.0             95.9                21.3
            March 2024           3,881          84,804             21.0             95.5                21.9
 
Annual openings
Year ended: March 2003

            March 2003          17,402         118,217            100.0               _                  6.8
            March 2004          14,041         116,529             80.7             80.7                 8.3
            March 2005          12,111         115,631             69.6             86.3                 9.5
            March 2006          10,937         114,610             62.8             90.3                10.5
            March 2007           9,819         109,336             56.4             89.8                11.1
            March 2008           8,776         106,152             50.4             89.4                12.1
            March 2009           7,961          99,262             45.7             90.7                12.5
            March 2010           7,301          93,710             42.0             91.7                12.8
            March 2011           6,917          92,632             39.7             94.7                13.4
            March 2012           6,501          92,597             37.4             94.0                14.2
            March 2013           6,109          89,848             35.1             94.0                14.7
            March 2014           5,789          88,977             33.3             94.8                15.4
            March 2015           5,493          88,073             31.6             94.9                16.0
            March 2016           5,317          86,821             30.6             96.8                16.3
            March 2017           4,968          84,396             28.5             93.4                17.0
            March 2018           4,740          83,533             27.2             95.4                17.6
            March 2019           4,576          81,631             26.3             96.5                17.8
            March 2020           4,317          78,708             24.8             94.3                18.2
            March 2021           4,157          73,429             23.9             96.3                17.7
            March 2022           4,003          73,623             23.0             96.3                18.4
            March 2023           3,839          72,054             22.1             95.9                18.8
            March 2024           3,617          69,224             20.8             94.2                19.1
 
Annual openings
Year ended: March 2004

            March 2004          17,183         114,936            100.0               _                  6.7
            March 2005          13,788         109,660             80.2             80.2                 8.0
            March 2006          12,172         108,580             70.8             88.3                 8.9
            March 2007          10,756         105,888             62.6             88.4                 9.8
            March 2008           9,566         102,297             55.7             88.9                10.7
            March 2009           8,658          95,418             50.4             90.5                11.0
            March 2010           7,900          90,965             46.0             91.2                11.5
            March 2011           7,439          90,920             43.3             94.2                12.2
            March 2012           6,958          89,920             40.5             93.5                12.9
            March 2013           6,535          87,734             38.0             93.9                13.4
            March 2014           6,159          86,637             35.8             94.2                14.1
            March 2015           5,823          86,640             33.9             94.5                14.9
            March 2016           5,650          88,980             32.9             97.0                15.7
            March 2017           5,356          88,033             31.2             94.8                16.4
            March 2018           5,108          89,380             29.7             95.4                17.5
            March 2019           4,884          88,128             28.4             95.6                18.0
            March 2020           4,652          84,714             27.1             95.2                18.2
            March 2021           4,532          80,088             26.4             97.4                17.7
            March 2022           4,364          80,506             25.4             96.3                18.4
            March 2023           4,198          78,837             24.4             96.2                18.8
            March 2024           4,024          78,240             23.4             95.9                19.4
 
Annual openings
Year ended: March 2005

            March 2005          17,347         113,438            100.0               _                  6.5
            March 2006          14,163         113,307             81.6             81.6                 8.0
            March 2007          12,171         111,361             70.2             85.9                 9.1
            March 2008          10,578         104,866             61.0             86.9                 9.9
            March 2009           9,515          95,990             54.9             90.0                10.1
            March 2010           8,627          90,384             49.7             90.7                10.5
            March 2011           8,110          90,426             46.8             94.0                11.1
            March 2012           7,557          90,545             43.6             93.2                12.0
            March 2013           7,033          90,041             40.5             93.1                12.8
            March 2014           6,623          87,627             38.2             94.2                13.2
            March 2015           6,281          88,243             36.2             94.8                14.0
            March 2016           6,119          89,388             35.3             97.4                14.6
            March 2017           5,671          87,649             32.7             92.7                15.5
            March 2018           5,348          86,288             30.8             94.3                16.1
            March 2019           5,104          84,528             29.4             95.4                16.6
            March 2020           4,851          77,666             28.0             95.0                16.0
            March 2021           4,575          72,753             26.4             94.3                15.9
            March 2022           4,430          74,635             25.5             96.8                16.8
            March 2023           4,288          74,002             24.7             96.8                17.3
            March 2024           4,076          72,131             23.5             95.1                17.7
 
Annual openings
Year ended: March 2006

            March 2006          18,634         106,478            100.0               _                  5.7
            March 2007          14,638         106,413             78.6             78.6                 7.3
            March 2008          12,380         102,398             66.4             84.6                 8.3
            March 2009          10,859          95,005             58.3             87.7                 8.7
            March 2010           9,608          89,264             51.6             88.5                 9.3
            March 2011           8,885          91,162             47.7             92.5                10.3
            March 2012           8,268          92,087             44.4             93.1                11.1
            March 2013           7,716          90,532             41.4             93.3                11.7
            March 2014           7,280          89,902             39.1             94.3                12.3
            March 2015           6,813          87,516             36.6             93.6                12.8
            March 2016           6,602          87,615             35.4             96.9                13.3
            March 2017           6,178          83,649             33.2             93.6                13.5
            March 2018           5,854          81,866             31.4             94.8                14.0
            March 2019           5,565          80,373             29.9             95.1                14.4
            March 2020           5,320          78,453             28.5             95.6                14.7
            March 2021           5,069          72,803             27.2             95.3                14.4
            March 2022           4,854          73,029             26.0             95.8                15.0
            March 2023           4,654          72,096             25.0             95.9                15.5
            March 2024           4,405          70,555             23.6             94.6                16.0
 
Annual openings
Year ended: March 2007

            March 2007          16,338          98,121            100.0               _                  6.0
            March 2008          12,515          95,421             76.6             76.6                 7.6
            March 2009          10,622          88,314             65.0             84.9                 8.3
            March 2010           9,350          84,409             57.2             88.0                 9.0
            March 2011           8,605          84,715             52.7             92.0                 9.8
            March 2012           7,843          85,879             48.0             91.1                10.9
            March 2013           7,275          84,758             44.5             92.8                11.7
            March 2014           6,849          83,316             41.9             94.1                12.2
            March 2015           6,417          82,048             39.3             93.7                12.8
            March 2016           6,189          80,589             37.9             96.4                13.0
            March 2017           5,655          81,899             34.6             91.4                14.5
            March 2018           5,427          81,651             33.2             96.0                15.0
            March 2019           5,206          79,555             31.9             95.9                15.3
            March 2020           4,958          78,143             30.3             95.2                15.8
            March 2021           4,730          73,607             29.0             95.4                15.6
            March 2022           4,507          76,391             27.6             95.3                16.9
            March 2023           4,336          75,434             26.5             96.2                17.4
            March 2024           4,069          73,407             24.9             93.8                18.0
 
Annual openings
Year ended: March 2008

            March 2008          16,338          88,286            100.0               _                  5.4
            March 2009          12,402          85,615             75.9             75.9                 6.9
            March 2010          10,597          84,319             64.9             85.4                 8.0
            March 2011           9,621          86,305             58.9             90.8                 9.0
            March 2012           8,755          87,059             53.6             91.0                 9.9
            March 2013           8,020          85,871             49.1             91.6                10.7
            March 2014           7,561          87,076             46.3             94.3                11.5
            March 2015           7,067          88,193             43.3             93.5                12.5
            March 2016           6,852          89,148             41.9             97.0                13.0
            March 2017           6,330          87,185             38.7             92.4                13.8
            March 2018           5,986          86,814             36.6             94.6                14.5
            March 2019           5,730          85,725             35.1             95.7                15.0
            March 2020           5,420          82,872             33.2             94.6                15.3
            March 2021           5,179          78,217             31.7             95.6                15.1
            March 2022           4,971          78,058             30.4             96.0                15.7
            March 2023           4,746          77,186             29.0             95.5                16.3
            March 2024           4,510          75,420             27.6             95.0                16.7
 
Annual openings
Year ended: March 2009

            March 2009          13,652          69,176            100.0               _                  5.1
            March 2010          10,328          65,477             75.7             75.7                 6.3
            March 2011           9,091          69,515             66.6             88.0                 7.6
            March 2012           8,150          70,298             59.7             89.6                 8.6
            March 2013           7,389          71,459             54.1             90.7                 9.7
            March 2014           6,852          70,436             50.2             92.7                10.3
            March 2015           6,349          71,991             46.5             92.7                11.3
            March 2016           6,084          71,305             44.6             95.8                11.7
            March 2017           5,539          71,246             40.6             91.0                12.9
            March 2018           5,183          71,167             38.0             93.6                13.7
            March 2019           4,858          66,059             35.6             93.7                13.6
            March 2020           4,617          64,162             33.8             95.0                13.9
            March 2021           4,390          59,677             32.2             95.1                13.6
            March 2022           4,210          60,891             30.8             95.9                14.5
            March 2023           4,020          60,841             29.4             95.5                15.1
            March 2024           3,768          58,815             27.6             93.7                15.6
 
Annual openings
Year ended: March 2010

            March 2010          12,962          63,431            100.0               _                  4.9
            March 2011          10,307          66,302             79.5             79.5                 6.4
            March 2012           8,877          68,585             68.5             86.1                 7.7
            March 2013           7,952          68,796             61.3             89.6                 8.7
            March 2014           7,365          68,651             56.8             92.6                 9.3
            March 2015           6,747          68,341             52.1             91.6                10.1
            March 2016           6,469          66,737             49.9             95.9                10.3
            March 2017           5,919          66,380             45.7             91.5                11.2
            March 2018           5,574          65,848             43.0             94.2                11.8
            March 2019           5,232          64,753             40.4             93.9                12.4
            March 2020           4,901          62,237             37.8             93.7                12.7
            March 2021           4,708          57,616             36.3             96.1                12.2
            March 2022           4,541          58,949             35.0             96.5                13.0
            March 2023           4,310          58,763             33.3             94.9                13.6
            March 2024           4,044          57,303             31.2             93.8                14.2
 
Annual openings
Year ended: March 2011

            March 2011          13,856          69,053            100.0               _                  5.0
            March 2012          10,970          72,420             79.2             79.2                 6.6
            March 2013           9,573          72,840             69.1             87.3                 7.6
            March 2014           8,647          73,566             62.4             90.3                 8.5
            March 2015           7,926          73,377             57.2             91.7                 9.3
            March 2016           7,484          72,683             54.0             94.4                 9.7
            March 2017           6,771          72,103             48.9             90.5                10.6
            March 2018           6,343          70,417             45.8             93.7                11.1
            March 2019           5,959          69,603             43.0             93.9                11.7
            March 2020           5,575          67,486             40.2             93.6                12.1
            March 2021           5,289          63,228             38.2             94.9                12.0
            March 2022           5,023          65,455             36.3             95.0                13.0
            March 2023           4,788          66,675             34.6             95.3                13.9
            March 2024           4,530          65,509             32.7             94.6                14.5
 
Annual openings
Year ended: March 2012

            March 2012          16,211          84,395            100.0               _                  5.2
            March 2013          12,963          89,015             80.0             80.0                 6.9
            March 2014          11,387          90,353             70.2             87.8                 7.9
            March 2015          10,287          92,695             63.5             90.3                 9.0
            March 2016           9,709          94,494             59.9             94.4                 9.7
            March 2017           8,673          92,546             53.5             89.3                10.7
            March 2018           8,044          91,904             49.6             92.7                11.4
            March 2019           7,536          92,479             46.5             93.7                12.3
            March 2020           7,046          88,633             43.5             93.5                12.6
            March 2021           6,660          82,511             41.1             94.5                12.4
            March 2022           6,278          84,174             38.7             94.3                13.4
            March 2023           5,990          84,298             37.0             95.4                14.1
            March 2024           5,646          81,858             34.8             94.3                14.5
 
Annual openings
Year ended: March 2013

            March 2013          14,886          78,650            100.0               _                  5.3
            March 2014          11,918          83,945             80.1             80.1                 7.0
            March 2015          10,358          87,348             69.6             86.9                 8.4
            March 2016           9,659          85,696             64.9             93.3                 8.9
            March 2017           8,568          83,423             57.6             88.7                 9.7
            March 2018           7,919          83,948             53.2             92.4                10.6
            March 2019           7,479          81,764             50.2             94.4                10.9
            March 2020           6,837          79,348             45.9             91.4                11.6
            March 2021           6,458          75,039             43.4             94.5                11.6
            March 2022           6,169          78,256             41.4             95.5                12.7
            March 2023           5,875          76,668             39.5             95.2                13.0
            March 2024           5,514          75,476             37.0             93.9                13.7
 
Annual openings
Year ended: March 2014

            March 2014          15,433          79,386            100.0               _                  5.1
            March 2015          12,219          79,867             79.2             79.2                 6.5
            March 2016          11,151          82,662             72.3             91.3                 7.4
            March 2017           9,703          83,385             62.9             87.0                 8.6
            March 2018           8,863          83,635             57.4             91.3                 9.4
            March 2019           8,190          82,403             53.1             92.4                10.1
            March 2020           7,522          79,860             48.7             91.8                10.6
            March 2021           7,030          75,950             45.6             93.5                10.8
            March 2022           6,632          78,221             43.0             94.3                11.8
            March 2023           6,317          76,030             40.9             95.3                12.0
            March 2024           5,847          73,635             37.9             92.6                12.6
 
Annual openings
Year ended: March 2015

            March 2015          15,654          78,867            100.0               _                  5.0
            March 2016          13,013          86,053             83.1             83.1                 6.6
            March 2017          10,954          87,412             70.0             84.2                 8.0
            March 2018           9,837          86,553             62.8             89.8                 8.8
            March 2019           8,982          85,319             57.4             91.3                 9.5
            March 2020           8,223          83,328             52.5             91.5                10.1
            March 2021           7,618          78,268             48.7             92.6                10.3
            March 2022           7,165          81,750             45.8             94.1                11.4
            March 2023           6,801          80,622             43.4             94.9                11.9
            March 2024           6,350          79,441             40.6             93.4                12.5
 
Annual openings
Year ended: March 2016

            March 2016          17,123          80,805            100.0               _                  4.7
            March 2017          12,989          90,363             75.9             75.9                 7.0
            March 2018          11,355          91,695             66.3             87.4                 8.1
            March 2019          10,143          91,750             59.2             89.3                 9.0
            March 2020           9,199          98,039             53.7             90.7                10.7
            March 2021           8,621         100,863             50.3             93.7                11.7
            March 2022           8,089         115,959             47.2             93.8                14.3
            March 2023           7,645          97,796             44.6             94.5                12.8
            March 2024           7,061          93,974             41.2             92.4                13.3
 
Annual openings
Year ended: March 2017

            March 2017          16,117          77,232            100.0               _                  4.8
            March 2018          12,825          79,329             79.6             79.6                 6.2
            March 2019          11,099          78,404             68.9             86.5                 7.1
            March 2020           9,883          77,099             61.3             89.0                 7.8
            March 2021           9,214          73,296             57.2             93.2                 8.0
            March 2022           8,589          77,844             53.3             93.2                 9.1
            March 2023           8,055          77,865             50.0             93.8                 9.7
            March 2024           7,513          75,411             46.6             93.3                10.0
 
Annual openings
Year ended: March 2018

            March 2018          16,271          74,525            100.0               _                  4.6
            March 2019          12,935          78,489             79.5             79.5                 6.1
            March 2020          11,271          78,475             69.3             87.1                 7.0
            March 2021          10,244          74,586             63.0             90.9                 7.3
            March 2022           9,466          78,884             58.2             92.4                 8.3
            March 2023           8,736          79,119             53.7             92.3                 9.1
            March 2024           8,051          76,973             49.5             92.2                 9.6
 
Annual openings
Year ended: March 2019

            March 2019          17,240          81,108            100.0               _                  4.7
            March 2020          13,590          88,772             78.8             78.8                 6.5
            March 2021          12,258          93,918             71.1             90.2                 7.7
            March 2022          11,307          98,097             65.6             92.2                 8.7
            March 2023          10,318          93,285             59.8             91.3                 9.0
            March 2024           9,490          91,209             55.0             92.0                 9.6
 
Annual openings
Year ended: March 2020

            March 2020          17,578          84,314            100.0               _                  4.8
            March 2021          14,285          84,978             81.3             81.3                 5.9
            March 2022          12,836         100,378             73.0             89.9                 7.8
            March 2023          11,611         107,574             66.1             90.5                 9.3
            March 2024          10,478         107,816             59.6             90.2                10.3
 
Annual openings
Year ended: March 2021

            March 2021          19,452          77,495            100.0               _                  4.0
            March 2022          15,310          88,472             78.7             78.7                 5.8
            March 2023          13,297          91,624             68.4             86.9                 6.9
            March 2024          11,628          90,471             59.8             87.4                 7.8
 
Annual openings
Year ended: March 2022

            March 2022          22,900          81,088            100.0               _                  3.5
            March 2023          17,810          85,319             77.8             77.8                 4.8
            March 2024          15,033          85,173             65.6             84.4                 5.7
 
Annual openings
Year ended: March 2023

            March 2023          23,313          91,781            100.0               _                  3.9
            March 2024          17,837          92,360             76.5             76.5                 5.2
 
Annual openings
Year ended: March 2024

            March 2024          20,984          94,442            100.0               _                  4.5
 
NOTE: A '_' indicates that the data are not available and a 'N' indicates that the data do not meet BLS disclosure standards.
