Table 7. Survival of private sector establishments by opening year

Total Private

Oklahoma

                          Surviving       Total Employment   Survival Rates   Survival Rates of   Average Employment
                          Establishments  of Survivors       Since Birth      Previous Year's     of Survivors
                                                                              Survivors

Annual openings
Year ended: March 1994

            March 1994           7,547          51,067            100.0               _                  6.8
            March 1995           5,905          49,263             78.2             78.2                 8.3
            March 1996           5,039          47,257             66.8             85.3                 9.4
            March 1997           4,384          45,000             58.1             87.0                10.3
            March 1998           4,102          42,605             54.4             93.6                10.4
            March 1999           3,637          40,312             48.2             88.7                11.1
            March 2000           3,159          39,483             41.9             86.9                12.5
            March 2001           2,951          37,103             39.1             93.4                12.6
            March 2002           2,686          32,629             35.6             91.0                12.1
            March 2003           2,503          30,535             33.2             93.2                12.2
            March 2004           2,394          27,784             31.7             95.6                11.6
            March 2005           2,248          26,380             29.8             93.9                11.7
            March 2006           2,120          26,150             28.1             94.3                12.3
            March 2007           1,996          25,536             26.4             94.2                12.8
            March 2008           1,895          25,896             25.1             94.9                13.7
            March 2009           1,792          24,000             23.7             94.6                13.4
            March 2010           1,774          22,463             23.5             99.0                12.7
            March 2011           1,700          21,591             22.5             95.8                12.7
            March 2012           1,629          21,873             21.6             95.8                13.4
            March 2013           1,570          21,478             20.8             96.4                13.7
            March 2014           1,510          21,672             20.0             96.2                14.4
            March 2015           1,463          21,702             19.4             96.9                14.8
            March 2016           1,371          21,203             18.2             93.7                15.5
            March 2017           1,295          20,188             17.2             94.5                15.6
            March 2018           1,267          20,269             16.8             97.8                16.0
            March 2019           1,194          19,427             15.8             94.2                16.3
            March 2020           1,144          18,327             15.2             95.8                16.0
            March 2021           1,075          17,119             14.2             94.0                15.9
            March 2022           1,016          16,871             13.5             94.5                16.6
            March 2023             981          15,854             13.0             96.6                16.2
            March 2024             924          15,084             12.2             94.2                16.3
 
Annual openings
Year ended: March 1995

            March 1995           7,324          51,247            100.0               _                  7.0
            March 1996           5,745          51,572             78.4             78.4                 9.0
            March 1997           4,747          48,169             64.8             82.6                10.1
            March 1998           4,355          48,340             59.5             91.7                11.1
            March 1999           3,771          44,409             51.5             86.6                11.8
            March 2000           3,299          42,914             45.0             87.5                13.0
            March 2001           2,971          41,415             40.6             90.1                13.9
            March 2002           2,738          40,760             37.4             92.2                14.9
            March 2003           2,539          37,131             34.7             92.7                14.6
            March 2004           2,385          35,530             32.6             93.9                14.9
            March 2005           2,236          34,383             30.5             93.8                15.4
            March 2006           2,114          34,756             28.9             94.5                16.4
            March 2007           2,017          35,171             27.5             95.4                17.4
            March 2008           1,948          34,437             26.6             96.6                17.7
            March 2009           1,795          33,100             24.5             92.1                18.4
            March 2010           1,745          32,375             23.8             97.2                18.6
            March 2011           1,662          31,613             22.7             95.2                19.0
            March 2012           1,584          32,244             21.6             95.3                20.4
            March 2013           1,545          31,828             21.1             97.5                20.6
            March 2014           1,483          30,039             20.2             96.0                20.3
            March 2015           1,421          28,746             19.4             95.8                20.2
            March 2016           1,417          26,887             19.3             99.7                19.0
            March 2017           1,317          24,845             18.0             92.9                18.9
            March 2018           1,282          24,899             17.5             97.3                19.4
            March 2019           1,197          23,330             16.3             93.4                19.5
            March 2020           1,158          22,773             15.8             96.7                19.7
            March 2021           1,099          21,156             15.0             94.9                19.3
            March 2022           1,052          21,242             14.4             95.7                20.2
            March 2023           1,014          21,465             13.8             96.4                21.2
            March 2024             988          21,433             13.5             97.4                21.7
 
Annual openings
Year ended: March 1996

            March 1996           7,072          58,910            100.0               _                  8.3
            March 1997           5,483          59,283             77.5             77.5                10.8
            March 1998           4,937          58,244             69.8             90.0                11.8
            March 1999           4,284          56,603             60.6             86.8                13.2
            March 2000           3,631          49,930             51.3             84.8                13.8
            March 2001           3,320          46,176             46.9             91.4                13.9
            March 2002           3,024          43,579             42.8             91.1                14.4
            March 2003           2,782          38,918             39.3             92.0                14.0
            March 2004           2,617          37,992             37.0             94.1                14.5
            March 2005           2,488          36,753             35.2             95.1                14.8
            March 2006           2,348          34,171             33.2             94.4                14.6
            March 2007           2,238          33,931             31.6             95.3                15.2
            March 2008           2,087          32,369             29.5             93.3                15.5
            March 2009           2,010          30,284             28.4             96.3                15.1
            March 2010           1,883          28,589             26.6             93.7                15.2
            March 2011           1,804          27,808             25.5             95.8                15.4
            March 2012           1,758          27,683             24.9             97.5                15.7
            March 2013           1,677          26,817             23.7             95.4                16.0
            March 2014           1,592          25,822             22.5             94.9                16.2
            March 2015           1,552          25,025             21.9             97.5                16.1
            March 2016           1,472          23,646             20.8             94.8                16.1
            March 2017           1,402          24,061             19.8             95.2                17.2
            March 2018           1,361          24,514             19.2             97.1                18.0
            March 2019           1,295          23,171             18.3             95.2                17.9
            March 2020           1,208          21,708             17.1             93.3                18.0
            March 2021           1,138          19,534             16.1             94.2                17.2
            March 2022           1,085          19,366             15.3             95.3                17.8
            March 2023           1,025          18,716             14.5             94.5                18.3
            March 2024             962          17,807             13.6             93.9                18.5
 
Annual openings
Year ended: March 1997

            March 1997           7,903          65,667            100.0               _                  8.3
            March 1998           6,753          67,829             85.4             85.4                10.0
            March 1999           5,549          63,192             70.2             82.2                11.4
            March 2000           4,590          60,304             58.1             82.7                13.1
            March 2001           4,156          55,439             52.6             90.5                13.3
            March 2002           3,740          50,187             47.3             90.0                13.4
            March 2003           3,405          46,929             43.1             91.0                13.8
            March 2004           3,257          45,274             41.2             95.7                13.9
            March 2005           3,058          45,095             38.7             93.9                14.7
            March 2006           2,880          44,139             36.4             94.2                15.3
            March 2007           2,709          42,061             34.3             94.1                15.5
            March 2008           2,636          40,417             33.4             97.3                15.3
            March 2009           2,460          37,891             31.1             93.3                15.4
            March 2010           2,334          35,298             29.5             94.9                15.1
            March 2011           2,240          35,241             28.3             96.0                15.7
            March 2012           2,144          34,916             27.1             95.7                16.3
            March 2013           2,083          34,918             26.4             97.2                16.8
            March 2014           1,942          34,130             24.6             93.2                17.6
            March 2015           1,879          33,053             23.8             96.8                17.6
            March 2016           1,798          32,595             22.8             95.7                18.1
            March 2017           1,689          31,134             21.4             93.9                18.4
            March 2018           1,656          29,484             21.0             98.0                17.8
            March 2019           1,560          28,075             19.7             94.2                18.0
            March 2020           1,480          26,561             18.7             94.9                17.9
            March 2021           1,429          24,110             18.1             96.6                16.9
            March 2022           1,344          23,142             17.0             94.1                17.2
            March 2023           1,278          22,971             16.2             95.1                18.0
            March 2024           1,204          22,174             15.2             94.2                18.4
 
Annual openings
Year ended: March 1998

            March 1998           8,052          56,501            100.0               _                  7.0
            March 1999           6,379          55,930             79.2             79.2                 8.8
            March 2000           4,907          53,055             60.9             76.9                10.8
            March 2001           4,353          47,887             54.1             88.7                11.0
            March 2002           3,801          43,830             47.2             87.3                11.5
            March 2003           3,417          38,020             42.4             89.9                11.1
            March 2004           3,198          36,086             39.7             93.6                11.3
            March 2005           3,023          35,533             37.5             94.5                11.8
            March 2006           2,856          35,764             35.5             94.5                12.5
            March 2007           2,665          33,801             33.1             93.3                12.7
            March 2008           2,563          32,736             31.8             96.2                12.8
            March 2009           2,431          30,036             30.2             94.8                12.4
            March 2010           2,299          28,247             28.6             94.6                12.3
            March 2011           2,166          27,407             26.9             94.2                12.7
            March 2012           2,069          27,517             25.7             95.5                13.3
            March 2013           1,984          27,324             24.6             95.9                13.8
            March 2014           1,873          26,345             23.3             94.4                14.1
            March 2015           1,808          26,414             22.5             96.5                14.6
            March 2016           1,729          25,368             21.5             95.6                14.7
            March 2017           1,663          23,867             20.7             96.2                14.4
            March 2018           1,599          23,005             19.9             96.2                14.4
            March 2019           1,515          22,817             18.8             94.7                15.1
            March 2020           1,417          21,362             17.6             93.5                15.1
            March 2021           1,346          20,183             16.7             95.0                15.0
            March 2022           1,298          19,939             16.1             96.4                15.4
            March 2023           1,222          20,312             15.2             94.1                16.6
            March 2024           1,163          19,794             14.4             95.2                17.0
 
Annual openings
Year ended: March 1999

            March 1999           7,875          60,257            100.0               _                  7.7
            March 2000           5,847          57,854             74.2             74.2                 9.9
            March 2001           5,119          54,854             65.0             87.5                10.7
            March 2002           4,419          49,187             56.1             86.3                11.1
            March 2003           3,911          44,507             49.7             88.5                11.4
            March 2004           3,532          42,384             44.9             90.3                12.0
            March 2005           3,279          41,597             41.6             92.8                12.7
            March 2006           3,084          41,274             39.2             94.1                13.4
            March 2007           2,909          41,819             36.9             94.3                14.4
            March 2008           2,767          39,472             35.1             95.1                14.3
            March 2009           2,604          36,707             33.1             94.1                14.1
            March 2010           2,457          33,898             31.2             94.4                13.8
            March 2011           2,358          33,367             29.9             96.0                14.2
            March 2012           2,253          33,626             28.6             95.5                14.9
            March 2013           2,188          32,973             27.8             97.1                15.1
            March 2014           2,116          31,113             26.9             96.7                14.7
            March 2015           2,063          30,460             26.2             97.5                14.8
            March 2016           1,968          29,222             25.0             95.4                14.8
            March 2017           1,838          28,994             23.3             93.4                15.8
            March 2018           1,756          28,503             22.3             95.5                16.2
            March 2019           1,664          28,153             21.1             94.8                16.9
            March 2020           1,582          27,724             20.1             95.1                17.5
            March 2021           1,492          25,898             18.9             94.3                17.4
            March 2022           1,395          25,835             17.7             93.5                18.5
            March 2023           1,327          26,549             16.9             95.1                20.0
            March 2024           1,267          26,651             16.1             95.5                21.0
 
Annual openings
Year ended: March 2000

            March 2000           7,284          58,819            100.0               _                  8.1
            March 2001           5,643          58,358             77.5             77.5                10.3
            March 2002           4,658          53,145             63.9             82.5                11.4
            March 2003           4,119          49,454             56.5             88.4                12.0
            March 2004           3,818          46,613             52.4             92.7                12.2
            March 2005           3,510          45,244             48.2             91.9                12.9
            March 2006           3,265          44,599             44.8             93.0                13.7
            March 2007           2,992          43,665             41.1             91.6                14.6
            March 2008           2,767          42,500             38.0             92.5                15.4
            March 2009           2,580          39,946             35.4             93.2                15.5
            March 2010           2,365          37,682             32.5             91.7                15.9
            March 2011           2,241          37,412             30.8             94.8                16.7
            March 2012           2,129          37,449             29.2             95.0                17.6
            March 2013           2,042          37,649             28.0             95.9                18.4
            March 2014           1,949          36,657             26.8             95.4                18.8
            March 2015           1,884          36,893             25.9             96.7                19.6
            March 2016           1,794          35,477             24.6             95.2                19.8
            March 2017           1,694          34,693             23.3             94.4                20.5
            March 2018           1,640          34,689             22.5             96.8                21.2
            March 2019           1,586          33,616             21.8             96.7                21.2
            March 2020           1,493          32,224             20.5             94.1                21.6
            March 2021           1,404          29,947             19.3             94.0                21.3
            March 2022           1,352          30,471             18.6             96.3                22.5
            March 2023           1,307          31,512             17.9             96.7                24.1
            March 2024           1,273          29,456             17.5             97.4                23.1
 
Annual openings
Year ended: March 2001

            March 2001           6,695          57,850            100.0               _                  8.6
            March 2002           4,990          52,533             74.5             74.5                10.5
            March 2003           4,208          48,153             62.9             84.3                11.4
            March 2004           3,864          44,429             57.7             91.8                11.5
            March 2005           3,545          42,714             52.9             91.7                12.0
            March 2006           3,297          43,213             49.2             93.0                13.1
            March 2007           3,048          42,552             45.5             92.4                14.0
            March 2008           2,849          41,471             42.6             93.5                14.6
            March 2009           2,646          37,785             39.5             92.9                14.3
            March 2010           2,423          34,322             36.2             91.6                14.2
            March 2011           2,301          33,455             34.4             95.0                14.5
            March 2012           2,186          33,364             32.7             95.0                15.3
            March 2013           2,104          32,159             31.4             96.2                15.3
            March 2014           2,023          31,347             30.2             96.2                15.5
            March 2015           1,980          31,555             29.6             97.9                15.9
            March 2016           1,887          30,001             28.2             95.3                15.9
            March 2017           1,829          28,891             27.3             96.9                15.8
            March 2018           1,758          28,197             26.3             96.1                16.0
            March 2019           1,645          26,500             24.6             93.6                16.1
            March 2020           1,560          24,190             23.3             94.8                15.5
            March 2021           1,469          22,539             21.9             94.2                15.3
            March 2022           1,406          22,650             21.0             95.7                16.1
            March 2023           1,363          22,591             20.4             96.9                16.6
            March 2024           1,285          21,867             19.2             94.3                17.0
 
Annual openings
Year ended: March 2002

            March 2002           7,620          60,471            100.0               _                  7.9
            March 2003           5,881          54,835             77.2             77.2                 9.3
            March 2004           5,194          50,252             68.2             88.3                 9.7
            March 2005           4,634          51,206             60.8             89.2                11.1
            March 2006           4,248          50,511             55.7             91.7                11.9
            March 2007           3,964          47,731             52.0             93.3                12.0
            March 2008           3,688          46,411             48.4             93.0                12.6
            March 2009           3,437          42,418             45.1             93.2                12.3
            March 2010           3,208          38,695             42.1             93.3                12.1
            March 2011           2,960          37,039             38.8             92.3                12.5
            March 2012           2,919          36,648             38.3             98.6                12.6
            March 2013           2,773          35,800             36.4             95.0                12.9
            March 2014           2,633          35,222             34.6             95.0                13.4
            March 2015           2,527          34,189             33.2             96.0                13.5
            March 2016           2,388          34,069             31.3             94.5                14.3
            March 2017           2,217          33,154             29.1             92.8                15.0
            March 2018           2,116          33,026             27.8             95.4                15.6
            March 2019           2,006          32,615             26.3             94.8                16.3
            March 2020           1,912          31,300             25.1             95.3                16.4
            March 2021           1,807          29,439             23.7             94.5                16.3
            March 2022           1,710          29,709             22.4             94.6                17.4
            March 2023           1,634          29,703             21.4             95.6                18.2
            March 2024           1,563          29,366             20.5             95.7                18.8
 
Annual openings
Year ended: March 2003

            March 2003           6,679          46,765            100.0               _                  7.0
            March 2004           5,411          44,309             81.0             81.0                 8.2
            March 2005           4,604          41,804             68.9             85.1                 9.1
            March 2006           4,163          42,748             62.3             90.4                10.3
            March 2007           3,734          40,486             55.9             89.7                10.8
            March 2008           3,464          40,065             51.9             92.8                11.6
            March 2009           3,144          38,334             47.1             90.8                12.2
            March 2010           2,914          35,865             43.6             92.7                12.3
            March 2011           2,709          35,107             40.6             93.0                13.0
            March 2012           2,547          34,822             38.1             94.0                13.7
            March 2013           2,448          35,229             36.7             96.1                14.4
            March 2014           2,285          34,841             34.2             93.3                15.2
            March 2015           2,226          34,688             33.3             97.4                15.6
            March 2016           2,106          33,707             31.5             94.6                16.0
            March 2017           1,956          31,993             29.3             92.9                16.4
            March 2018           1,909          31,711             28.6             97.6                16.6
            March 2019           1,805          30,932             27.0             94.6                17.1
            March 2020           1,705          29,593             25.5             94.5                17.4
            March 2021           1,618          27,366             24.2             94.9                16.9
            March 2022           1,507          27,958             22.6             93.1                18.6
            March 2023           1,438          28,241             21.5             95.4                19.6
            March 2024           1,366          27,196             20.5             95.0                19.9
 
Annual openings
Year ended: March 2004

            March 2004           6,971          50,709            100.0               _                  7.3
            March 2005           5,550          49,478             79.6             79.6                 8.9
            March 2006           4,884          50,782             70.1             88.0                10.4
            March 2007           4,404          49,457             63.2             90.2                11.2
            March 2008           3,974          48,359             57.0             90.2                12.2
            March 2009           3,555          43,358             51.0             89.5                12.2
            March 2010           3,235          39,812             46.4             91.0                12.3
            March 2011           2,996          38,869             43.0             92.6                13.0
            March 2012           2,839          38,652             40.7             94.8                13.6
            March 2013           2,698          38,106             38.7             95.0                14.1
            March 2014           2,577          36,300             37.0             95.5                14.1
            March 2015           2,503          35,772             35.9             97.1                14.3
            March 2016           2,352          33,667             33.7             94.0                14.3
            March 2017           2,192          32,285             31.4             93.2                14.7
            March 2018           2,079          31,476             29.8             94.8                15.1
            March 2019           1,949          31,356             28.0             93.7                16.1
            March 2020           1,909          29,909             27.4             97.9                15.7
            March 2021           1,783          27,389             25.6             93.4                15.4
            March 2022           1,680          27,363             24.1             94.2                16.3
            March 2023           1,605          27,174             23.0             95.5                16.9
            March 2024           1,530          26,073             21.9             95.3                17.0
 
Annual openings
Year ended: March 2005

            March 2005           7,041          48,660            100.0               _                  6.9
            March 2006           5,671          48,402             80.5             80.5                 8.5
            March 2007           4,945          48,015             70.2             87.2                 9.7
            March 2008           4,378          46,413             62.2             88.5                10.6
            March 2009           3,896          41,965             55.3             89.0                10.8
            March 2010           3,542          39,022             50.3             90.9                11.0
            March 2011           3,276          38,024             46.5             92.5                11.6
            March 2012           3,074          37,703             43.7             93.8                12.3
            March 2013           2,922          37,215             41.5             95.1                12.7
            March 2014           2,749          36,495             39.0             94.1                13.3
            March 2015           2,667          36,152             37.9             97.0                13.6
            March 2016           2,516          34,473             35.7             94.3                13.7
            March 2017           2,351          32,836             33.4             93.4                14.0
            March 2018           2,296          32,490             32.6             97.7                14.2
            March 2019           2,173          32,604             30.9             94.6                15.0
            March 2020           2,046          30,307             29.1             94.2                14.8
            March 2021           1,937          27,991             27.5             94.7                14.5
            March 2022           1,808          27,535             25.7             93.3                15.2
            March 2023           1,707          27,316             24.2             94.4                16.0
            March 2024           1,632          25,514             23.2             95.6                15.6
 
Annual openings
Year ended: March 2006

            March 2006           7,848          48,070            100.0               _                  6.1
            March 2007           6,189          45,512             78.9             78.9                 7.4
            March 2008           5,223          43,649             66.6             84.4                 8.4
            March 2009           4,575          38,818             58.3             87.6                 8.5
            March 2010           4,033          35,124             51.4             88.2                 8.7
            March 2011           3,666          36,723             46.7             90.9                10.0
            March 2012           3,423          36,396             43.6             93.4                10.6
            March 2013           3,188          35,159             40.6             93.1                11.0
            March 2014           3,020          34,793             38.5             94.7                11.5
            March 2015           2,858          33,450             36.4             94.6                11.7
            March 2016           2,680          31,326             34.1             93.8                11.7
            March 2017           2,493          30,098             31.8             93.0                12.1
            March 2018           2,374          29,971             30.2             95.2                12.6
            March 2019           2,241          29,230             28.6             94.4                13.0
            March 2020           2,079          27,251             26.5             92.8                13.1
            March 2021           1,990          24,819             25.4             95.7                12.5
            March 2022           1,841          24,409             23.5             92.5                13.3
            March 2023           1,729          24,564             22.0             93.9                14.2
            March 2024           1,661          24,426             21.2             96.1                14.7
 
Annual openings
Year ended: March 2007

            March 2007           7,454          46,982            100.0               _                  6.3
            March 2008           5,917          44,831             79.4             79.4                 7.6
            March 2009           4,976          40,573             66.8             84.1                 8.2
            March 2010           4,354          37,271             58.4             87.5                 8.6
            March 2011           3,970          37,004             53.3             91.2                 9.3
            March 2012           3,687          36,436             49.5             92.9                 9.9
            March 2013           3,436          35,951             46.1             93.2                10.5
            March 2014           3,227          35,468             43.3             93.9                11.0
            March 2015           3,065          34,986             41.1             95.0                11.4
            March 2016           2,844          33,426             38.2             92.8                11.8
            March 2017           2,621          32,811             35.2             92.2                12.5
            March 2018           2,475          32,554             33.2             94.4                13.2
            March 2019           2,300          31,381             30.9             92.9                13.6
            March 2020           2,149          29,273             28.8             93.4                13.6
            March 2021           2,036          27,025             27.3             94.7                13.3
            March 2022           1,892          26,249             25.4             92.9                13.9
            March 2023           1,834          27,365             24.6             96.9                14.9
            March 2024           1,753          27,613             23.5             95.6                15.8
 
Annual openings
Year ended: March 2008

            March 2008           7,402          45,661            100.0               _                  6.2
            March 2009           5,762          43,165             77.8             77.8                 7.5
            March 2010           4,847          38,906             65.5             84.1                 8.0
            March 2011           4,269          37,606             57.7             88.1                 8.8
            March 2012           3,908          37,634             52.8             91.5                 9.6
            March 2013           3,565          37,241             48.2             91.2                10.4
            March 2014           3,381          36,302             45.7             94.8                10.7
            March 2015           3,218          35,215             43.5             95.2                10.9
            March 2016           2,983          33,422             40.3             92.7                11.2
            March 2017           2,741          31,939             37.0             91.9                11.7
            March 2018           2,611          31,074             35.3             95.3                11.9
            March 2019           2,460          30,457             33.2             94.2                12.4
            March 2020           2,311          28,370             31.2             93.9                12.3
            March 2021           2,155          25,280             29.1             93.2                11.7
            March 2022           2,011          25,695             27.2             93.3                12.8
            March 2023           1,925          26,004             26.0             95.7                13.5
            March 2024           1,815          25,590             24.5             94.3                14.1
 
Annual openings
Year ended: March 2009

            March 2009           7,314          39,432            100.0               _                  5.4
            March 2010           5,635          34,615             77.0             77.0                 6.1
            March 2011           4,795          34,650             65.6             85.1                 7.2
            March 2012           4,371          35,194             59.8             91.2                 8.1
            March 2013           3,965          35,169             54.2             90.7                 8.9
            March 2014           3,615          34,442             49.4             91.2                 9.5
            March 2015           3,409          33,821             46.6             94.3                 9.9
            March 2016           3,156          32,042             43.2             92.6                10.2
            March 2017           2,885          30,583             39.4             91.4                10.6
            March 2018           2,748          30,448             37.6             95.3                11.1
            March 2019           2,546          29,087             34.8             92.6                11.4
            March 2020           2,381          27,150             32.6             93.5                11.4
            March 2021           2,219          24,783             30.3             93.2                11.2
            March 2022           2,089          25,026             28.6             94.1                12.0
            March 2023           1,990          25,923             27.2             95.3                13.0
            March 2024           1,893          26,828             25.9             95.1                14.2
 
Annual openings
Year ended: March 2010

            March 2010           6,295          30,994            100.0               _                  4.9
            March 2011           4,845          30,737             77.0             77.0                 6.3
            March 2012           4,210          29,734             66.9             86.9                 7.1
            March 2013           3,791          29,388             60.2             90.0                 7.8
            March 2014           3,469          28,749             55.1             91.5                 8.3
            March 2015           3,221          28,502             51.2             92.9                 8.8
            March 2016           2,964          26,698             47.1             92.0                 9.0
            March 2017           2,678          25,481             42.5             90.4                 9.5
            March 2018           2,477          25,603             39.3             92.5                10.3
            March 2019           2,295          25,040             36.5             92.7                10.9
            March 2020           2,104          23,013             33.4             91.7                10.9
            March 2021           1,967          21,472             31.2             93.5                10.9
            March 2022           1,794          21,162             28.5             91.2                11.8
            March 2023           1,695          20,934             26.9             94.5                12.4
            March 2024           1,603          20,400             25.5             94.6                12.7
 
Annual openings
Year ended: March 2011

            March 2011           6,359          33,139            100.0               _                  5.2
            March 2012           5,084          32,697             79.9             79.9                 6.4
            March 2013           4,435          31,037             69.7             87.2                 7.0
            March 2014           3,965          30,589             62.4             89.4                 7.7
            March 2015           3,644          29,521             57.3             91.9                 8.1
            March 2016           3,239          28,114             50.9             88.9                 8.7
            March 2017           2,950          26,484             46.4             91.1                 9.0
            March 2018           2,738          26,322             43.1             92.8                 9.6
            March 2019           2,524          25,154             39.7             92.2                10.0
            March 2020           2,326          23,783             36.6             92.2                10.2
            March 2021           2,164          22,227             34.0             93.0                10.3
            March 2022           2,019          22,074             31.8             93.3                10.9
            March 2023           1,899          21,584             29.9             94.1                11.4
            March 2024           1,763          20,650             27.7             92.8                11.7
 
Annual openings
Year ended: March 2012

            March 2012           6,449          33,080            100.0               _                  5.1
            March 2013           5,168          32,824             80.1             80.1                 6.4
            March 2014           4,493          32,267             69.7             86.9                 7.2
            March 2015           4,133          32,550             64.1             92.0                 7.9
            March 2016           3,646          30,058             56.5             88.2                 8.2
            March 2017           3,294          29,035             51.1             90.3                 8.8
            March 2018           3,067          29,030             47.6             93.1                 9.5
            March 2019           2,743          28,002             42.5             89.4                10.2
            March 2020           2,507          27,300             38.9             91.4                10.9
            March 2021           2,313          25,189             35.9             92.3                10.9
            March 2022           2,119          24,742             32.9             91.6                11.7
            March 2023           1,989          24,389             30.8             93.9                12.3
            March 2024           1,894          24,047             29.4             95.2                12.7
 
Annual openings
Year ended: March 2013

            March 2013           6,730          34,503            100.0               _                  5.1
            March 2014           5,467          34,870             81.2             81.2                 6.4
            March 2015           4,865          33,547             72.3             89.0                 6.9
            March 2016           4,233          31,430             62.9             87.0                 7.4
            March 2017           3,794          30,397             56.4             89.6                 8.0
            March 2018           3,504          30,191             52.1             92.4                 8.6
            March 2019           3,224          29,058             47.9             92.0                 9.0
            March 2020           2,913          26,821             43.3             90.4                 9.2
            March 2021           2,640          24,400             39.2             90.6                 9.2
            March 2022           2,400          24,863             35.7             90.9                10.4
            March 2023           2,254          24,624             33.5             93.9                10.9
            March 2024           2,117          24,416             31.5             93.9                11.5
 
Annual openings
Year ended: March 2014

            March 2014           7,100          39,889            100.0               _                  5.6
            March 2015           5,840          40,076             82.3             82.3                 6.9
            March 2016           4,920          37,896             69.3             84.2                 7.7
            March 2017           4,306          36,641             60.6             87.5                 8.5
            March 2018           3,969          36,420             55.9             92.2                 9.2
            March 2019           3,592          35,458             50.6             90.5                 9.9
            March 2020           3,250          32,765             45.8             90.5                10.1
            March 2021           2,984          30,428             42.0             91.8                10.2
            March 2022           2,715          29,874             38.2             91.0                11.0
            March 2023           2,570          29,829             36.2             94.7                11.6
            March 2024           2,406          29,231             33.9             93.6                12.1
 
Annual openings
Year ended: March 2015

            March 2015           7,434          36,701            100.0               _                  4.9
            March 2016           5,778          35,076             77.7             77.7                 6.1
            March 2017           4,864          34,118             65.4             84.2                 7.0
            March 2018           4,435          34,300             59.7             91.2                 7.7
            March 2019           3,965          33,897             53.3             89.4                 8.5
            March 2020           3,538          31,680             47.6             89.2                 9.0
            March 2021           3,239          29,540             43.6             91.5                 9.1
            March 2022           2,973          30,019             40.0             91.8                10.1
            March 2023           2,788          28,296             37.5             93.8                10.1
            March 2024           2,585          27,613             34.8             92.7                10.7
 
Annual openings
Year ended: March 2016

            March 2016           7,071          35,001            100.0               _                  4.9
            March 2017           5,508          34,559             77.9             77.9                 6.3
            March 2018           4,883          34,375             69.1             88.7                 7.0
            March 2019           4,363          35,226             61.7             89.4                 8.1
            March 2020           3,871          32,755             54.7             88.7                 8.5
            March 2021           3,539          32,085             50.0             91.4                 9.1
            March 2022           3,194          32,205             45.2             90.3                10.1
            March 2023           3,040          32,819             43.0             95.2                10.8
            March 2024           2,790          31,492             39.5             91.8                11.3
 
Annual openings
Year ended: March 2017

            March 2017           7,259          36,244            100.0               _                  5.0
            March 2018           5,896          36,198             81.2             81.2                 6.1
            March 2019           5,061          35,363             69.7             85.8                 7.0
            March 2020           4,514          32,326             62.2             89.2                 7.2
            March 2021           4,090          30,233             56.3             90.6                 7.4
            March 2022           3,659          30,731             50.4             89.5                 8.4
            March 2023           3,431          30,739             47.3             93.8                 9.0
            March 2024           3,210          29,901             44.2             93.6                 9.3
 
Annual openings
Year ended: March 2018

            March 2018           7,406          41,421            100.0               _                  5.6
            March 2019           5,910          40,844             79.8             79.8                 6.9
            March 2020           5,057          42,353             68.3             85.6                 8.4
            March 2021           4,546          43,311             61.4             89.9                 9.5
            March 2022           4,077          44,459             55.0             89.7                10.9
            March 2023           3,793          41,863             51.2             93.0                11.0
            March 2024           3,479          41,222             47.0             91.7                11.8
 
Annual openings
Year ended: March 2019

            March 2019           7,696          41,736            100.0               _                  5.4
            March 2020           6,063          38,976             78.8             78.8                 6.4
            March 2021           5,323          35,999             69.2             87.8                 6.8
            March 2022           4,640          37,211             60.3             87.2                 8.0
            March 2023           4,204          37,366             54.6             90.6                 8.9
            March 2024           3,857          35,208             50.1             91.7                 9.1
 
Annual openings
Year ended: March 2020

            March 2020           7,745          41,348            100.0               _                  5.3
            March 2021           6,355          39,782             82.1             82.1                 6.3
            March 2022           5,409          39,778             69.8             85.1                 7.4
            March 2023           4,931          38,810             63.7             91.2                 7.9
            March 2024           4,384          36,714             56.6             88.9                 8.4
 
Annual openings
Year ended: March 2021

            March 2021           8,244          44,225            100.0               _                  5.4
            March 2022           6,345          44,416             77.0             77.0                 7.0
            March 2023           5,591          44,229             67.8             88.1                 7.9
            March 2024           4,902          41,505             59.5             87.7                 8.5
 
Annual openings
Year ended: March 2022

            March 2022          10,543          43,068            100.0               _                  4.1
            March 2023           8,345          43,338             79.2             79.2                 5.2
            March 2024           6,992          40,882             66.3             83.8                 5.8
 
Annual openings
Year ended: March 2023

            March 2023          12,130          49,028            100.0               _                  4.0
            March 2024           9,362          47,930             77.2             77.2                 5.1
 
Annual openings
Year ended: March 2024

            March 2024          11,032          44,514            100.0               _                  4.0
 
NOTE: A '_' indicates that the data are not available and a 'N' indicates that the data do not meet BLS disclosure standards.
