Table 7. Survival of private sector establishments by opening year

Total Private

Oregon

                          Surviving       Total Employment   Survival Rates   Survival Rates of   Average Employment
                          Establishments  of Survivors       Since Birth      Previous Year's     of Survivors
                                                                              Survivors

Annual openings
Year ended: March 1994

            March 1994           8,971          42,614            100.0               _                  4.8
            March 1995           6,947          43,428             77.4             77.4                 6.3
            March 1996           5,961          43,172             66.4             85.8                 7.2
            March 1997           5,353          44,100             59.7             89.8                 8.2
            March 1998           4,829          43,572             53.8             90.2                 9.0
            March 1999           4,380          43,077             48.8             90.7                 9.8
            March 2000           4,018          43,407             44.8             91.7                10.8
            March 2001           3,870          41,119             43.1             96.3                10.6
            March 2002           3,437          35,193             38.3             88.8                10.2
            March 2003           3,219          34,168             35.9             93.7                10.6
            March 2004           3,063          34,218             34.1             95.2                11.2
            March 2005           2,928          34,246             32.6             95.6                11.7
            March 2006           2,839          34,135             31.6             97.0                12.0
            March 2007           2,695          34,323             30.0             94.9                12.7
            March 2008           2,608          33,283             29.1             96.8                12.8
            March 2009           2,403          29,285             26.8             92.1                12.2
            March 2010           2,248          28,584             25.1             93.5                12.7
            March 2011           2,150          30,205             24.0             95.6                14.0
            March 2012           2,070          29,382             23.1             96.3                14.2
            March 2013           2,000          29,355             22.3             96.6                14.7
            March 2014           1,905          29,613             21.2             95.3                15.5
            March 2015           1,838          30,040             20.5             96.5                16.3
            March 2016           1,750          30,470             19.5             95.2                17.4
            March 2017           1,665          29,080             18.6             95.1                17.5
            March 2018           1,603          28,381             17.9             96.3                17.7
            March 2019           1,532          27,613             17.1             95.6                18.0
            March 2020           1,461          26,560             16.3             95.4                18.2
            March 2021           1,393          24,215             15.5             95.3                17.4
            March 2022           1,336          24,197             14.9             95.9                18.1
            March 2023           1,271          24,222             14.2             95.1                19.1
            March 2024           1,179          22,664             13.1             92.8                19.2
 
Annual openings
Year ended: March 1995

            March 1995           9,135          45,790            100.0               _                  5.0
            March 1996           6,975          47,181             76.4             76.4                 6.8
            March 1997           6,014          45,904             65.8             86.2                 7.6
            March 1998           5,444          46,678             59.6             90.5                 8.6
            March 1999           4,906          44,589             53.7             90.1                 9.1
            March 2000           4,427          44,076             48.5             90.2                10.0
            March 2001           4,021          42,953             44.0             90.8                10.7
            March 2002           3,678          40,147             40.3             91.5                10.9
            March 2003           3,469          38,684             38.0             94.3                11.2
            March 2004           3,339          37,652             36.6             96.3                11.3
            March 2005           3,201          37,403             35.0             95.9                11.7
            March 2006           3,032          38,084             33.2             94.7                12.6
            March 2007           2,877          37,499             31.5             94.9                13.0
            March 2008           2,712          35,610             29.7             94.3                13.1
            March 2009           2,511          31,561             27.5             92.6                12.6
            March 2010           2,379          30,146             26.0             94.7                12.7
            March 2011           2,275          29,907             24.9             95.6                13.1
            March 2012           2,192          30,263             24.0             96.4                13.8
            March 2013           2,104          30,498             23.0             96.0                14.5
            March 2014           2,039          29,981             22.3             96.9                14.7
            March 2015           1,952          29,259             21.4             95.7                15.0
            March 2016           1,869          29,159             20.5             95.7                15.6
            March 2017           1,802          29,723             19.7             96.4                16.5
            March 2018           1,726          29,311             18.9             95.8                17.0
            March 2019           1,650          28,574             18.1             95.6                17.3
            March 2020           1,561          27,923             17.1             94.6                17.9
            March 2021           1,477          25,439             16.2             94.6                17.2
            March 2022           1,414          25,485             15.5             95.7                18.0
            March 2023           1,354          25,739             14.8             95.8                19.0
            March 2024           1,249          24,806             13.7             92.2                19.9
 
Annual openings
Year ended: March 1996

            March 1996           9,100          51,354            100.0               _                  5.6
            March 1997           7,078          53,397             77.8             77.8                 7.5
            March 1998           6,144          53,166             67.5             86.8                 8.7
            March 1999           5,314          50,531             58.4             86.5                 9.5
            March 2000           4,788          49,753             52.6             90.1                10.4
            March 2001           4,354          44,818             47.8             90.9                10.3
            March 2002           3,975          42,316             43.7             91.3                10.6
            March 2003           3,679          40,157             40.4             92.6                10.9
            March 2004           3,461          38,917             38.0             94.1                11.2
            March 2005           3,361          38,813             36.9             97.1                11.5
            March 2006           3,234          39,129             35.5             96.2                12.1
            March 2007           3,094          38,297             34.0             95.7                12.4
            March 2008           2,945          37,584             32.4             95.2                12.8
            March 2009           2,722          33,605             29.9             92.4                12.3
            March 2010           2,576          32,145             28.3             94.6                12.5
            March 2011           2,448          31,195             26.9             95.0                12.7
            March 2012           2,338          30,577             25.7             95.5                13.1
            March 2013           2,255          30,204             24.8             96.4                13.4
            March 2014           2,157          29,553             23.7             95.7                13.7
            March 2015           2,089          29,521             23.0             96.8                14.1
            March 2016           2,019          28,896             22.2             96.6                14.3
            March 2017           1,919          28,853             21.1             95.0                15.0
            March 2018           1,846          28,708             20.3             96.2                15.6
            March 2019           1,747          27,925             19.2             94.6                16.0
            March 2020           1,685          26,670             18.5             96.5                15.8
            March 2021           1,589          25,445             17.5             94.3                16.0
            March 2022           1,542          26,672             16.9             97.0                17.3
            March 2023           1,474          25,719             16.2             95.6                17.4
            March 2024           1,374          25,016             15.1             93.2                18.2
 
Annual openings
Year ended: March 1997

            March 1997          10,170          66,851            100.0               _                  6.6
            March 1998           8,112          65,602             79.8             79.8                 8.1
            March 1999           6,898          63,742             67.8             85.0                 9.2
            March 2000           6,098          59,029             60.0             88.4                 9.7
            March 2001           5,472          57,564             53.8             89.7                10.5
            March 2002           4,936          51,630             48.5             90.2                10.5
            March 2003           4,609          50,534             45.3             93.4                11.0
            March 2004           4,366          49,501             42.9             94.7                11.3
            March 2005           4,146          49,182             40.8             95.0                11.9
            March 2006           4,018          49,522             39.5             96.9                12.3
            March 2007           3,841          49,406             37.8             95.6                12.9
            March 2008           3,637          47,975             35.8             94.7                13.2
            March 2009           3,444          41,853             33.9             94.7                12.2
            March 2010           3,267          39,545             32.1             94.9                12.1
            March 2011           3,091          39,139             30.4             94.6                12.7
            March 2012           2,954          39,054             29.0             95.6                13.2
            March 2013           2,820          38,659             27.7             95.5                13.7
            March 2014           2,693          39,311             26.5             95.5                14.6
            March 2015           2,607          38,862             25.6             96.8                14.9
            March 2016           2,526          38,382             24.8             96.9                15.2
            March 2017           2,389          37,768             23.5             94.6                15.8
            March 2018           2,317          37,964             22.8             97.0                16.4
            March 2019           2,225          37,486             21.9             96.0                16.8
            March 2020           2,125          37,678             20.9             95.5                17.7
            March 2021           2,000          34,575             19.7             94.1                17.3
            March 2022           1,906          32,998             18.7             95.3                17.3
            March 2023           1,807          32,058             17.8             94.8                17.7
            March 2024           1,691          30,961             16.6             93.6                18.3
 
Annual openings
Year ended: March 1998

            March 1998           9,351          43,643            100.0               _                  4.7
            March 1999           7,242          44,810             77.4             77.4                 6.2
            March 2000           6,182          44,266             66.1             85.4                 7.2
            March 2001           5,428          43,465             58.0             87.8                 8.0
            March 2002           4,821          39,522             51.6             88.8                 8.2
            March 2003           4,504          38,085             48.2             93.4                 8.5
            March 2004           4,218          37,198             45.1             93.7                 8.8
            March 2005           3,983          37,678             42.6             94.4                 9.5
            March 2006           3,732          37,659             39.9             93.7                10.1
            March 2007           3,541          38,028             37.9             94.9                10.7
            March 2008           3,308          37,255             35.4             93.4                11.3
            March 2009           3,019          33,483             32.3             91.3                11.1
            March 2010           2,816          32,425             30.1             93.3                11.5
            March 2011           2,722          32,579             29.1             96.7                12.0
            March 2012           2,598          32,238             27.8             95.4                12.4
            March 2013           2,474          31,737             26.5             95.2                12.8
            March 2014           2,367          31,801             25.3             95.7                13.4
            March 2015           2,272          31,919             24.3             96.0                14.0
            March 2016           2,181          32,522             23.3             96.0                14.9
            March 2017           2,077          32,493             22.2             95.2                15.6
            March 2018           2,006          32,445             21.5             96.6                16.2
            March 2019           1,907          32,404             20.4             95.1                17.0
            March 2020           1,790          31,360             19.1             93.9                17.5
            March 2021           1,724          28,668             18.4             96.3                16.6
            March 2022           1,656          29,625             17.7             96.1                17.9
            March 2023           1,569          29,494             16.8             94.7                18.8
            March 2024           1,456          28,022             15.6             92.8                19.2
 
Annual openings
Year ended: March 1999

            March 1999           8,768          52,119            100.0               _                  5.9
            March 2000           6,848          52,521             78.1             78.1                 7.7
            March 2001           5,809          49,900             66.3             84.8                 8.6
            March 2002           5,002          46,176             57.0             86.1                 9.2
            March 2003           4,585          44,246             52.3             91.7                 9.7
            March 2004           4,242          42,859             48.4             92.5                10.1
            March 2005           3,993          43,355             45.5             94.1                10.9
            March 2006           3,785          44,078             43.2             94.8                11.6
            March 2007           3,616          43,937             41.2             95.5                12.2
            March 2008           3,374          42,675             38.5             93.3                12.6
            March 2009           3,082          38,634             35.2             91.3                12.5
            March 2010           2,901          37,060             33.1             94.1                12.8
            March 2011           2,747          37,371             31.3             94.7                13.6
            March 2012           2,615          36,900             29.8             95.2                14.1
            March 2013           2,522          32,928             28.8             96.4                13.1
            March 2014           2,434          32,812             27.8             96.5                13.5
            March 2015           2,348          33,388             26.8             96.5                14.2
            March 2016           2,274          33,705             25.9             96.8                14.8
            March 2017           2,192          33,318             25.0             96.4                15.2
            March 2018           2,112          33,546             24.1             96.4                15.9
            March 2019           2,021          32,775             23.0             95.7                16.2
            March 2020           1,926          32,181             22.0             95.3                16.7
            March 2021           1,805          29,958             20.6             93.7                16.6
            March 2022           1,741          30,340             19.9             96.5                17.4
            March 2023           1,672          31,220             19.1             96.0                18.7
            March 2024           1,580          30,327             18.0             94.5                19.2
 
Annual openings
Year ended: March 2000

            March 2000           8,947          51,244            100.0               _                  5.7
            March 2001           6,909          52,505             77.2             77.2                 7.6
            March 2002           5,877          49,984             65.7             85.1                 8.5
            March 2003           5,290          47,057             59.1             90.0                 8.9
            March 2004           4,866          46,554             54.4             92.0                 9.6
            March 2005           4,507          47,579             50.4             92.6                10.6
            March 2006           4,216          48,844             47.1             93.5                11.6
            March 2007           3,985          47,904             44.5             94.5                12.0
            March 2008           3,715          46,178             41.5             93.2                12.4
            March 2009           3,388          41,449             37.9             91.2                12.2
            March 2010           3,198          39,941             35.7             94.4                12.5
            March 2011           3,032          39,396             33.9             94.8                13.0
            March 2012           2,904          38,575             32.5             95.8                13.3
            March 2013           2,762          39,179             30.9             95.1                14.2
            March 2014           2,623          39,210             29.3             95.0                14.9
            March 2015           2,536          39,221             28.3             96.7                15.5
            March 2016           2,459          39,327             27.5             97.0                16.0
            March 2017           2,384          39,096             26.6             96.9                16.4
            March 2018           2,307          38,748             25.8             96.8                16.8
            March 2019           2,190          37,675             24.5             94.9                17.2
            March 2020           2,079          37,172             23.2             94.9                17.9
            March 2021           1,978          33,464             22.1             95.1                16.9
            March 2022           1,898          32,790             21.2             96.0                17.3
            March 2023           1,803          32,175             20.2             95.0                17.8
            March 2024           1,684          30,890             18.8             93.4                18.3
 
Annual openings
Year ended: March 2001

            March 2001           9,526          50,040            100.0               _                  5.3
            March 2002           6,969          46,527             73.2             73.2                 6.7
            March 2003           6,066          44,333             63.7             87.0                 7.3
            March 2004           5,481          44,153             57.5             90.4                 8.1
            March 2005           5,029          44,668             52.8             91.8                 8.9
            March 2006           4,691          45,397             49.2             93.3                 9.7
            March 2007           4,378          45,034             46.0             93.3                10.3
            March 2008           4,042          43,312             42.4             92.3                10.7
            March 2009           3,648          37,473             38.3             90.3                10.3
            March 2010           3,386          35,947             35.5             92.8                10.6
            March 2011           3,208          35,856             33.7             94.7                11.2
            March 2012           3,077          35,326             32.3             95.9                11.5
            March 2013           2,900          34,708             30.4             94.2                12.0
            March 2014           2,829          34,514             29.7             97.6                12.2
            March 2015           2,703          34,341             28.4             95.5                12.7
            March 2016           2,549          34,690             26.8             94.3                13.6
            March 2017           2,392          34,433             25.1             93.8                14.4
            March 2018           2,367          34,683             24.8             99.0                14.7
            March 2019           2,247          34,011             23.6             94.9                15.1
            March 2020           2,122          32,807             22.3             94.4                15.5
            March 2021           2,029          30,631             21.3             95.6                15.1
            March 2022           1,951          31,139             20.5             96.2                16.0
            March 2023           1,841          30,559             19.3             94.4                16.6
            March 2024           1,721          29,540             18.1             93.5                17.2
 
Annual openings
Year ended: March 2002

            March 2002           8,341          45,145            100.0               _                  5.4
            March 2003           6,568          44,157             78.7             78.7                 6.7
            March 2004           5,729          43,432             68.7             87.2                 7.6
            March 2005           5,200          43,022             62.3             90.8                 8.3
            March 2006           4,769          42,939             57.2             91.7                 9.0
            March 2007           4,438          43,506             53.2             93.1                 9.8
            March 2008           4,081          42,045             48.9             92.0                10.3
            March 2009           3,635          36,743             43.6             89.1                10.1
            March 2010           3,364          34,606             40.3             92.5                10.3
            March 2011           3,154          34,866             37.8             93.8                11.1
            March 2012           2,991          34,244             35.9             94.8                11.4
            March 2013           2,882          34,571             34.6             96.4                12.0
            March 2014           2,755          35,296             33.0             95.6                12.8
            March 2015           2,637          35,364             31.6             95.7                13.4
            March 2016           2,507          35,559             30.1             95.1                14.2
            March 2017           2,367          35,080             28.4             94.4                14.8
            March 2018           2,297          34,885             27.5             97.0                15.2
            March 2019           2,193          34,316             26.3             95.5                15.6
            March 2020           2,080          33,668             24.9             94.8                16.2
            March 2021           1,981          31,376             23.8             95.2                15.8
            March 2022           1,906          31,137             22.9             96.2                16.3
            March 2023           1,827          31,085             21.9             95.9                17.0
            March 2024           1,703          29,961             20.4             93.2                17.6
 
Annual openings
Year ended: March 2003

            March 2003           8,991          39,756            100.0               _                  4.4
            March 2004           7,023          39,304             78.1             78.1                 5.6
            March 2005           6,132          39,212             68.2             87.3                 6.4
            March 2006           5,532          40,067             61.5             90.2                 7.2
            March 2007           5,047          39,071             56.1             91.2                 7.7
            March 2008           4,504          37,420             50.1             89.2                 8.3
            March 2009           3,972          32,822             44.2             88.2                 8.3
            March 2010           3,633          31,423             40.4             91.5                 8.6
            March 2011           3,382          30,871             37.6             93.1                 9.1
            March 2012           3,211          31,036             35.7             94.9                 9.7
            March 2013           3,045          31,513             33.9             94.8                10.3
            March 2014           2,898          31,113             32.2             95.2                10.7
            March 2015           2,766          31,763             30.8             95.4                11.5
            March 2016           2,673          32,165             29.7             96.6                12.0
            March 2017           2,561          31,415             28.5             95.8                12.3
            March 2018           2,451          30,548             27.3             95.7                12.5
            March 2019           2,349          30,237             26.1             95.8                12.9
            March 2020           2,276          29,546             25.3             96.9                13.0
            March 2021           2,138          27,688             23.8             93.9                13.0
            March 2022           2,066          27,320             23.0             96.6                13.2
            March 2023           1,954          26,865             21.7             94.6                13.7
            March 2024           1,827          25,660             20.3             93.5                14.0
 
Annual openings
Year ended: March 2004

            March 2004           8,892          40,928            100.0               _                  4.6
            March 2005           7,041          41,935             79.2             79.2                 6.0
            March 2006           6,197          43,463             69.7             88.0                 7.0
            March 2007           5,677          43,419             63.8             91.6                 7.6
            March 2008           5,007          41,000             56.3             88.2                 8.2
            March 2009           4,337          36,642             48.8             86.6                 8.4
            March 2010           3,930          35,151             44.2             90.6                 8.9
            March 2011           3,649          34,854             41.0             92.8                 9.6
            March 2012           3,430          34,544             38.6             94.0                10.1
            March 2013           3,247          34,047             36.5             94.7                10.5
            March 2014           3,055          34,245             34.4             94.1                11.2
            March 2015           2,943          34,364             33.1             96.3                11.7
            March 2016           2,791          34,784             31.4             94.8                12.5
            March 2017           2,635          34,020             29.6             94.4                12.9
            March 2018           2,597          34,587             29.2             98.6                13.3
            March 2019           2,496          34,721             28.1             96.1                13.9
            March 2020           2,376          34,116             26.7             95.2                14.4
            March 2021           2,257          31,709             25.4             95.0                14.0
            March 2022           2,153          31,515             24.2             95.4                14.6
            March 2023           2,032          31,406             22.9             94.4                15.5
            March 2024           1,904          30,053             21.4             93.7                15.8
 
Annual openings
Year ended: March 2005

            March 2005           9,364          40,291            100.0               _                  4.3
            March 2006           7,468          41,431             79.8             79.8                 5.5
            March 2007           6,628          41,408             70.8             88.8                 6.2
            March 2008           5,678          39,257             60.6             85.7                 6.9
            March 2009           4,809          34,322             51.4             84.7                 7.1
            March 2010           4,299          32,582             45.9             89.4                 7.6
            March 2011           3,944          32,707             42.1             91.7                 8.3
            March 2012           3,666          33,249             39.1             93.0                 9.1
            March 2013           3,484          32,481             37.2             95.0                 9.3
            March 2014           3,263          33,435             34.8             93.7                10.2
            March 2015           3,099          34,089             33.1             95.0                11.0
            March 2016           2,979          34,881             31.8             96.1                11.7
            March 2017           2,882          35,097             30.8             96.7                12.2
            March 2018           2,824          51,457             30.2             98.0                18.2
            March 2019           2,731          51,181             29.2             96.7                18.7
            March 2020           2,599          50,136             27.8             95.2                19.3
            March 2021           2,465          46,476             26.3             94.8                18.9
            March 2022           2,352          45,431             25.1             95.4                19.3
            March 2023           2,254          43,815             24.1             95.8                19.4
            March 2024           2,135          41,977             22.8             94.7                19.7
 
Annual openings
Year ended: March 2006

            March 2006           9,885          39,179            100.0               _                  4.0
            March 2007           7,867          38,512             79.6             79.6                 4.9
            March 2008           6,494          36,287             65.7             82.5                 5.6
            March 2009           5,313          31,517             53.7             81.8                 5.9
            March 2010           4,597          29,347             46.5             86.5                 6.4
            March 2011           4,244          29,154             42.9             92.3                 6.9
            March 2012           3,952          29,895             40.0             93.1                 7.6
            March 2013           3,738          30,194             37.8             94.6                 8.1
            March 2014           3,504          30,611             35.4             93.7                 8.7
            March 2015           3,336          30,762             33.7             95.2                 9.2
            March 2016           3,179          32,027             32.2             95.3                10.1
            March 2017           2,978          32,130             30.1             93.7                10.8
            March 2018           2,852          32,430             28.9             95.8                11.4
            March 2019           2,697          31,740             27.3             94.6                11.8
            March 2020           2,591          30,821             26.2             96.1                11.9
            March 2021           2,441          27,686             24.7             94.2                11.3
            March 2022           2,336          28,103             23.6             95.7                12.0
            March 2023           2,221          27,681             22.5             95.1                12.5
            March 2024           2,070          26,255             20.9             93.2                12.7
 
Annual openings
Year ended: March 2007

            March 2007          10,167          38,561            100.0               _                  3.8
            March 2008           7,636          37,827             75.1             75.1                 5.0
            March 2009           6,040          32,028             59.4             79.1                 5.3
            March 2010           5,214          29,882             51.3             86.3                 5.7
            March 2011           4,688          30,069             46.1             89.9                 6.4
            March 2012           4,278          30,367             42.1             91.3                 7.1
            March 2013           3,970          30,428             39.0             92.8                 7.7
            March 2014           3,703          31,051             36.4             93.3                 8.4
            March 2015           3,497          30,946             34.4             94.4                 8.8
            March 2016           3,326          31,999             32.7             95.1                 9.6
            March 2017           3,182          32,013             31.3             95.7                10.1
            March 2018           3,019          31,670             29.7             94.9                10.5
            March 2019           2,876          31,139             28.3             95.3                10.8
            March 2020           2,714          30,267             26.7             94.4                11.2
            March 2021           2,541          28,364             25.0             93.6                11.2
            March 2022           2,403          28,715             23.6             94.6                11.9
            March 2023           2,274          28,157             22.4             94.6                12.4
            March 2024           2,088          27,270             20.5             91.8                13.1
 
Annual openings
Year ended: March 2008

            March 2008           9,120          36,018            100.0               _                  3.9
            March 2009           6,451          30,673             70.7             70.7                 4.8
            March 2010           5,505          29,243             60.4             85.3                 5.3
            March 2011           4,926          28,956             54.0             89.5                 5.9
            March 2012           4,432          28,600             48.6             90.0                 6.5
            March 2013           4,088          29,183             44.8             92.2                 7.1
            March 2014           3,765          29,355             41.3             92.1                 7.8
            March 2015           3,541          30,025             38.8             94.1                 8.5
            March 2016           3,371          30,686             37.0             95.2                 9.1
            March 2017           3,158          30,190             34.6             93.7                 9.6
            March 2018           3,035          30,124             33.3             96.1                 9.9
            March 2019           2,862          29,542             31.4             94.3                10.3
            March 2020           2,723          29,145             29.9             95.1                10.7
            March 2021           2,535          26,698             27.8             93.1                10.5
            March 2022           2,417          27,364             26.5             95.3                11.3
            March 2023           2,250          26,686             24.7             93.1                11.9
            March 2024           2,072          25,406             22.7             92.1                12.3
 
Annual openings
Year ended: March 2009

            March 2009           8,221          31,676            100.0               _                  3.9
            March 2010           6,193          28,950             75.3             75.3                 4.7
            March 2011           5,344          28,749             65.0             86.3                 5.4
            March 2012           4,744          28,417             57.7             88.8                 6.0
            March 2013           4,305          28,905             52.4             90.7                 6.7
            March 2014           3,956          29,082             48.1             91.9                 7.4
            March 2015           3,714          29,799             45.2             93.9                 8.0
            March 2016           3,468          29,950             42.2             93.4                 8.6
            March 2017           3,262          29,773             39.7             94.1                 9.1
            March 2018           3,073          29,946             37.4             94.2                 9.7
            March 2019           2,885          29,172             35.1             93.9                10.1
            March 2020           2,785          28,888             33.9             96.5                10.4
            March 2021           2,606          26,382             31.7             93.6                10.1
            March 2022           2,495          27,073             30.3             95.7                10.9
            March 2023           2,346          26,418             28.5             94.0                11.3
            March 2024           2,156          25,501             26.2             91.9                11.8
 
Annual openings
Year ended: March 2010

            March 2010           7,495          26,952            100.0               _                  3.6
            March 2011           5,812          26,081             77.5             77.5                 4.5
            March 2012           4,995          26,432             66.6             85.9                 5.3
            March 2013           4,409          26,883             58.8             88.3                 6.1
            March 2014           4,058          27,335             54.1             92.0                 6.7
            March 2015           3,761          28,029             50.2             92.7                 7.5
            March 2016           3,465          28,234             46.2             92.1                 8.1
            March 2017           3,232          28,173             43.1             93.3                 8.7
            March 2018           3,009          28,186             40.1             93.1                 9.4
            March 2019           2,806          27,126             37.4             93.3                 9.7
            March 2020           2,785          27,174             37.2             99.3                 9.8
            March 2021           2,580          24,508             34.4             92.6                 9.5
            March 2022           2,479          25,905             33.1             96.1                10.4
            March 2023           2,314          25,026             30.9             93.3                10.8
            March 2024           2,152          23,698             28.7             93.0                11.0
 
Annual openings
Year ended: March 2011

            March 2011           8,325          29,817            100.0               _                  3.6
            March 2012           6,452          29,736             77.5             77.5                 4.6
            March 2013           5,530          30,577             66.4             85.7                 5.5
            March 2014           4,999          30,806             60.0             90.4                 6.2
            March 2015           4,635          31,760             55.7             92.7                 6.9
            March 2016           4,252          31,709             51.1             91.7                 7.5
            March 2017           3,933          31,280             47.2             92.5                 8.0
            March 2018           3,703          31,800             44.5             94.2                 8.6
            March 2019           3,448          34,540             41.4             93.1                10.0
            March 2020           3,345          37,357             40.2             97.0                11.2
            March 2021           3,094          36,392             37.2             92.5                11.8
            March 2022           2,924          37,904             35.1             94.5                13.0
            March 2023           2,746          35,319             33.0             93.9                12.9
            March 2024           2,528          35,613             30.4             92.1                14.1
 
Annual openings
Year ended: March 2012

            March 2012           8,411          32,004            100.0               _                  3.8
            March 2013           6,442          31,396             76.6             76.6                 4.9
            March 2014           5,639          33,319             67.0             87.5                 5.9
            March 2015           5,096          34,092             60.6             90.4                 6.7
            March 2016           4,673          34,066             55.6             91.7                 7.3
            March 2017           4,303          33,578             51.2             92.1                 7.8
            March 2018           3,958          33,800             47.1             92.0                 8.5
            March 2019           3,640          33,448             43.3             92.0                 9.2
            March 2020           3,555          33,073             42.3             97.7                 9.3
            March 2021           3,318          30,452             39.4             93.3                 9.2
            March 2022           3,143          31,028             37.4             94.7                 9.9
            March 2023           2,943          29,724             35.0             93.6                10.1
            March 2024           2,715          28,635             32.3             92.3                10.5
 
Annual openings
Year ended: March 2013

            March 2013           8,581          31,586            100.0               _                  3.7
            March 2014           6,709          32,156             78.2             78.2                 4.8
            March 2015           5,886          33,425             68.6             87.7                 5.7
            March 2016           5,287          34,676             61.6             89.8                 6.6
            March 2017           4,761          34,991             55.5             90.1                 7.3
            March 2018           4,394          34,943             51.2             92.3                 8.0
            March 2019           4,066          34,893             47.4             92.5                 8.6
            March 2020           4,091          34,229             47.7            100.6                 8.4
            March 2021           3,773          31,503             44.0             92.2                 8.3
            March 2022           3,583          33,418             41.8             95.0                 9.3
            March 2023           3,356          33,148             39.1             93.7                 9.9
            March 2024           3,086          31,533             36.0             92.0                10.2
 
Annual openings
Year ended: March 2014

            March 2014           8,525          30,731            100.0               _                  3.6
            March 2015           6,830          32,501             80.1             80.1                 4.8
            March 2016           6,015          34,062             70.6             88.1                 5.7
            March 2017           5,352          33,879             62.8             89.0                 6.3
            March 2018           4,896          34,228             57.4             91.5                 7.0
            March 2019           4,494          34,498             52.7             91.8                 7.7
            March 2020           4,198          34,165             49.2             93.4                 8.1
            March 2021           3,883          30,400             45.5             92.5                 7.8
            March 2022           3,685          32,439             43.2             94.9                 8.8
            March 2023           3,388          32,473             39.7             91.9                 9.6
            March 2024           3,105          31,108             36.4             91.6                10.0
 
Annual openings
Year ended: March 2015

            March 2015           9,261          32,917            100.0               _                  3.6
            March 2016           7,391          34,753             79.8             79.8                 4.7
            March 2017           6,456          36,594             69.7             87.3                 5.7
            March 2018           5,804          37,123             62.7             89.9                 6.4
            March 2019           5,238          36,926             56.6             90.2                 7.0
            March 2020           5,365          36,099             57.9            102.4                 6.7
            March 2021           4,850          32,173             52.4             90.4                 6.6
            March 2022           4,515          32,894             48.8             93.1                 7.3
            March 2023           4,132          31,906             44.6             91.5                 7.7
            March 2024           3,745          30,070             40.4             90.6                 8.0
 
Annual openings
Year ended: March 2016

            March 2016           9,823          36,190            100.0               _                  3.7
            March 2017           7,695          36,510             78.3             78.3                 4.7
            March 2018           6,742          36,530             68.6             87.6                 5.4
            March 2019           5,959          35,647             60.7             88.4                 6.0
            March 2020           6,367          36,952             64.8            106.8                 5.8
            March 2021           5,719          33,521             58.2             89.8                 5.9
            March 2022           5,279          34,894             53.7             92.3                 6.6
            March 2023           4,801          33,923             48.9             90.9                 7.1
            March 2024           4,255          32,040             43.3             88.6                 7.5
 
Annual openings
Year ended: March 2017

            March 2017           9,678          38,951            100.0               _                  4.0
            March 2018           7,687          40,410             79.4             79.4                 5.3
            March 2019           6,609          40,143             68.3             86.0                 6.1
            March 2020           6,932          42,277             71.6            104.9                 6.1
            March 2021           6,176          39,944             63.8             89.1                 6.5
            March 2022           5,697          40,656             58.9             92.2                 7.1
            March 2023           5,145          40,058             53.2             90.3                 7.8
            March 2024           4,559          38,324             47.1             88.6                 8.4
 
Annual openings
Year ended: March 2018

            March 2018          11,014          38,773            100.0               _                  3.5
            March 2019           8,511          38,293             77.3             77.3                 4.5
            March 2020           8,081          40,398             73.4             94.9                 5.0
            March 2021           7,249          37,401             65.8             89.7                 5.2
            March 2022           6,547          40,617             59.4             90.3                 6.2
            March 2023           5,837          39,620             53.0             89.2                 6.8
            March 2024           5,137          38,107             46.6             88.0                 7.4
 
Annual openings
Year ended: March 2019

            March 2019          11,117          36,847            100.0               _                  3.3
            March 2020           9,595          38,798             86.3             86.3                 4.0
            March 2021           8,315          37,582             74.8             86.7                 4.5
            March 2022           7,544          39,721             67.9             90.7                 5.3
            March 2023           6,605          38,996             59.4             87.6                 5.9
            March 2024           5,705          37,204             51.3             86.4                 6.5
 
Annual openings
Year ended: March 2020

            March 2020          11,037          36,782            100.0               _                  3.3
            March 2021           8,663          36,194             78.5             78.5                 4.2
            March 2022           7,634          39,310             69.2             88.1                 5.1
            March 2023           6,590          40,339             59.7             86.3                 6.1
            March 2024           5,710          38,725             51.7             86.6                 6.8
 
Annual openings
Year ended: March 2021

            March 2021          13,915          39,186            100.0               _                  2.8
            March 2022          10,774          41,555             77.4             77.4                 3.9
            March 2023           9,012          40,781             64.8             83.6                 4.5
            March 2024           7,683          38,304             55.2             85.3                 5.0
 
Annual openings
Year ended: March 2022

            March 2022          13,890          43,777            100.0               _                  3.2
            March 2023          10,502          43,544             75.6             75.6                 4.1
            March 2024           8,669          41,597             62.4             82.5                 4.8
 
Annual openings
Year ended: March 2023

            March 2023          15,687          47,336            100.0               _                  3.0
            March 2024          11,671          43,661             74.4             74.4                 3.7
 
Annual openings
Year ended: March 2024

            March 2024          15,149          46,390            100.0               _                  3.1
 
NOTE: A '_' indicates that the data are not available and a 'N' indicates that the data do not meet BLS disclosure standards.
