Table 7. Survival of private sector establishments by opening year

Total Private

Pennsylvania

                          Surviving       Total Employment   Survival Rates   Survival Rates of   Average Employment
                          Establishments  of Survivors       Since Birth      Previous Year's     of Survivors
                                                                              Survivors

Annual openings
Year ended: March 1994

            March 1994          18,929         175,759            100.0               _                  9.3
            March 1995          15,912         175,269             84.1             84.1                11.0
            March 1996          13,909         169,109             73.5             87.4                12.2
            March 1997          12,601         167,250             66.6             90.6                13.3
            March 1998          11,437         158,776             60.4             90.8                13.9
            March 1999          10,502         155,892             55.5             91.8                14.8
            March 2000           9,826         151,432             51.9             93.6                15.4
            March 2001           9,204         146,050             48.6             93.7                15.9
            March 2002           8,696         137,714             45.9             94.5                15.8
            March 2003           8,157         128,628             43.1             93.8                15.8
            March 2004           7,743         125,866             40.9             94.9                16.3
            March 2005           7,416         122,148             39.2             95.8                16.5
            March 2006           7,145         120,871             37.7             96.3                16.9
            March 2007           6,904         119,408             36.5             96.6                17.3
            March 2008           6,630         116,760             35.0             96.0                17.6
            March 2009           6,338         111,992             33.5             95.6                17.7
            March 2010           6,097         106,886             32.2             96.2                17.5
            March 2011           5,929         107,775             31.3             97.2                18.2
            March 2012           5,716         107,436             30.2             96.4                18.8
            March 2013           5,428         106,538             28.7             95.0                19.6
            March 2014           5,238         105,204             27.7             96.5                20.1
            March 2015           5,033         103,380             26.6             96.1                20.5
            March 2016           4,913         102,640             26.0             97.6                20.9
            March 2017           4,742         101,832             25.1             96.5                21.5
            March 2018           4,595         101,504             24.3             96.9                22.1
            March 2019           4,429          99,494             23.4             96.4                22.5
            March 2020           4,206          94,733             22.2             95.0                22.5
            March 2021           3,999          86,605             21.1             95.1                21.7
            March 2022           3,921          86,383             20.7             98.0                22.0
            March 2023           3,775          86,419             19.9             96.3                22.9
            March 2024           3,622          84,599             19.1             95.9                23.4
 
Annual openings
Year ended: March 1995

            March 1995          17,892         156,039            100.0               _                  8.7
            March 1996          14,502         139,921             81.1             81.1                 9.6
            March 1997          12,658         136,674             70.7             87.3                10.8
            March 1998          11,349         132,091             63.4             89.7                11.6
            March 1999          10,328         130,263             57.7             91.0                12.6
            March 2000           9,516         128,197             53.2             92.1                13.5
            March 2001           8,842         125,232             49.4             92.9                14.2
            March 2002           8,159         118,291             45.6             92.3                14.5
            March 2003           7,629         111,727             42.6             93.5                14.6
            March 2004           7,245         108,747             40.5             95.0                15.0
            March 2005           6,864         107,844             38.4             94.7                15.7
            March 2006           6,607         105,523             36.9             96.3                16.0
            March 2007           6,347         104,269             35.5             96.1                16.4
            March 2008           6,052         104,214             33.8             95.4                17.2
            March 2009           5,759          99,489             32.2             95.2                17.3
            March 2010           5,458          95,519             30.5             94.8                17.5
            March 2011           5,295          95,408             29.6             97.0                18.0
            March 2012           5,134          94,661             28.7             97.0                18.4
            March 2013           4,928          93,711             27.5             96.0                19.0
            March 2014           4,745          92,286             26.5             96.3                19.4
            March 2015           4,603          90,657             25.7             97.0                19.7
            March 2016           4,448          89,192             24.9             96.6                20.1
            March 2017           4,265          87,608             23.8             95.9                20.5
            March 2018           4,152          86,194             23.2             97.4                20.8
            March 2019           3,974          85,569             22.2             95.7                21.5
            March 2020           3,826          83,038             21.4             96.3                21.7
            March 2021           3,639          76,523             20.3             95.1                21.0
            March 2022           3,576          76,528             20.0             98.3                21.4
            March 2023           3,438          76,576             19.2             96.1                22.3
            March 2024           3,295          76,213             18.4             95.8                23.1
 
Annual openings
Year ended: March 1996

            March 1996          18,994         159,101            100.0               _                  8.4
            March 1997          15,753         153,278             82.9             82.9                 9.7
            March 1998          13,818         145,509             72.7             87.7                10.5
            March 1999          12,372         143,717             65.1             89.5                11.6
            March 2000          11,333         140,040             59.7             91.6                12.4
            March 2001          10,533         135,746             55.5             92.9                12.9
            March 2002           9,746         127,916             51.3             92.5                13.1
            March 2003           9,049         116,552             47.6             92.8                12.9
            March 2004           8,601         114,689             45.3             95.0                13.3
            March 2005           8,397         114,132             44.2             97.6                13.6
            March 2006           8,026         111,935             42.3             95.6                13.9
            March 2007           7,714         112,174             40.6             96.1                14.5
            March 2008           7,396         114,999             38.9             95.9                15.5
            March 2009           7,113         104,226             37.4             96.2                14.7
            March 2010           6,863         102,982             36.1             96.5                15.0
            March 2011           6,566         102,342             34.6             95.7                15.6
            March 2012           6,357         101,553             33.5             96.8                16.0
            March 2013           6,040          99,335             31.8             95.0                16.4
            March 2014           5,851          98,252             30.8             96.9                16.8
            March 2015           5,651          96,830             29.8             96.6                17.1
            March 2016           5,409          98,646             28.5             95.7                18.2
            March 2017           5,227          95,295             27.5             96.6                18.2
            March 2018           5,037          95,639             26.5             96.4                19.0
            March 2019           4,845          94,234             25.5             96.2                19.4
            March 2020           4,579          93,196             24.1             94.5                20.4
            March 2021           4,294          85,984             22.6             93.8                20.0
            March 2022           4,220          86,701             22.2             98.3                20.5
            March 2023           4,061          78,739             21.4             96.2                19.4
            March 2024           3,925          76,800             20.7             96.7                19.6
 
Annual openings
Year ended: March 1997

            March 1997          21,997         183,915            100.0               _                  8.4
            March 1998          17,967         180,327             81.7             81.7                10.0
            March 1999          15,876         182,833             72.2             88.4                11.5
            March 2000          14,367         178,565             65.3             90.5                12.4
            March 2001          13,196         172,372             60.0             91.8                13.1
            March 2002          12,149         161,316             55.2             92.1                13.3
            March 2003          11,223         154,598             51.0             92.4                13.8
            March 2004          10,581         151,846             48.1             94.3                14.4
            March 2005           9,990         148,767             45.4             94.4                14.9
            March 2006           9,681         146,347             44.0             96.9                15.1
            March 2007           9,253         142,058             42.1             95.6                15.4
            March 2008           8,807         137,184             40.0             95.2                15.6
            March 2009           8,329         129,578             37.9             94.6                15.6
            March 2010           7,977         125,193             36.3             95.8                15.7
            March 2011           7,683         123,824             34.9             96.3                16.1
            March 2012           7,398         126,232             33.6             96.3                17.1
            March 2013           7,092         122,431             32.2             95.9                17.3
            March 2014           6,792         119,934             30.9             95.8                17.7
            March 2015           6,590         119,024             30.0             97.0                18.1
            March 2016           6,387         117,747             29.0             96.9                18.4
            March 2017           6,217         115,588             28.3             97.3                18.6
            March 2018           5,991         113,665             27.2             96.4                19.0
            March 2019           5,759         111,884             26.2             96.1                19.4
            March 2020           5,445         110,711             24.8             94.5                20.3
            March 2021           5,178         102,182             23.5             95.1                19.7
            March 2022           5,145         104,393             23.4             99.4                20.3
            March 2023           4,963         105,266             22.6             96.5                21.2
            March 2024           4,789         103,097             21.8             96.5                21.5
 
Annual openings
Year ended: March 1998

            March 1998          23,943         183,709            100.0               _                  7.7
            March 1999          19,926         183,247             83.2             83.2                 9.2
            March 2000          17,576         187,994             73.4             88.2                10.7
            March 2001          15,948         184,858             66.6             90.7                11.6
            March 2002          14,507         175,311             60.6             91.0                12.1
            March 2003          13,367         168,578             55.8             92.1                12.6
            March 2004          12,536         166,031             52.4             93.8                13.2
            March 2005          12,117         163,737             50.6             96.7                13.5
            March 2006          11,768         162,860             49.2             97.1                13.8
            March 2007          11,226         160,457             46.9             95.4                14.3
            March 2008          10,690         152,895             44.6             95.2                14.3
            March 2009          10,104         148,042             42.2             94.5                14.7
            March 2010           9,666         142,478             40.4             95.7                14.7
            March 2011           9,366         140,425             39.1             96.9                15.0
            March 2012           8,990         140,396             37.5             96.0                15.6
            March 2013           8,543         138,853             35.7             95.0                16.3
            March 2014           8,295         138,074             34.6             97.1                16.6
            March 2015           7,963         135,353             33.3             96.0                17.0
            March 2016           7,712         134,363             32.2             96.8                17.4
            March 2017           7,401         134,140             30.9             96.0                18.1
            March 2018           7,208         132,883             30.1             97.4                18.4
            March 2019           6,932         131,834             29.0             96.2                19.0
            March 2020           6,591         129,430             27.5             95.1                19.6
            March 2021           6,314         117,298             26.4             95.8                18.6
            March 2022           6,281         119,486             26.2             99.5                19.0
            March 2023           6,085         118,503             25.4             96.9                19.5
            March 2024           5,808         117,831             24.3             95.4                20.3
 
Annual openings
Year ended: March 1999

            March 1999          21,033         159,819            100.0               _                  7.6
            March 2000          17,362         159,313             82.5             82.5                 9.2
            March 2001          15,348         161,229             73.0             88.4                10.5
            March 2002          13,676         150,036             65.0             89.1                11.0
            March 2003          12,664         141,584             60.2             92.6                11.2
            March 2004          11,767         135,372             55.9             92.9                11.5
            March 2005          11,154         133,984             53.0             94.8                12.0
            March 2006          10,730         133,095             51.0             96.2                12.4
            March 2007          10,167         130,372             48.3             94.8                12.8
            March 2008           9,602         127,506             45.7             94.4                13.3
            March 2009           9,045         122,180             43.0             94.2                13.5
            March 2010           8,621         119,374             41.0             95.3                13.8
            March 2011           8,299         119,610             39.5             96.3                14.4
            March 2012           7,974         119,133             37.9             96.1                14.9
            March 2013           7,524         115,917             35.8             94.4                15.4
            March 2014           7,169         116,119             34.1             95.3                16.2
            March 2015           6,854         114,488             32.6             95.6                16.7
            March 2016           6,604         113,169             31.4             96.4                17.1
            March 2017           6,333         110,916             30.1             95.9                17.5
            March 2018           6,056         110,350             28.8             95.6                18.2
            March 2019           5,793         107,404             27.5             95.7                18.5
            March 2020           5,517         102,308             26.2             95.2                18.5
            March 2021           5,236          93,779             24.9             94.9                17.9
            March 2022           5,098          94,920             24.2             97.4                18.6
            March 2023           5,009          93,490             23.8             98.3                18.7
            March 2024           4,773          91,447             22.7             95.3                19.2
 
Annual openings
Year ended: March 2000

            March 2000          24,061         177,592            100.0               _                  7.4
            March 2001          19,990         182,756             83.1             83.1                 9.1
            March 2002          17,455         174,013             72.5             87.3                10.0
            March 2003          15,604         166,876             64.9             89.4                10.7
            March 2004          14,579         165,880             60.6             93.4                11.4
            March 2005          13,770         164,844             57.2             94.5                12.0
            March 2006          13,166         164,468             54.7             95.6                12.5
            March 2007          12,481         161,777             51.9             94.8                13.0
            March 2008          11,705         157,884             48.6             93.8                13.5
            March 2009          11,006         148,608             45.7             94.0                13.5
            March 2010          10,511         144,877             43.7             95.5                13.8
            March 2011          10,050         144,006             41.8             95.6                14.3
            March 2012           9,648         142,076             40.1             96.0                14.7
            March 2013           9,120         138,774             37.9             94.5                15.2
            March 2014           8,789         137,527             36.5             96.4                15.6
            March 2015           8,415         135,696             35.0             95.7                16.1
            March 2016           8,095         134,342             33.6             96.2                16.6
            March 2017           7,808         131,395             32.5             96.5                16.8
            March 2018           7,505         131,073             31.2             96.1                17.5
            March 2019           7,206         129,150             29.9             96.0                17.9
            March 2020           6,883         125,117             28.6             95.5                18.2
            March 2021           6,610         115,107             27.5             96.0                17.4
            March 2022           6,544         116,071             27.2             99.0                17.7
            March 2023           6,285         115,000             26.1             96.0                18.3
            March 2024           5,978         111,568             24.8             95.1                18.7
 
Annual openings
Year ended: March 2001

            March 2001          22,063         150,208            100.0               _                  6.8
            March 2002          16,861         142,489             76.4             76.4                 8.5
            March 2003          14,674         137,448             66.5             87.0                 9.4
            March 2004          13,425         135,057             60.8             91.5                10.1
            March 2005          12,540         134,782             56.8             93.4                10.7
            March 2006          11,890         133,820             53.9             94.8                11.3
            March 2007          11,180         133,424             50.7             94.0                11.9
            March 2008          10,386         130,322             47.1             92.9                12.5
            March 2009           9,632         121,895             43.7             92.7                12.7
            March 2010           9,127         118,617             41.4             94.8                13.0
            March 2011           8,743         118,717             39.6             95.8                13.6
            March 2012           8,328         118,094             37.7             95.3                14.2
            March 2013           7,788         111,944             35.3             93.5                14.4
            March 2014           7,465         111,301             33.8             95.9                14.9
            March 2015           7,128         110,106             32.3             95.5                15.4
            March 2016           6,893         109,958             31.2             96.7                16.0
            March 2017           6,615         108,918             30.0             96.0                16.5
            March 2018           6,314         107,645             28.6             95.4                17.0
            March 2019           6,043         105,943             27.4             95.7                17.5
            March 2020           5,744         103,864             26.0             95.1                18.1
            March 2021           5,548          96,034             25.1             96.6                17.3
            March 2022           5,521          97,998             25.0             99.5                17.8
            March 2023           5,294          97,861             24.0             95.9                18.5
            March 2024           5,011          95,864             22.7             94.7                19.1
 
Annual openings
Year ended: March 2002

            March 2002          23,948         169,384            100.0               _                  7.1
            March 2003          19,132         164,393             79.9             79.9                 8.6
            March 2004          16,748         161,272             69.9             87.5                 9.6
            March 2005          15,427         159,600             64.4             92.1                10.3
            March 2006          14,693         158,566             61.4             95.2                10.8
            March 2007          13,605         153,374             56.8             92.6                11.3
            March 2008          12,732         149,973             53.2             93.6                11.8
            March 2009          11,877         139,920             49.6             93.3                11.8
            March 2010          11,181         135,625             46.7             94.1                12.1
            March 2011          10,747         136,485             44.9             96.1                12.7
            March 2012          10,219         135,725             42.7             95.1                13.3
            March 2013           9,519         131,163             39.7             93.2                13.8
            March 2014           9,059         129,264             37.8             95.2                14.3
            March 2015           8,717         128,371             36.4             96.2                14.7
            March 2016           8,437         126,640             35.2             96.8                15.0
            March 2017           8,099         123,678             33.8             96.0                15.3
            March 2018           7,800         122,267             32.6             96.3                15.7
            March 2019           7,514         120,177             31.4             96.3                16.0
            March 2020           7,110         115,782             29.7             94.6                16.3
            March 2021           6,791         105,240             28.4             95.5                15.5
            March 2022           6,605         108,797             27.6             97.3                16.5
            March 2023           6,342         108,599             26.5             96.0                17.1
            March 2024           6,067         107,388             25.3             95.7                17.7
 
Annual openings
Year ended: March 2003

            March 2003          20,630         136,516            100.0               _                  6.6
            March 2004          16,657         135,247             80.7             80.7                 8.1
            March 2005          15,054         135,691             73.0             90.4                 9.0
            March 2006          14,161         135,790             68.6             94.1                 9.6
            March 2007          13,097         133,808             63.5             92.5                10.2
            March 2008          12,067         132,092             58.5             92.1                10.9
            March 2009          11,137         122,418             54.0             92.3                11.0
            March 2010          10,441         118,612             50.6             93.8                11.4
            March 2011           9,861         117,710             47.8             94.4                11.9
            March 2012           9,293         117,930             45.0             94.2                12.7
            March 2013           8,646         113,075             41.9             93.0                13.1
            March 2014           8,243         111,735             40.0             95.3                13.6
            March 2015           7,886         109,820             38.2             95.7                13.9
            March 2016           7,580         109,777             36.7             96.1                14.5
            March 2017           7,249         108,282             35.1             95.6                14.9
            March 2018           6,932         106,899             33.6             95.6                15.4
            March 2019           6,643         106,042             32.2             95.8                16.0
            March 2020           6,318         103,192             30.6             95.1                16.3
            March 2021           6,051          94,709             29.3             95.8                15.7
            March 2022           5,983          96,356             29.0             98.9                16.1
            March 2023           5,697          95,153             27.6             95.2                16.7
            March 2024           5,417          93,287             26.3             95.1                17.2
 
Annual openings
Year ended: March 2004

            March 2004          20,027         119,961            100.0               _                  6.0
            March 2005          16,414         118,524             82.0             82.0                 7.2
            March 2006          15,322         118,205             76.5             93.3                 7.7
            March 2007          13,884         115,882             69.3             90.6                 8.3
            March 2008          12,543         113,031             62.6             90.3                 9.0
            March 2009          11,548         105,982             57.7             92.1                 9.2
            March 2010          10,671         103,220             53.3             92.4                 9.7
            March 2011          10,021         104,398             50.0             93.9                10.4
            March 2012           9,426         104,654             47.1             94.1                11.1
            March 2013           8,679         100,325             43.3             92.1                11.6
            March 2014           8,211          99,267             41.0             94.6                12.1
            March 2015           7,733          98,120             38.6             94.2                12.7
            March 2016           7,406          97,182             37.0             95.8                13.1
            March 2017           7,031          96,293             35.1             94.9                13.7
            March 2018           6,719          95,138             33.5             95.6                14.2
            March 2019           6,380          93,496             31.9             95.0                14.7
            March 2020           6,027          90,242             30.1             94.5                15.0
            March 2021           5,781          83,185             28.9             95.9                14.4
            March 2022           5,619          84,919             28.1             97.2                15.1
            March 2023           5,416          84,351             27.0             96.4                15.6
            March 2024           5,128          81,854             25.6             94.7                16.0
 
Annual openings
Year ended: March 2005

            March 2005          22,231         115,763            100.0               _                  5.2
            March 2006          18,846         116,415             84.8             84.8                 6.2
            March 2007          16,726         114,986             75.2             88.8                 6.9
            March 2008          14,987         113,445             67.4             89.6                 7.6
            March 2009          13,546         105,543             60.9             90.4                 7.8
            March 2010          12,385         102,140             55.7             91.4                 8.2
            March 2011          11,621         103,154             52.3             93.8                 8.9
            March 2012          10,843         102,925             48.8             93.3                 9.5
            March 2013           9,877          99,589             44.4             91.1                10.1
            March 2014           9,259          98,364             41.6             93.7                10.6
            March 2015           8,773          97,475             39.5             94.8                11.1
            March 2016           8,326         100,496             37.5             94.9                12.1
            March 2017           7,907          97,637             35.6             95.0                12.3
            March 2018           7,569          96,732             34.0             95.7                12.8
            March 2019           7,186          94,158             32.3             94.9                13.1
            March 2020           6,835          91,590             30.7             95.1                13.4
            March 2021           6,488          85,168             29.2             94.9                13.1
            March 2022           6,291          86,648             28.3             97.0                13.8
            March 2023           5,981          85,240             26.9             95.1                14.3
            March 2024           5,774          84,394             26.0             96.5                14.6
 
Annual openings
Year ended: March 2006

            March 2006          23,325         110,068            100.0               _                  4.7
            March 2007          18,929         110,565             81.2             81.2                 5.8
            March 2008          16,633         108,716             71.3             87.9                 6.5
            March 2009          14,748         102,421             63.2             88.7                 6.9
            March 2010          13,428          99,738             57.6             91.0                 7.4
            March 2011          12,408          99,466             53.2             92.4                 8.0
            March 2012          11,358          98,433             48.7             91.5                 8.7
            March 2013          10,143          94,767             43.5             89.3                 9.3
            March 2014           9,370          93,307             40.2             92.4                10.0
            March 2015           8,769          93,493             37.6             93.6                10.7
            March 2016           8,239          93,397             35.3             94.0                11.3
            March 2017           7,786          92,942             33.4             94.5                11.9
            March 2018           7,376          91,547             31.6             94.7                12.4
            March 2019           6,970          90,137             29.9             94.5                12.9
            March 2020           6,563          88,344             28.1             94.2                13.5
            March 2021           6,216          81,033             26.6             94.7                13.0
            March 2022           6,042          84,670             25.9             97.2                14.0
            March 2023           5,745          83,351             24.6             95.1                14.5
            March 2024           5,499          81,647             23.6             95.7                14.8
 
Annual openings
Year ended: March 2007

            March 2007          21,175         100,909            100.0               _                  4.8
            March 2008          16,805          99,489             79.4             79.4                 5.9
            March 2009          14,737          91,910             69.6             87.7                 6.2
            March 2010          13,134          88,579             62.0             89.1                 6.7
            March 2011          12,063          90,343             57.0             91.8                 7.5
            March 2012          10,970          90,592             51.8             90.9                 8.3
            March 2013           9,826          86,605             46.4             89.6                 8.8
            March 2014           9,147          86,013             43.2             93.1                 9.4
            March 2015           8,473          86,422             40.0             92.6                10.2
            March 2016           8,019          85,510             37.9             94.6                10.7
            March 2017           7,572          84,629             35.8             94.4                11.2
            March 2018           7,173          86,471             33.9             94.7                12.1
            March 2019           6,749          86,974             31.9             94.1                12.9
            March 2020           6,354          87,079             30.0             94.1                13.7
            March 2021           5,978          79,950             28.2             94.1                13.4
            March 2022           5,812          82,490             27.4             97.2                14.2
            March 2023           5,550          81,869             26.2             95.5                14.8
            March 2024           5,258          80,858             24.8             94.7                15.4
 
Annual openings
Year ended: March 2008

            March 2008          21,105          91,306            100.0               _                  4.3
            March 2009          16,790          86,005             79.6             79.6                 5.1
            March 2010          14,604          87,139             69.2             87.0                 6.0
            March 2011          13,245          90,850             62.8             90.7                 6.9
            March 2012          12,053          92,623             57.1             91.0                 7.7
            March 2013          10,647          91,069             50.4             88.3                 8.6
            March 2014           9,837          90,627             46.6             92.4                 9.2
            March 2015           9,135          91,335             43.3             92.9                10.0
            March 2016           8,595          90,951             40.7             94.1                10.6
            March 2017           8,054          90,746             38.2             93.7                11.3
            March 2018           7,579          90,901             35.9             94.1                12.0
            March 2019           7,159          91,019             33.9             94.5                12.7
            March 2020           6,707          88,807             31.8             93.7                13.2
            March 2021           6,352          81,496             30.1             94.7                12.8
            March 2022           6,138          84,535             29.1             96.6                13.8
            March 2023           5,836          82,204             27.7             95.1                14.1
            March 2024           5,540          80,192             26.2             94.9                14.5
 
Annual openings
Year ended: March 2009

            March 2009          20,314          81,147            100.0               _                  4.0
            March 2010          16,386          79,963             80.7             80.7                 4.9
            March 2011          14,646          83,991             72.1             89.4                 5.7
            March 2012          12,897          85,336             63.5             88.1                 6.6
            March 2013          11,206          80,626             55.2             86.9                 7.2
            March 2014          10,158          80,912             50.0             90.6                 8.0
            March 2015           9,271          81,223             45.6             91.3                 8.8
            March 2016           8,604          78,807             42.4             92.8                 9.2
            March 2017           8,120          77,433             40.0             94.4                 9.5
            March 2018           7,597          79,185             37.4             93.6                10.4
            March 2019           7,132          75,185             35.1             93.9                10.5
            March 2020           6,592          72,510             32.5             92.4                11.0
            March 2021           6,219          66,398             30.6             94.3                10.7
            March 2022           6,050          69,660             29.8             97.3                11.5
            March 2023           5,701          66,710             28.1             94.2                11.7
            March 2024           5,397          64,233             26.6             94.7                11.9
 
Annual openings
Year ended: March 2010

            March 2010          19,478          74,809            100.0               _                  3.8
            March 2011          15,992          81,744             82.1             82.1                 5.1
            March 2012          13,727          83,121             70.5             85.8                 6.1
            March 2013          11,705          79,322             60.1             85.3                 6.8
            March 2014          10,558          78,488             54.2             90.2                 7.4
            March 2015           9,612          76,922             49.3             91.0                 8.0
            March 2016           8,936          75,949             45.9             93.0                 8.5
            March 2017           8,297          75,307             42.6             92.8                 9.1
            March 2018           7,691          74,420             39.5             92.7                 9.7
            March 2019           7,161          72,704             36.8             93.1                10.2
            March 2020           6,557          70,067             33.7             91.6                10.7
            March 2021           6,220          65,186             31.9             94.9                10.5
            March 2022           6,004          68,790             30.8             96.5                11.5
            March 2023           5,675          67,461             29.1             94.5                11.9
            March 2024           5,344          65,791             27.4             94.2                12.3
 
Annual openings
Year ended: March 2011

            March 2011          20,718          84,834            100.0               _                  4.1
            March 2012          16,259          86,781             78.5             78.5                 5.3
            March 2013          13,618          83,347             65.7             83.8                 6.1
            March 2014          11,893          84,003             57.4             87.3                 7.1
            March 2015          10,726          84,325             51.8             90.2                 7.9
            March 2016           9,786          82,568             47.2             91.2                 8.4
            March 2017           8,933          80,774             43.1             91.3                 9.0
            March 2018           8,239          79,774             39.8             92.2                 9.7
            March 2019           7,662          77,616             37.0             93.0                10.1
            March 2020           6,963          75,707             33.6             90.9                10.9
            March 2021           6,566          70,516             31.7             94.3                10.7
            March 2022           6,309          75,706             30.5             96.1                12.0
            March 2023           5,899          74,161             28.5             93.5                12.6
            March 2024           5,555          73,486             26.8             94.2                13.2
 
Annual openings
Year ended: March 2012

            March 2012          23,738          95,125            100.0               _                  4.0
            March 2013          17,832          91,244             75.1             75.1                 5.1
            March 2014          15,066          88,672             63.5             84.5                 5.9
            March 2015          13,277          87,890             55.9             88.1                 6.6
            March 2016          12,071          87,889             50.9             90.9                 7.3
            March 2017          10,984          87,629             46.3             91.0                 8.0
            March 2018          10,130          87,835             42.7             92.2                 8.7
            March 2019           9,307          85,048             39.2             91.9                 9.1
            March 2020           8,581          81,369             36.1             92.2                 9.5
            March 2021           8,108          75,175             34.2             94.5                 9.3
            March 2022           7,775          79,677             32.8             95.9                10.2
            March 2023           7,272          79,806             30.6             93.5                11.0
            March 2024           6,847          77,960             28.8             94.2                11.4
 
Annual openings
Year ended: March 2013

            March 2013          22,810          88,055            100.0               _                  3.9
            March 2014          17,563          85,756             77.0             77.0                 4.9
            March 2015          15,274          88,313             67.0             87.0                 5.8
            March 2016          13,710          88,341             60.1             89.8                 6.4
            March 2017          12,355          88,810             54.2             90.1                 7.2
            March 2018          11,310          89,561             49.6             91.5                 7.9
            March 2019          10,463          90,481             45.9             92.5                 8.6
            March 2020           9,514          89,937             41.7             90.9                 9.5
            March 2021           8,901          83,525             39.0             93.6                 9.4
            March 2022           8,580          87,643             37.6             96.4                10.2
            March 2023           7,987          86,497             35.0             93.1                10.8
            March 2024           7,523          83,093             33.0             94.2                11.0
 
Annual openings
Year ended: March 2014

            March 2014          21,160          83,405            100.0               _                  3.9
            March 2015          16,923          86,718             80.0             80.0                 5.1
            March 2016          14,797          91,858             69.9             87.4                 6.2
            March 2017          13,278          90,460             62.8             89.7                 6.8
            March 2018          12,021          91,292             56.8             90.5                 7.6
            March 2019          10,946          92,391             51.7             91.1                 8.4
            March 2020           9,929          88,663             46.9             90.7                 8.9
            March 2021           9,254          82,956             43.7             93.2                 9.0
            March 2022           8,805          87,152             41.6             95.1                 9.9
            March 2023           8,254          85,905             39.0             93.7                10.4
            March 2024           7,817          84,526             36.9             94.7                10.8
 
Annual openings
Year ended: March 2015

            March 2015          21,696          84,282            100.0               _                  3.9
            March 2016          17,356          88,951             80.0             80.0                 5.1
            March 2017          15,203          91,075             70.1             87.6                 6.0
            March 2018          13,540          93,135             62.4             89.1                 6.9
            March 2019          12,237          93,637             56.4             90.4                 7.7
            March 2020          10,969          90,171             50.6             89.6                 8.2
            March 2021          10,208          83,828             47.1             93.1                 8.2
            March 2022           9,718          88,702             44.8             95.2                 9.1
            March 2023           9,049          86,498             41.7             93.1                 9.6
            March 2024           8,442          84,181             38.9             93.3                10.0
 
Annual openings
Year ended: March 2016

            March 2016          22,272          93,775            100.0               _                  4.2
            March 2017          17,816         102,181             80.0             80.0                 5.7
            March 2018          15,466         105,864             69.4             86.8                 6.8
            March 2019          13,775         107,213             61.8             89.1                 7.8
            March 2020          12,205         108,646             54.8             88.6                 8.9
            March 2021          11,404         102,442             51.2             93.4                 9.0
            March 2022          10,898         108,632             48.9             95.6                10.0
            March 2023          10,163         108,565             45.6             93.3                10.7
            March 2024           9,421         105,943             42.3             92.7                11.2
 
Annual openings
Year ended: March 2017

            March 2017          21,603          89,788            100.0               _                  4.2
            March 2018          17,414          95,645             80.6             80.6                 5.5
            March 2019          15,273         100,404             70.7             87.7                 6.6
            March 2020          13,456         103,809             62.3             88.1                 7.7
            March 2021          12,364          96,213             57.2             91.9                 7.8
            March 2022          11,736         100,804             54.3             94.9                 8.6
            March 2023          10,882          98,778             50.4             92.7                 9.1
            March 2024          10,100          97,988             46.8             92.8                 9.7
 
Annual openings
Year ended: March 2018

            March 2018          21,436          85,369            100.0               _                  4.0
            March 2019          17,133          92,713             79.9             79.9                 5.4
            March 2020          14,705          95,783             68.6             85.8                 6.5
            March 2021          13,524          91,961             63.1             92.0                 6.8
            March 2022          12,691         100,652             59.2             93.8                 7.9
            March 2023          11,710          99,771             54.6             92.3                 8.5
            March 2024          10,759          99,268             50.2             91.9                 9.2
 
Annual openings
Year ended: March 2019

            March 2019          21,578          86,076            100.0               _                  4.0
            March 2020          17,030          92,820             78.9             78.9                 5.5
            March 2021          15,476          93,670             71.7             90.9                 6.1
            March 2022          14,342         103,899             66.5             92.7                 7.2
            March 2023          13,244         107,846             61.4             92.3                 8.1
            March 2024          12,085         106,197             56.0             91.2                 8.8
 
Annual openings
Year ended: March 2020

            March 2020          21,339          83,477            100.0               _                  3.9
            March 2021          17,785          86,623             83.3             83.3                 4.9
            March 2022          16,280          99,720             76.3             91.5                 6.1
            March 2023          14,730         102,162             69.0             90.5                 6.9
            March 2024          13,322         102,085             62.4             90.4                 7.7
 
Annual openings
Year ended: March 2021

            March 2021          24,595          85,104            100.0               _                  3.5
            March 2022          19,851         101,215             80.7             80.7                 5.1
            March 2023          17,241         104,980             70.1             86.9                 6.1
            March 2024          15,201         107,418             61.8             88.2                 7.1
 
Annual openings
Year ended: March 2022

            March 2022          31,966         106,513            100.0               _                  3.3
            March 2023          25,405         113,989             79.5             79.5                 4.5
            March 2024          21,623         113,031             67.6             85.1                 5.2
 
Annual openings
Year ended: March 2023

            March 2023          29,483         100,065            100.0               _                  3.4
            March 2024          23,289         102,906             79.0             79.0                 4.4
 
Annual openings
Year ended: March 2024

            March 2024          28,538         100,091            100.0               _                  3.5
 
NOTE: A '_' indicates that the data are not available and a 'N' indicates that the data do not meet BLS disclosure standards.
