Table 7. Survival of private sector establishments by opening year

Total Private

Rhode Island

                          Surviving       Total Employment   Survival Rates   Survival Rates of   Average Employment
                          Establishments  of Survivors       Since Birth      Previous Year's     of Survivors
                                                                              Survivors

Annual openings
Year ended: March 1994

            March 1994           2,341          13,104            100.0               _                  5.6
            March 1995           1,804          12,125             77.1             77.1                 6.7
            March 1996           1,586          12,108             67.7             87.9                 7.6
            March 1997           1,424          12,228             60.8             89.8                 8.6
            March 1998           1,299          12,072             55.5             91.2                 9.3
            March 1999           1,219          10,983             52.1             93.8                 9.0
            March 2000           1,145          10,644             48.9             93.9                 9.3
            March 2001           1,049          10,555             44.8             91.6                10.1
            March 2002             985          10,407             42.1             93.9                10.6
            March 2003             927          10,114             39.6             94.1                10.9
            March 2004             876           9,739             37.4             94.5                11.1
            March 2005             823           9,458             35.2             93.9                11.5
            March 2006             776           9,124             33.1             94.3                11.8
            March 2007             735           9,154             31.4             94.7                12.5
            March 2008             704           8,615             30.1             95.8                12.2
            March 2009             665           7,757             28.4             94.5                11.7
            March 2010             603           7,250             25.8             90.7                12.0
            March 2011             585           7,330             25.0             97.0                12.5
            March 2012             553           7,153             23.6             94.5                12.9
            March 2013             528           6,769             22.6             95.5                12.8
            March 2014             517           6,591             22.1             97.9                12.7
            March 2015             500           6,707             21.4             96.7                13.4
            March 2016             470           6,389             20.1             94.0                13.6
            March 2017             454           6,072             19.4             96.6                13.4
            March 2018             426           5,991             18.2             93.8                14.1
            March 2019             412           5,787             17.6             96.7                14.0
            March 2020             405           5,697             17.3             98.3                14.1
            March 2021             379           5,153             16.2             93.6                13.6
            March 2022             371           5,024             15.8             97.9                13.5
            March 2023             346           5,197             14.8             93.3                15.0
            March 2024             327           5,112             14.0             94.5                15.6
 
Annual openings
Year ended: March 1995

            March 1995           2,163          13,285            100.0               _                  6.1
            March 1996           1,698          13,236             78.5             78.5                 7.8
            March 1997           1,509          11,455             69.8             88.9                 7.6
            March 1998           1,328          11,106             61.4             88.0                 8.4
            March 1999           1,169          10,936             54.0             88.0                 9.4
            March 2000           1,087          10,996             50.3             93.0                10.1
            March 2001             991           9,658             45.8             91.2                 9.7
            March 2002             913           9,336             42.2             92.1                10.2
            March 2003             856           8,938             39.6             93.8                10.4
            March 2004             806           8,887             37.3             94.2                11.0
            March 2005             771           8,929             35.6             95.7                11.6
            March 2006             715           8,765             33.1             92.7                12.3
            March 2007             709           8,540             32.8             99.2                12.0
            March 2008             661           8,338             30.6             93.2                12.6
            March 2009             611           7,681             28.2             92.4                12.6
            March 2010             570           7,375             26.4             93.3                12.9
            March 2011             541           7,316             25.0             94.9                13.5
            March 2012             535           7,565             24.7             98.9                14.1
            March 2013             502           7,315             23.2             93.8                14.6
            March 2014             489           7,459             22.6             97.4                15.3
            March 2015             479           7,932             22.1             98.0                16.6
            March 2016             456           7,815             21.1             95.2                17.1
            March 2017             444           7,654             20.5             97.4                17.2
            March 2018             429           7,746             19.8             96.6                18.1
            March 2019             410           7,834             19.0             95.6                19.1
            March 2020             403           7,625             18.6             98.3                18.9
            March 2021             367           6,946             17.0             91.1                18.9
            March 2022             369           7,482             17.1            100.5                20.3
            March 2023             347           7,679             16.0             94.0                22.1
            March 2024             335           7,474             15.5             96.5                22.3
 
Annual openings
Year ended: March 1996

            March 1996           2,370          12,433            100.0               _                  5.2
            March 1997           1,862          11,952             78.6             78.6                 6.4
            March 1998           1,567          11,597             66.1             84.2                 7.4
            March 1999           1,381          11,621             58.3             88.1                 8.4
            March 2000           1,269          11,632             53.5             91.9                 9.2
            March 2001           1,155          11,259             48.7             91.0                 9.7
            March 2002           1,043          10,474             44.0             90.3                10.0
            March 2003             987          10,122             41.6             94.6                10.3
            March 2004             894           9,846             37.7             90.6                11.0
            March 2005             846           9,613             35.7             94.6                11.4
            March 2006             772           9,418             32.6             91.3                12.2
            March 2007             751           9,015             31.7             97.3                12.0
            March 2008             699           9,081             29.5             93.1                13.0
            March 2009             635           8,463             26.8             90.8                13.3
            March 2010             614           8,090             25.9             96.7                13.2
            March 2011             576           7,886             24.3             93.8                13.7
            March 2012             553           7,904             23.3             96.0                14.3
            March 2013             529           7,922             22.3             95.7                15.0
            March 2014             506           7,896             21.4             95.7                15.6
            March 2015             491           8,063             20.7             97.0                16.4
            March 2016             468           7,785             19.7             95.3                16.6
            March 2017             440           7,680             18.6             94.0                17.5
            March 2018             421           7,622             17.8             95.7                18.1
            March 2019             408           7,522             17.2             96.9                18.4
            March 2020             386           7,475             16.3             94.6                19.4
            March 2021             358           6,922             15.1             92.7                19.3
            March 2022             354           6,971             14.9             98.9                19.7
            March 2023             339           7,202             14.3             95.8                21.2
            March 2024             317           7,089             13.4             93.5                22.4
 
Annual openings
Year ended: March 1997

            March 1997           2,356          13,411            100.0               _                  5.7
            March 1998           1,823          12,558             77.4             77.4                 6.9
            March 1999           1,528          11,451             64.9             83.8                 7.5
            March 2000           1,415          11,972             60.1             92.6                 8.5
            March 2001           1,263          12,059             53.6             89.3                 9.5
            March 2002           1,167          11,634             49.5             92.4                10.0
            March 2003           1,073          11,444             45.5             91.9                10.7
            March 2004             989          11,753             42.0             92.2                11.9
            March 2005             947          11,625             40.2             95.8                12.3
            March 2006             875          11,676             37.1             92.4                13.3
            March 2007             856          11,509             36.3             97.8                13.4
            March 2008             801          10,779             34.0             93.6                13.5
            March 2009             739           9,953             31.4             92.3                13.5
            March 2010             698           9,405             29.6             94.5                13.5
            March 2011             676           9,536             28.7             96.8                14.1
            March 2012             653           9,319             27.7             96.6                14.3
            March 2013             628           9,214             26.7             96.2                14.7
            March 2014             596           9,424             25.3             94.9                15.8
            March 2015             585           9,272             24.8             98.2                15.8
            March 2016             557           9,215             23.6             95.2                16.5
            March 2017             534           8,796             22.7             95.9                16.5
            March 2018             509           8,740             21.6             95.3                17.2
            March 2019             492           8,657             20.9             96.7                17.6
            March 2020             463           8,398             19.7             94.1                18.1
            March 2021             445           7,391             18.9             96.1                16.6
            March 2022             428           7,423             18.2             96.2                17.3
            March 2023             413           7,276             17.5             96.5                17.6
            March 2024             398           7,125             16.9             96.4                17.9
 
Annual openings
Year ended: March 1998

            March 1998           2,409          11,453            100.0               _                  4.8
            March 1999           1,863          12,415             77.3             77.3                 6.7
            March 2000           1,647          13,284             68.4             88.4                 8.1
            March 2001           1,464          12,816             60.8             88.9                 8.8
            March 2002           1,298          12,347             53.9             88.7                 9.5
            March 2003           1,180          12,090             49.0             90.9                10.2
            March 2004           1,080          11,764             44.8             91.5                10.9
            March 2005           1,003          11,941             41.6             92.9                11.9
            March 2006             937          11,446             38.9             93.4                12.2
            March 2007             906          11,164             37.6             96.7                12.3
            March 2008             859          10,515             35.7             94.8                12.2
            March 2009             782           9,970             32.5             91.0                12.7
            March 2010             720           9,078             29.9             92.1                12.6
            March 2011             720           8,706             29.9            100.0                12.1
            March 2012             674           8,682             28.0             93.6                12.9
            March 2013             644           8,460             26.7             95.5                13.1
            March 2014             626           8,441             26.0             97.2                13.5
            March 2015             604           8,791             25.1             96.5                14.6
            March 2016             582           8,650             24.2             96.4                14.9
            March 2017             569           8,137             23.6             97.8                14.3
            March 2018             542           8,407             22.5             95.3                15.5
            March 2019             514           7,184             21.3             94.8                14.0
            March 2020             496           6,983             20.6             96.5                14.1
            March 2021             457           6,613             19.0             92.1                14.5
            March 2022             448           6,627             18.6             98.0                14.8
            March 2023             451           6,836             18.7            100.7                15.2
            March 2024             434           6,733             18.0             96.2                15.5
 
Annual openings
Year ended: March 1999

            March 1999           2,402          13,884            100.0               _                  5.8
            March 2000           1,892          14,006             78.8             78.8                 7.4
            March 2001           1,653          15,059             68.8             87.4                 9.1
            March 2002           1,437          14,803             59.8             86.9                10.3
            March 2003           1,305          14,244             54.3             90.8                10.9
            March 2004           1,227          13,606             51.1             94.0                11.1
            March 2005           1,146          14,302             47.7             93.4                12.5
            March 2006           1,039          13,994             43.3             90.7                13.5
            March 2007           1,000          14,241             41.6             96.2                14.2
            March 2008             919          14,174             38.3             91.9                15.4
            March 2009             831          12,509             34.6             90.4                15.1
            March 2010             770          12,319             32.1             92.7                16.0
            March 2011             740          12,668             30.8             96.1                17.1
            March 2012             712          13,066             29.6             96.2                18.4
            March 2013             664          12,925             27.6             93.3                19.5
            March 2014             646          13,386             26.9             97.3                20.7
            March 2015             615          13,814             25.6             95.2                22.5
            March 2016             598          13,974             24.9             97.2                23.4
            March 2017             555          13,823             23.1             92.8                24.9
            March 2018             535          13,147             22.3             96.4                24.6
            March 2019             514          12,305             21.4             96.1                23.9
            March 2020             500          11,796             20.8             97.3                23.6
            March 2021             480          11,255             20.0             96.0                23.4
            March 2022             454          11,917             18.9             94.6                26.2
            March 2023             443          11,436             18.4             97.6                25.8
            March 2024             425          11,508             17.7             95.9                27.1
 
Annual openings
Year ended: March 2000

            March 2000           2,530          15,485            100.0               _                  6.1
            March 2001           1,962          16,679             77.5             77.5                 8.5
            March 2002           1,685          15,806             66.6             85.9                 9.4
            March 2003           1,475          14,191             58.3             87.5                 9.6
            March 2004           1,363          14,399             53.9             92.4                10.6
            March 2005           1,264          14,039             50.0             92.7                11.1
            March 2006           1,133          14,103             44.8             89.6                12.4
            March 2007           1,091          14,011             43.1             96.3                12.8
            March 2008           1,006          13,692             39.8             92.2                13.6
            March 2009             926          12,467             36.6             92.0                13.5
            March 2010             862          12,034             34.1             93.1                14.0
            March 2011             857          12,199             33.9             99.4                14.2
            March 2012             813          11,784             32.1             94.9                14.5
            March 2013             770          11,846             30.4             94.7                15.4
            March 2014             751          11,513             29.7             97.5                15.3
            March 2015             725          11,638             28.7             96.5                16.1
            March 2016             694          11,788             27.4             95.7                17.0
            March 2017             668          11,474             26.4             96.3                17.2
            March 2018             630          11,133             24.9             94.3                17.7
            March 2019             622          10,870             24.6             98.7                17.5
            March 2020             568          10,534             22.5             91.3                18.5
            March 2021             559           9,347             22.1             98.4                16.7
            March 2022             535           9,396             21.1             95.7                17.6
            March 2023             508           8,852             20.1             95.0                17.4
            March 2024             470           8,439             18.6             92.5                18.0
 
Annual openings
Year ended: March 2001

            March 2001           2,640          12,030            100.0               _                  4.6
            March 2002           1,981          10,817             75.0             75.0                 5.5
            March 2003           1,693          10,246             64.1             85.5                 6.1
            March 2004           1,490          10,365             56.4             88.0                 7.0
            March 2005           1,354          10,312             51.3             90.9                 7.6
            March 2006           1,189           9,446             45.0             87.8                 7.9
            March 2007           1,104           9,344             41.8             92.9                 8.5
            March 2008           1,016           8,881             38.5             92.0                 8.7
            March 2009             926           8,336             35.1             91.1                 9.0
            March 2010             844           7,934             32.0             91.1                 9.4
            March 2011             788           7,672             29.8             93.4                 9.7
            March 2012             767           7,851             29.1             97.3                10.2
            March 2013             726           8,109             27.5             94.7                11.2
            March 2014             678           8,116             25.7             93.4                12.0
            March 2015             647           8,064             24.5             95.4                12.5
            March 2016             636           8,320             24.1             98.3                13.1
            March 2017             608           8,489             23.0             95.6                14.0
            March 2018             574           8,207             21.7             94.4                14.3
            March 2019             555           8,019             21.0             96.7                14.4
            March 2020             521           7,729             19.7             93.9                14.8
            March 2021             488           7,183             18.5             93.7                14.7
            March 2022             487           7,194             18.4             99.8                14.8
            March 2023             460           6,736             17.4             94.5                14.6
            March 2024             455           6,538             17.2             98.9                14.4
 
Annual openings
Year ended: March 2002

            March 2002           2,447          12,299            100.0               _                  5.0
            March 2003           1,865          11,737             76.2             76.2                 6.3
            March 2004           1,608          11,641             65.7             86.2                 7.2
            March 2005           1,456          11,271             59.5             90.5                 7.7
            March 2006           1,276          11,492             52.1             87.6                 9.0
            March 2007           1,205          11,272             49.2             94.4                 9.4
            March 2008           1,085           9,931             44.3             90.0                 9.2
            March 2009             958           8,843             39.1             88.3                 9.2
            March 2010             917           8,687             37.5             95.7                 9.5
            March 2011             846           8,643             34.6             92.3                10.2
            March 2012             797           8,731             32.6             94.2                11.0
            March 2013             761           8,786             31.1             95.5                11.5
            March 2014             724           8,867             29.6             95.1                12.2
            March 2015             675           8,687             27.6             93.2                12.9
            March 2016             642           8,600             26.2             95.1                13.4
            March 2017             608           8,468             24.8             94.7                13.9
            March 2018             591           8,441             24.2             97.2                14.3
            March 2019             569           8,112             23.3             96.3                14.3
            March 2020             544           7,894             22.2             95.6                14.5
            March 2021             505           7,047             20.6             92.8                14.0
            March 2022             487           7,320             19.9             96.4                15.0
            March 2023             465           7,263             19.0             95.5                15.6
            March 2024             449           7,183             18.3             96.6                16.0
 
Annual openings
Year ended: March 2003

            March 2003           2,431          11,103            100.0               _                  4.6
            March 2004           1,837          11,471             75.6             75.6                 6.2
            March 2005           1,596          11,059             65.7             86.9                 6.9
            March 2006           1,405          10,867             57.8             88.0                 7.7
            March 2007           1,304          10,260             53.6             92.8                 7.9
            March 2008           1,144           9,244             47.1             87.7                 8.1
            March 2009           1,020           8,317             42.0             89.2                 8.2
            March 2010             930           8,011             38.3             91.2                 8.6
            March 2011             857           7,774             35.3             92.2                 9.1
            March 2012             797           7,718             32.8             93.0                 9.7
            March 2013             747           7,811             30.7             93.7                10.5
            March 2014             717           7,878             29.5             96.0                11.0
            March 2015             687           7,610             28.3             95.8                11.1
            March 2016             674           7,657             27.7             98.1                11.4
            March 2017             633           7,500             26.0             93.9                11.8
            March 2018             592           7,306             24.4             93.5                12.3
            March 2019             565           7,001             23.2             95.4                12.4
            March 2020             536           6,863             22.0             94.9                12.8
            March 2021             527           6,303             21.7             98.3                12.0
            March 2022             479           6,525             19.7             90.9                13.6
            March 2023             466           6,301             19.2             97.3                13.5
            March 2024             457           6,543             18.8             98.1                14.3
 
Annual openings
Year ended: March 2004

            March 2004           2,412          10,724            100.0               _                  4.4
            March 2005           1,906          10,757             79.0             79.0                 5.6
            March 2006           1,606          10,773             66.6             84.3                 6.7
            March 2007           1,461          10,471             60.6             91.0                 7.2
            March 2008           1,269           9,783             52.6             86.9                 7.7
            March 2009           1,119           8,784             46.4             88.2                 7.8
            March 2010           1,011           8,801             41.9             90.3                 8.7
            March 2011             934           8,659             38.7             92.4                 9.3
            March 2012             882           8,882             36.6             94.4                10.1
            March 2013             820           8,538             34.0             93.0                10.4
            March 2014             764           8,340             31.7             93.2                10.9
            March 2015             717           8,291             29.7             93.8                11.6
            March 2016             697           8,365             28.9             97.2                12.0
            March 2017             660           8,020             27.4             94.7                12.2
            March 2018             623           8,013             25.8             94.4                12.9
            March 2019             601           7,968             24.9             96.5                13.3
            March 2020             572           7,522             23.7             95.2                13.2
            March 2021             531           6,906             22.0             92.8                13.0
            March 2022             527           7,229             21.8             99.2                13.7
            March 2023             503           7,101             20.9             95.4                14.1
            March 2024             477           7,120             19.8             94.8                14.9
 
Annual openings
Year ended: March 2005

            March 2005           2,522          10,135            100.0               _                  4.0
            March 2006           1,866           9,719             74.0             74.0                 5.2
            March 2007           1,666           9,524             66.1             89.3                 5.7
            March 2008           1,402           8,776             55.6             84.2                 6.3
            March 2009           1,221           7,473             48.4             87.1                 6.1
            March 2010           1,091           7,257             43.3             89.4                 6.7
            March 2011             998           6,787             39.6             91.5                 6.8
            March 2012             946           6,539             37.5             94.8                 6.9
            March 2013             872           6,558             34.6             92.2                 7.5
            March 2014             817           6,542             32.4             93.7                 8.0
            March 2015             771           6,551             30.6             94.4                 8.5
            March 2016             754           6,623             29.9             97.8                 8.8
            March 2017             711           6,606             28.2             94.3                 9.3
            March 2018             669           6,459             26.5             94.1                 9.7
            March 2019             635           6,561             25.2             94.9                10.3
            March 2020             596           6,326             23.6             93.9                10.6
            March 2021             571           5,858             22.6             95.8                10.3
            March 2022             542           6,206             21.5             94.9                11.5
            March 2023             511           6,531             20.3             94.3                12.8
            March 2024             481           6,405             19.1             94.1                13.3
 
Annual openings
Year ended: March 2006

            March 2006           2,292           8,914            100.0               _                  3.9
            March 2007           1,837           8,465             80.1             80.1                 4.6
            March 2008           1,542           7,976             67.3             83.9                 5.2
            March 2009           1,270           7,535             55.4             82.4                 5.9
            March 2010           1,120           7,298             48.9             88.2                 6.5
            March 2011           1,031           7,311             45.0             92.1                 7.1
            March 2012             958           7,189             41.8             92.9                 7.5
            March 2013             907           7,135             39.6             94.7                 7.9
            March 2014             833           6,949             36.3             91.8                 8.3
            March 2015             785           7,185             34.2             94.2                 9.2
            March 2016             752           7,242             32.8             95.8                 9.6
            March 2017             732           7,052             31.9             97.3                 9.6
            March 2018             669           6,888             29.2             91.4                10.3
            March 2019             632           6,587             27.6             94.5                10.4
            March 2020             596           6,495             26.0             94.3                10.9
            March 2021             569           5,860             24.8             95.5                10.3
            March 2022             539           5,982             23.5             94.7                11.1
            March 2023             507           5,678             22.1             94.1                11.2
            March 2024             487           5,541             21.2             96.1                11.4
 
Annual openings
Year ended: March 2007

            March 2007           2,516          10,585            100.0               _                  4.2
            March 2008           1,870           9,643             74.3             74.3                 5.2
            March 2009           1,534           8,862             61.0             82.0                 5.8
            March 2010           1,358           8,770             54.0             88.5                 6.5
            March 2011           1,247           8,451             49.6             91.8                 6.8
            March 2012           1,147           8,395             45.6             92.0                 7.3
            March 2013           1,062           8,078             42.2             92.6                 7.6
            March 2014             967           7,744             38.4             91.1                 8.0
            March 2015             902           7,591             35.9             93.3                 8.4
            March 2016             853           7,588             33.9             94.6                 8.9
            March 2017             815           7,292             32.4             95.5                 8.9
            March 2018             748           7,008             29.7             91.8                 9.4
            March 2019             709           6,638             28.2             94.8                 9.4
            March 2020             658           6,356             26.2             92.8                 9.7
            March 2021             604           5,691             24.0             91.8                 9.4
            March 2022             575           5,978             22.9             95.2                10.4
            March 2023             551           5,952             21.9             95.8                10.8
            March 2024             519           5,962             20.6             94.2                11.5
 
Annual openings
Year ended: March 2008

            March 2008           2,245           7,829            100.0               _                  3.5
            March 2009           1,631           6,802             72.7             72.7                 4.2
            March 2010           1,341           6,811             59.7             82.2                 5.1
            March 2011           1,209           6,538             53.9             90.2                 5.4
            March 2012           1,106           6,331             49.3             91.5                 5.7
            March 2013             999           6,426             44.5             90.3                 6.4
            March 2014             932           6,373             41.5             93.3                 6.8
            March 2015             854           6,401             38.0             91.6                 7.5
            March 2016             788           6,312             35.1             92.3                 8.0
            March 2017             726           6,251             32.3             92.1                 8.6
            March 2018             659           6,144             29.4             90.8                 9.3
            March 2019             641           6,072             28.6             97.3                 9.5
            March 2020             605           5,930             26.9             94.4                 9.8
            March 2021             564           5,460             25.1             93.2                 9.7
            March 2022             526           5,300             23.4             93.3                10.1
            March 2023             504           5,288             22.4             95.8                10.5
            March 2024             483           5,100             21.5             95.8                10.6
 
Annual openings
Year ended: March 2009

            March 2009           2,014           8,326            100.0               _                  4.1
            March 2010           1,543           7,510             76.6             76.6                 4.9
            March 2011           1,272           6,933             63.2             82.4                 5.5
            March 2012           1,129           6,873             56.1             88.8                 6.1
            March 2013           1,040           7,017             51.6             92.1                 6.7
            March 2014             941           6,902             46.7             90.5                 7.3
            March 2015             879           7,119             43.6             93.4                 8.1
            March 2016             823           7,109             40.9             93.6                 8.6
            March 2017             795           7,159             39.5             96.6                 9.0
            March 2018             724           6,966             35.9             91.1                 9.6
            March 2019             693           6,993             34.4             95.7                10.1
            March 2020             646           6,501             32.1             93.2                10.1
            March 2021             613           6,082             30.4             94.9                 9.9
            March 2022             570           6,250             28.3             93.0                11.0
            March 2023             528           6,165             26.2             92.6                11.7
            March 2024             500           5,998             24.8             94.7                12.0
 
Annual openings
Year ended: March 2010

            March 2010           1,954           8,010            100.0               _                  4.1
            March 2011           1,509           8,017             77.2             77.2                 5.3
            March 2012           1,282           7,980             65.6             85.0                 6.2
            March 2013           1,169           8,255             59.8             91.2                 7.1
            March 2014           1,044           7,940             53.4             89.3                 7.6
            March 2015             956           8,282             48.9             91.6                 8.7
            March 2016             884           8,474             45.2             92.5                 9.6
            March 2017             825           8,430             42.2             93.3                10.2
            March 2018             762           8,335             39.0             92.4                10.9
            March 2019             726           8,473             37.2             95.3                11.7
            March 2020             675           8,258             34.5             93.0                12.2
            March 2021             638           7,748             32.7             94.5                12.1
            March 2022             607           7,952             31.1             95.1                13.1
            March 2023             571           7,643             29.2             94.1                13.4
            March 2024             551           7,425             28.2             96.5                13.5
 
Annual openings
Year ended: March 2011

            March 2011           2,046           7,297            100.0               _                  3.6
            March 2012           1,603           7,107             78.3             78.3                 4.4
            March 2013           1,377           6,877             67.3             85.9                 5.0
            March 2014           1,231           7,010             60.2             89.4                 5.7
            March 2015           1,109           6,728             54.2             90.1                 6.1
            March 2016           1,021           7,061             49.9             92.1                 6.9
            March 2017             932           7,051             45.6             91.3                 7.6
            March 2018             834           6,830             40.8             89.5                 8.2
            March 2019             808           6,847             39.5             96.9                 8.5
            March 2020             757           6,458             37.0             93.7                 8.5
            March 2021             706           5,701             34.5             93.3                 8.1
            March 2022             655           5,750             32.0             92.8                 8.8
            March 2023             612           5,783             29.9             93.4                 9.4
            March 2024             579           5,623             28.3             94.6                 9.7
 
Annual openings
Year ended: March 2012

            March 2012           2,264           8,009            100.0               _                  3.5
            March 2013           1,751           7,428             77.3             77.3                 4.2
            March 2014           1,478           7,151             65.3             84.4                 4.8
            March 2015           1,313           6,895             58.0             88.8                 5.3
            March 2016           1,189           6,769             52.5             90.6                 5.7
            March 2017           1,082           6,722             47.8             91.0                 6.2
            March 2018           1,010           6,654             44.6             93.3                 6.6
            March 2019             945           6,206             41.7             93.6                 6.6
            March 2020             871           6,099             38.5             92.2                 7.0
            March 2021             807           5,634             35.6             92.7                 7.0
            March 2022             753           5,676             33.3             93.3                 7.5
            March 2023             717           5,532             31.7             95.2                 7.7
            March 2024             680           5,487             30.0             94.8                 8.1
 
Annual openings
Year ended: March 2013

            March 2013           2,225           7,628            100.0               _                  3.4
            March 2014           1,705           7,570             76.6             76.6                 4.4
            March 2015           1,488           7,646             66.9             87.3                 5.1
            March 2016           1,302           7,393             58.5             87.5                 5.7
            March 2017           1,168           7,327             52.5             89.7                 6.3
            March 2018           1,050           7,209             47.2             89.9                 6.9
            March 2019             966           7,053             43.4             92.0                 7.3
            March 2020             884           6,614             39.7             91.5                 7.5
            March 2021             822           5,930             36.9             93.0                 7.2
            March 2022             777           6,028             34.9             94.5                 7.8
            March 2023             737           6,041             33.1             94.9                 8.2
            March 2024             681           6,145             30.6             92.4                 9.0
 
Annual openings
Year ended: March 2014

            March 2014           2,210           7,688            100.0               _                  3.5
            March 2015           1,729           7,201             78.2             78.2                 4.2
            March 2016           1,451           7,198             65.7             83.9                 5.0
            March 2017           1,298           6,829             58.7             89.5                 5.3
            March 2018           1,143           6,597             51.7             88.1                 5.8
            March 2019           1,050           6,484             47.5             91.9                 6.2
            March 2020             984           6,356             44.5             93.7                 6.5
            March 2021             920           5,842             41.6             93.5                 6.4
            March 2022             862           6,153             39.0             93.7                 7.1
            March 2023             794           5,761             35.9             92.1                 7.3
            March 2024             738           5,617             33.4             92.9                 7.6
 
Annual openings
Year ended: March 2015

            March 2015           2,304           7,057            100.0               _                  3.1
            March 2016           1,760           7,398             76.4             76.4                 4.2
            March 2017           1,529           7,196             66.4             86.9                 4.7
            March 2018           1,318           7,263             57.2             86.2                 5.5
            March 2019           1,206           6,935             52.3             91.5                 5.8
            March 2020           1,083           6,585             47.0             89.8                 6.1
            March 2021             990           6,211             43.0             91.4                 6.3
            March 2022             929           6,473             40.3             93.8                 7.0
            March 2023             863           6,332             37.5             92.9                 7.3
            March 2024             825           6,272             35.8             95.6                 7.6
 
Annual openings
Year ended: March 2016

            March 2016           2,615           7,886            100.0               _                  3.0
            March 2017           2,015           7,833             77.1             77.1                 3.9
            March 2018           1,700           7,959             65.0             84.4                 4.7
            March 2019           1,561           7,633             59.7             91.8                 4.9
            March 2020           1,364           7,374             52.2             87.4                 5.4
            March 2021           1,247           6,782             47.7             91.4                 5.4
            March 2022           1,123           6,856             42.9             90.1                 6.1
            March 2023           1,044           6,803             39.9             93.0                 6.5
            March 2024             964           6,390             36.9             92.3                 6.6
 
Annual openings
Year ended: March 2017

            March 2017           2,494           7,915            100.0               _                  3.2
            March 2018           1,853           7,361             74.3             74.3                 4.0
            March 2019           1,607           7,292             64.4             86.7                 4.5
            March 2020           1,381           7,187             55.4             85.9                 5.2
            March 2021           1,269           6,967             50.9             91.9                 5.5
            March 2022           1,149           6,983             46.1             90.5                 6.1
            March 2023           1,061           6,976             42.5             92.3                 6.6
            March 2024             989           6,930             39.7             93.2                 7.0
 
Annual openings
Year ended: March 2018

            March 2018           2,610          10,044            100.0               _                  3.8
            March 2019           2,074           9,844             79.5             79.5                 4.7
            March 2020           1,748           9,582             67.0             84.3                 5.5
            March 2021           1,544           9,408             59.2             88.3                 6.1
            March 2022           1,421           9,948             54.4             92.0                 7.0
            March 2023           1,300          10,221             49.8             91.5                 7.9
            March 2024           1,198           9,548             45.9             92.2                 8.0
 
Annual openings
Year ended: March 2019

            March 2019           2,870           8,534            100.0               _                  3.0
            March 2020           2,177           9,095             75.9             75.9                 4.2
            March 2021           1,917           8,246             66.8             88.1                 4.3
            March 2022           1,689           8,566             58.9             88.1                 5.1
            March 2023           1,537           8,235             53.6             91.0                 5.4
            March 2024           1,384           7,927             48.2             90.0                 5.7
 
Annual openings
Year ended: March 2020

            March 2020           2,939           8,301            100.0               _                  2.8
            March 2021           2,261           7,900             76.9             76.9                 3.5
            March 2022           1,915           8,836             65.2             84.7                 4.6
            March 2023           1,727           9,066             58.8             90.2                 5.2
            March 2024           1,554           8,652             52.9             90.0                 5.6
 
Annual openings
Year ended: March 2021

            March 2021           3,617           8,843            100.0               _                  2.4
            March 2022           2,546           8,776             70.4             70.4                 3.4
            March 2023           2,145           8,583             59.3             84.2                 4.0
            March 2024           1,878           8,249             51.9             87.6                 4.4
 
Annual openings
Year ended: March 2022

            March 2022           4,867          12,364            100.0               _                  2.5
            March 2023           3,633          11,955             74.6             74.6                 3.3
            March 2024           3,017          11,999             62.0             83.0                 4.0
 
Annual openings
Year ended: March 2023

            March 2023           4,851          11,194            100.0               _                  2.3
            March 2024           3,688          10,717             76.0             76.0                 2.9
 
Annual openings
Year ended: March 2024

            March 2024           3,939           9,214            100.0               _                  2.3
 
NOTE: A '_' indicates that the data are not available and a 'N' indicates that the data do not meet BLS disclosure standards.
