Table 7. Survival of private sector establishments by opening year

Total Private

South Carolina

                          Surviving       Total Employment   Survival Rates   Survival Rates of   Average Employment
                          Establishments  of Survivors       Since Birth      Previous Year's     of Survivors
                                                                              Survivors

Annual openings
Year ended: March 1994

            March 1994           7,420          52,914            100.0               _                  7.1
            March 1995           5,880          52,838             79.2             79.2                 9.0
            March 1996           5,093          53,471             68.6             86.6                10.5
            March 1997           4,585          52,980             61.8             90.0                11.6
            March 1998           4,277          51,063             57.6             93.3                11.9
            March 1999           3,905          51,903             52.6             91.3                13.3
            March 2000           3,664          51,809             49.4             93.8                14.1
            March 2001           3,223          48,510             43.4             88.0                15.1
            March 2002           3,026          45,014             40.8             93.9                14.9
            March 2003           2,906          43,872             39.2             96.0                15.1
            March 2004           2,736          42,903             36.9             94.2                15.7
            March 2005           2,607          38,887             35.1             95.3                14.9
            March 2006           2,475          38,548             33.4             94.9                15.6
            March 2007           2,391          38,637             32.2             96.6                16.2
            March 2008           2,243          37,111             30.2             93.8                16.5
            March 2009           2,093          33,658             28.2             93.3                16.1
            March 2010           1,980          32,458             26.7             94.6                16.4
            March 2011           1,874          32,321             25.3             94.6                17.2
            March 2012           1,823          31,290             24.6             97.3                17.2
            March 2013           1,750          31,575             23.6             96.0                18.0
            March 2014           1,693          31,144             22.8             96.7                18.4
            March 2015           1,622          30,350             21.9             95.8                18.7
            March 2016           1,569          30,237             21.1             96.7                19.3
            March 2017           1,495          29,998             20.1             95.3                20.1
            March 2018           1,444          29,852             19.5             96.6                20.7
            March 2019           1,375          29,386             18.5             95.2                21.4
            March 2020           1,312          28,282             17.7             95.4                21.6
            March 2021           1,242          27,614             16.7             94.7                22.2
            March 2022           1,194          28,276             16.1             96.1                23.7
            March 2023           1,132          26,426             15.3             94.8                23.3
            March 2024           1,072          24,940             14.4             94.7                23.3
 
Annual openings
Year ended: March 1995

            March 1995           7,949          53,923            100.0               _                  6.8
            March 1996           6,278          54,741             79.0             79.0                 8.7
            March 1997           5,446          56,120             68.5             86.7                10.3
            March 1998           5,066          54,991             63.7             93.0                10.9
            March 1999           4,618          55,352             58.1             91.2                12.0
            March 2000           4,222          53,216             53.1             91.4                12.6
            March 2001           3,697          47,762             46.5             87.6                12.9
            March 2002           3,454          43,779             43.5             93.4                12.7
            March 2003           3,259          43,194             41.0             94.4                13.3
            March 2004           3,009          41,827             37.9             92.3                13.9
            March 2005           2,838          40,300             35.7             94.3                14.2
            March 2006           2,640          39,601             33.2             93.0                15.0
            March 2007           2,525          39,204             31.8             95.6                15.5
            March 2008           2,368          38,537             29.8             93.8                16.3
            March 2009           2,175          35,182             27.4             91.8                16.2
            March 2010           2,067          34,630             26.0             95.0                16.8
            March 2011           1,957          34,213             24.6             94.7                17.5
            March 2012           1,884          34,258             23.7             96.3                18.2
            March 2013           1,819          32,723             22.9             96.5                18.0
            March 2014           1,740          33,000             21.9             95.7                19.0
            March 2015           1,667          33,547             21.0             95.8                20.1
            March 2016           1,598          33,286             20.1             95.9                20.8
            March 2017           1,518          32,272             19.1             95.0                21.3
            March 2018           1,467          32,805             18.5             96.6                22.4
            March 2019           1,394          32,191             17.5             95.0                23.1
            March 2020           1,320          31,818             16.6             94.7                24.1
            March 2021           1,246          29,554             15.7             94.4                23.7
            March 2022           1,205          29,248             15.2             96.7                24.3
            March 2023           1,124          30,110             14.1             93.3                26.8
            March 2024           1,095          28,693             13.8             97.4                26.2
 
Annual openings
Year ended: March 1996

            March 1996           8,447          64,730            100.0               _                  7.7
            March 1997           6,690          65,924             79.2             79.2                 9.9
            March 1998           6,073          64,456             71.9             90.8                10.6
            March 1999           5,438          62,485             64.4             89.5                11.5
            March 2000           4,905          61,244             58.1             90.2                12.5
            March 2001           4,203          57,063             49.8             85.7                13.6
            March 2002           3,948          54,158             46.7             93.9                13.7
            March 2003           3,724          54,431             44.1             94.3                14.6
            March 2004           3,444          53,581             40.8             92.5                15.6
            March 2005           3,253          51,629             38.5             94.5                15.9
            March 2006           3,010          51,753             35.6             92.5                17.2
            March 2007           2,903          51,808             34.4             96.4                17.8
            March 2008           2,680          51,717             31.7             92.3                19.3
            March 2009           2,441          46,203             28.9             91.1                18.9
            March 2010           2,352          45,462             27.8             96.4                19.3
            March 2011           2,198          42,862             26.0             93.5                19.5
            March 2012           2,139          43,528             25.3             97.3                20.3
            March 2013           2,057          43,862             24.4             96.2                21.3
            March 2014           1,983          43,220             23.5             96.4                21.8
            March 2015           1,914          43,291             22.7             96.5                22.6
            March 2016           1,822          42,670             21.6             95.2                23.4
            March 2017           1,748          41,686             20.7             95.9                23.8
            March 2018           1,693          41,320             20.0             96.9                24.4
            March 2019           1,592          41,126             18.8             94.0                25.8
            March 2020           1,534          39,529             18.2             96.4                25.8
            March 2021           1,461          37,061             17.3             95.2                25.4
            March 2022           1,388          36,626             16.4             95.0                26.4
            March 2023           1,315          35,791             15.6             94.7                27.2
            March 2024           1,274          34,081             15.1             96.9                26.8
 
Annual openings
Year ended: March 1997

            March 1997           8,814          63,775            100.0               _                  7.2
            March 1998           7,176          65,759             81.4             81.4                 9.2
            March 1999           6,282          64,689             71.3             87.5                10.3
            March 2000           5,626          65,981             63.8             89.6                11.7
            March 2001           4,814          59,616             54.6             85.6                12.4
            March 2002           4,420          55,070             50.1             91.8                12.5
            March 2003           4,152          50,433             47.1             93.9                12.1
            March 2004           3,863          49,447             43.8             93.0                12.8
            March 2005           3,630          48,601             41.2             94.0                13.4
            March 2006           3,411          47,012             38.7             94.0                13.8
            March 2007           3,281          46,692             37.2             96.2                14.2
            March 2008           3,039          44,976             34.5             92.6                14.8
            March 2009           2,778          39,586             31.5             91.4                14.2
            March 2010           2,567          36,772             29.1             92.4                14.3
            March 2011           2,428          37,218             27.5             94.6                15.3
            March 2012           2,334          37,214             26.5             96.1                15.9
            March 2013           2,182          36,362             24.8             93.5                16.7
            March 2014           2,113          36,233             24.0             96.8                17.1
            March 2015           2,027          36,488             23.0             95.9                18.0
            March 2016           1,941          36,265             22.0             95.8                18.7
            March 2017           1,842          35,720             20.9             94.9                19.4
            March 2018           1,789          35,488             20.3             97.1                19.8
            March 2019           1,688          35,085             19.2             94.4                20.8
            March 2020           1,615          33,362             18.3             95.7                20.7
            March 2021           1,550          30,934             17.6             96.0                20.0
            March 2022           1,490          30,799             16.9             96.1                20.7
            March 2023           1,420          31,020             16.1             95.3                21.8
            March 2024           1,378          29,888             15.6             97.0                21.7
 
Annual openings
Year ended: March 1998

            March 1998           6,903          56,579            100.0               _                  8.2
            March 1999           5,726          57,416             82.9             82.9                10.0
            March 2000           5,015          57,662             72.6             87.6                11.5
            March 2001           4,158          53,168             60.2             82.9                12.8
            March 2002           3,804          47,429             55.1             91.5                12.5
            March 2003           3,496          43,982             50.6             91.9                12.6
            March 2004           3,212          43,218             46.5             91.9                13.5
            March 2005           2,973          42,717             43.1             92.6                14.4
            March 2006           2,776          42,482             40.2             93.4                15.3
            March 2007           2,661          41,603             38.5             95.9                15.6
            March 2008           2,438          38,184             35.3             91.6                15.7
            March 2009           2,170          33,984             31.4             89.0                15.7
            March 2010           2,038          31,758             29.5             93.9                15.6
            March 2011           1,941          32,469             28.1             95.2                16.7
            March 2012           1,899          31,683             27.5             97.8                16.7
            March 2013           1,797          30,954             26.0             94.6                17.2
            March 2014           1,733          31,153             25.1             96.4                18.0
            March 2015           1,662          31,084             24.1             95.9                18.7
            March 2016           1,589          31,307             23.0             95.6                19.7
            March 2017           1,531          31,373             22.2             96.3                20.5
            March 2018           1,488          30,966             21.6             97.2                20.8
            March 2019           1,422          29,830             20.6             95.6                21.0
            March 2020           1,335          28,629             19.3             93.9                21.4
            March 2021           1,279          27,842             18.5             95.8                21.8
            March 2022           1,257          28,495             18.2             98.3                22.7
            March 2023           1,216          28,280             17.6             96.7                23.3
            March 2024           1,153          27,728             16.7             94.8                24.0
 
Annual openings
Year ended: March 1999

            March 1999          10,307          86,820            100.0               _                  8.4
            March 2000           8,687          85,127             84.3             84.3                 9.8
            March 2001           7,096          79,761             68.8             81.7                11.2
            March 2002           6,377          77,360             61.9             89.9                12.1
            March 2003           5,942          72,899             57.7             93.2                12.3
            March 2004           5,490          70,401             53.3             92.4                12.8
            March 2005           5,170          67,892             50.2             94.2                13.1
            March 2006           4,811          66,705             46.7             93.1                13.9
            March 2007           4,544          66,999             44.1             94.5                14.7
            March 2008           4,233          65,353             41.1             93.2                15.4
            March 2009           3,856          58,044             37.4             91.1                15.1
            March 2010           3,642          55,792             35.3             94.5                15.3
            March 2011           3,382          57,940             32.8             92.9                17.1
            March 2012           3,243          58,412             31.5             95.9                18.0
            March 2013           2,958          57,389             28.7             91.2                19.4
            March 2014           2,915          59,168             28.3             98.5                20.3
            March 2015           2,800          60,713             27.2             96.1                21.7
            March 2016           2,670          60,378             25.9             95.4                22.6
            March 2017           2,546          59,908             24.7             95.4                23.5
            March 2018           2,455          58,600             23.8             96.4                23.9
            March 2019           2,286          57,864             22.2             93.1                25.3
            March 2020           2,161          55,812             21.0             94.5                25.8
            March 2021           2,098          51,943             20.4             97.1                24.8
            March 2022           2,001          52,166             19.4             95.4                26.1
            March 2023           1,868          53,370             18.1             93.4                28.6
            March 2024           1,868          53,593             18.1            100.0                28.7
 
Annual openings
Year ended: March 2000

            March 2000           7,641          58,386            100.0               _                  7.6
            March 2001           6,398          57,523             83.7             83.7                 9.0
            March 2002           5,564          56,426             72.8             87.0                10.1
            March 2003           5,048          54,501             66.1             90.7                10.8
            March 2004           4,749          53,074             62.2             94.1                11.2
            March 2005           4,425          54,268             57.9             93.2                12.3
            March 2006           4,103          55,225             53.7             92.7                13.5
            March 2007           3,862          56,449             50.5             94.1                14.6
            March 2008           3,596          54,320             47.1             93.1                15.1
            March 2009           3,219          47,416             42.1             89.5                14.7
            March 2010           2,984          47,422             39.1             92.7                15.9
            March 2011           2,804          49,323             36.7             94.0                17.6
            March 2012           2,700          50,033             35.3             96.3                18.5
            March 2013           2,609          49,082             34.1             96.6                18.8
            March 2014           2,489          50,583             32.6             95.4                20.3
            March 2015           2,380          51,506             31.1             95.6                21.6
            March 2016           2,286          51,661             29.9             96.1                22.6
            March 2017           2,213          51,252             29.0             96.8                23.2
            March 2018           2,157          48,785             28.2             97.5                22.6
            March 2019           2,037          48,353             26.7             94.4                23.7
            March 2020           1,943          47,111             25.4             95.4                24.2
            March 2021           1,854          48,744             24.3             95.4                26.3
            March 2022           1,787          47,672             23.4             96.4                26.7
            March 2023           1,701          46,277             22.3             95.2                27.2
            March 2024           1,600          46,347             20.9             94.1                29.0
 
Annual openings
Year ended: March 2001

            March 2001           8,903          57,525            100.0               _                  6.5
            March 2002           6,986          54,300             78.5             78.5                 7.8
            March 2003           6,147          53,767             69.0             88.0                 8.7
            March 2004           5,300          52,421             59.5             86.2                 9.9
            March 2005           4,887          52,772             54.9             92.2                10.8
            March 2006           4,428          51,179             49.7             90.6                11.6
            March 2007           4,151          51,776             46.6             93.7                12.5
            March 2008           3,765          50,339             42.3             90.7                13.4
            March 2009           3,403          45,399             38.2             90.4                13.3
            March 2010           3,111          41,750             34.9             91.4                13.4
            March 2011           2,879          41,411             32.3             92.5                14.4
            March 2012           2,767          41,592             31.1             96.1                15.0
            March 2013           2,614          41,335             29.4             94.5                15.8
            March 2014           2,474          40,129             27.8             94.6                16.2
            March 2015           2,378          40,346             26.7             96.1                17.0
            March 2016           2,266          40,612             25.5             95.3                17.9
            March 2017           2,157          40,522             24.2             95.2                18.8
            March 2018           2,060          40,027             23.1             95.5                19.4
            March 2019           1,911          40,337             21.5             92.8                21.1
            March 2020           1,885          39,719             21.2             98.6                21.1
            March 2021           1,797          37,490             20.2             95.3                20.9
            March 2022           1,709          37,533             19.2             95.1                22.0
            March 2023           1,617          37,905             18.2             94.6                23.4
            March 2024           1,598          37,060             17.9             98.8                23.2
 
Annual openings
Year ended: March 2002

            March 2002           8,369          53,170            100.0               _                  6.4
            March 2003           6,862          53,682             82.0             82.0                 7.8
            March 2004           5,640          52,322             67.4             82.2                 9.3
            March 2005           5,146          53,125             61.5             91.2                10.3
            March 2006           4,637          52,372             55.4             90.1                11.3
            March 2007           4,335          53,894             51.8             93.5                12.4
            March 2008           3,852          50,942             46.0             88.9                13.2
            March 2009           3,405          45,122             40.7             88.4                13.3
            March 2010           3,162          42,303             37.8             92.9                13.4
            March 2011           2,919          41,732             34.9             92.3                14.3
            March 2012           2,792          41,594             33.4             95.6                14.9
            March 2013           2,635          41,076             31.5             94.4                15.6
            March 2014           2,516          41,047             30.1             95.5                16.3
            March 2015           2,406          41,256             28.7             95.6                17.1
            March 2016           2,326          40,947             27.8             96.7                17.6
            March 2017           2,244          39,839             26.8             96.5                17.8
            March 2018           2,176          39,549             26.0             97.0                18.2
            March 2019           2,015          38,362             24.1             92.6                19.0
            March 2020           1,872          37,274             22.4             92.9                19.9
            March 2021           1,785          35,011             21.3             95.4                19.6
            March 2022           1,733          35,238             20.7             97.1                20.3
            March 2023           1,711          36,134             20.4             98.7                21.1
            March 2024           1,638          35,617             19.6             95.7                21.7
 
Annual openings
Year ended: March 2003

            March 2003           8,801          62,611            100.0               _                  7.1
            March 2004           6,937          62,802             78.8             78.8                 9.1
            March 2005           6,078          61,993             69.1             87.6                10.2
            March 2006           5,371          63,588             61.0             88.4                11.8
            March 2007           4,915          64,874             55.8             91.5                13.2
            March 2008           4,396          62,513             49.9             89.4                14.2
            March 2009           3,906          54,724             44.4             88.9                14.0
            March 2010           3,542          51,069             40.2             90.7                14.4
            March 2011           3,231          51,765             36.7             91.2                16.0
            March 2012           3,067          51,485             34.8             94.9                16.8
            March 2013           2,912          51,690             33.1             94.9                17.8
            March 2014           2,803          52,148             31.8             96.3                18.6
            March 2015           2,694          52,207             30.6             96.1                19.4
            March 2016           2,587          52,431             29.4             96.0                20.3
            March 2017           2,465          53,786             28.0             95.3                21.8
            March 2018           2,367          53,417             26.9             96.0                22.6
            March 2019           2,187          51,816             24.8             92.4                23.7
            March 2020           2,077          50,970             23.6             95.0                24.5
            March 2021           1,981          48,211             22.5             95.4                24.3
            March 2022           1,937          46,958             22.0             97.8                24.2
            March 2023           1,863          46,411             21.2             96.2                24.9
            March 2024           1,762          44,227             20.0             94.6                25.1
 
Annual openings
Year ended: March 2004

            March 2004           8,344          46,753            100.0               _                  5.6
            March 2005           6,812          46,793             81.6             81.6                 6.9
            March 2006           5,740          45,006             68.8             84.3                 7.8
            March 2007           5,148          45,447             61.7             89.7                 8.8
            March 2008           4,534          43,732             54.3             88.1                 9.6
            March 2009           3,965          39,044             47.5             87.5                 9.8
            March 2010           3,582          35,948             42.9             90.3                10.0
            March 2011           3,258          34,996             39.0             91.0                10.7
            March 2012           3,055          35,102             36.6             93.8                11.5
            March 2013           2,896          35,152             34.7             94.8                12.1
            March 2014           2,731          35,218             32.7             94.3                12.9
            March 2015           2,589          35,886             31.0             94.8                13.9
            March 2016           2,461          36,903             29.5             95.1                15.0
            March 2017           2,330          36,838             27.9             94.7                15.8
            March 2018           2,251          36,480             27.0             96.6                16.2
            March 2019           2,128          36,741             25.5             94.5                17.3
            March 2020           2,004          35,968             24.0             94.2                17.9
            March 2021           1,904          34,248             22.8             95.0                18.0
            March 2022           1,805          35,359             21.6             94.8                19.6
            March 2023           1,730          34,224             20.7             95.8                19.8
            March 2024           1,695          34,118             20.3             98.0                20.1
 
Annual openings
Year ended: March 2005

            March 2005           9,184          49,617            100.0               _                  5.4
            March 2006           7,224          49,534             78.7             78.7                 6.9
            March 2007           6,317          50,522             68.8             87.4                 8.0
            March 2008           5,469          48,048             59.5             86.6                 8.8
            March 2009           4,634          42,900             50.5             84.7                 9.3
            March 2010           4,151          41,303             45.2             89.6                10.0
            March 2011           3,785          40,178             41.2             91.2                10.6
            March 2012           3,521          39,461             38.3             93.0                11.2
            March 2013           3,281          39,419             35.7             93.2                12.0
            March 2014           3,180          39,741             34.6             96.9                12.5
            March 2015           3,038          39,826             33.1             95.5                13.1
            March 2016           2,903          40,574             31.6             95.6                14.0
            March 2017           2,759          40,843             30.0             95.0                14.8
            March 2018           2,642          39,264             28.8             95.8                14.9
            March 2019           2,493          39,165             27.1             94.4                15.7
            March 2020           2,345          37,017             25.5             94.1                15.8
            March 2021           2,209          35,023             24.1             94.2                15.9
            March 2022           2,121          35,300             23.1             96.0                16.6
            March 2023           2,012          35,338             21.9             94.9                17.6
            March 2024           1,919          34,405             20.9             95.4                17.9
 
Annual openings
Year ended: March 2006

            March 2006           8,286          44,301            100.0               _                  5.3
            March 2007           6,781          44,286             81.8             81.8                 6.5
            March 2008           5,617          42,376             67.8             82.8                 7.5
            March 2009           4,586          36,415             55.3             81.6                 7.9
            March 2010           3,991          34,583             48.2             87.0                 8.7
            March 2011           3,611          32,981             43.6             90.5                 9.1
            March 2012           3,352          33,364             40.5             92.8                10.0
            March 2013           3,097          32,640             37.4             92.4                10.5
            March 2014           2,955          32,782             35.7             95.4                11.1
            March 2015           2,765          32,892             33.4             93.6                11.9
            March 2016           2,612          31,304             31.5             94.5                12.0
            March 2017           2,480          31,726             29.9             94.9                12.8
            March 2018           2,389          32,118             28.8             96.3                13.4
            March 2019           2,258          31,985             27.3             94.5                14.2
            March 2020           2,116          30,712             25.5             93.7                14.5
            March 2021           2,007          28,463             24.2             94.8                14.2
            March 2022           1,913          28,208             23.1             95.3                14.7
            March 2023           1,813          28,631             21.9             94.8                15.8
            March 2024           1,697          27,954             20.5             93.6                16.5
 
Annual openings
Year ended: March 2007

            March 2007          11,249          60,377            100.0               _                  5.4
            March 2008           8,583          57,024             76.3             76.3                 6.6
            March 2009           6,785          49,034             60.3             79.1                 7.2
            March 2010           5,764          45,948             51.2             85.0                 8.0
            March 2011           5,098          45,095             45.3             88.4                 8.8
            March 2012           4,629          44,719             41.2             90.8                 9.7
            March 2013           4,272          43,971             38.0             92.3                10.3
            March 2014           4,014          44,761             35.7             94.0                11.2
            March 2015           3,767          44,753             33.5             93.8                11.9
            March 2016           3,534          44,606             31.4             93.8                12.6
            March 2017           3,322          44,655             29.5             94.0                13.4
            March 2018           3,173          43,735             28.2             95.5                13.8
            March 2019           2,940          42,867             26.1             92.7                14.6
            March 2020           2,715          41,104             24.1             92.3                15.1
            March 2021           2,556          41,757             22.7             94.1                16.3
            March 2022           2,447          42,730             21.8             95.7                17.5
            March 2023           2,322          40,771             20.6             94.9                17.6
            March 2024           2,212          39,816             19.7             95.3                18.0
 
Annual openings
Year ended: March 2008

            March 2008           9,092          44,308            100.0               _                  4.9
            March 2009           6,563          38,159             72.2             72.2                 5.8
            March 2010           5,405          35,374             59.4             82.4                 6.5
            March 2011           4,734          34,594             52.1             87.6                 7.3
            March 2012           4,292          34,332             47.2             90.7                 8.0
            March 2013           3,901          33,835             42.9             90.9                 8.7
            March 2014           3,650          35,183             40.1             93.6                 9.6
            March 2015           3,366          34,863             37.0             92.2                10.4
            March 2016           3,185          35,143             35.0             94.6                11.0
            March 2017           2,974          34,526             32.7             93.4                11.6
            March 2018           2,811          34,297             30.9             94.5                12.2
            March 2019           2,619          34,573             28.8             93.2                13.2
            March 2020           2,407          33,399             26.5             91.9                13.9
            March 2021           2,302          31,915             25.3             95.6                13.9
            March 2022           2,192          33,002             24.1             95.2                15.1
            March 2023           2,094          32,625             23.0             95.5                15.6
            March 2024           1,987          32,487             21.9             94.9                16.3
 
Annual openings
Year ended: March 2009

            March 2009           7,856          37,515            100.0               _                  4.8
            March 2010           6,020          36,240             76.6             76.6                 6.0
            March 2011           5,010          37,241             63.8             83.2                 7.4
            March 2012           4,428          37,332             56.4             88.4                 8.4
            March 2013           3,964          35,886             50.5             89.5                 9.1
            March 2014           3,623          36,075             46.1             91.4                10.0
            March 2015           3,339          36,273             42.5             92.2                10.9
            March 2016           3,120          36,669             39.7             93.4                11.8
            March 2017           2,953          36,145             37.6             94.6                12.2
            March 2018           2,810          36,710             35.8             95.2                13.1
            March 2019           2,600          35,659             33.1             92.5                13.7
            March 2020           2,427          35,403             30.9             93.3                14.6
            March 2021           2,310          32,877             29.4             95.2                14.2
            March 2022           2,197          35,171             28.0             95.1                16.0
            March 2023           2,073          32,404             26.4             94.4                15.6
            March 2024           1,954          32,859             24.9             94.3                16.8
 
Annual openings
Year ended: March 2010

            March 2010           7,002          33,703            100.0               _                  4.8
            March 2011           5,481          34,375             78.3             78.3                 6.3
            March 2012           4,614          34,274             65.9             84.2                 7.4
            March 2013           4,078          34,511             58.2             88.4                 8.5
            March 2014           3,741          34,520             53.4             91.7                 9.2
            March 2015           3,449          35,579             49.3             92.2                10.3
            March 2016           3,155          36,187             45.1             91.5                11.5
            March 2017           2,909          36,089             41.5             92.2                12.4
            March 2018           2,733          34,809             39.0             93.9                12.7
            March 2019           2,523          35,776             36.0             92.3                14.2
            March 2020           2,410          35,197             34.4             95.5                14.6
            March 2021           2,244          31,832             32.0             93.1                14.2
            March 2022           2,126          32,381             30.4             94.7                15.2
            March 2023           2,008          31,524             28.7             94.4                15.7
            March 2024           1,884          30,848             26.9             93.8                16.4
 
Annual openings
Year ended: March 2011

            March 2011           7,760          36,296            100.0               _                  4.7
            March 2012           6,145          35,186             79.2             79.2                 5.7
            March 2013           5,229          34,999             67.4             85.1                 6.7
            March 2014           4,678          36,280             60.3             89.5                 7.8
            March 2015           4,254          36,484             54.8             90.9                 8.6
            March 2016           3,846          37,199             49.6             90.4                 9.7
            March 2017           3,538          37,602             45.6             92.0                10.6
            March 2018           3,316          37,602             42.7             93.7                11.3
            March 2019           3,027          37,198             39.0             91.3                12.3
            March 2020           2,806          35,522             36.2             92.7                12.7
            March 2021           2,665          30,779             34.3             95.0                11.5
            March 2022           2,494          31,226             32.1             93.6                12.5
            March 2023           2,345          31,796             30.2             94.0                13.6
            March 2024           2,224          31,464             28.7             94.8                14.1
 
Annual openings
Year ended: March 2012

            March 2012           8,327          37,668            100.0               _                  4.5
            March 2013           6,462          36,510             77.6             77.6                 5.6
            March 2014           5,563          38,982             66.8             86.1                 7.0
            March 2015           4,972          39,018             59.7             89.4                 7.8
            March 2016           4,471          39,132             53.7             89.9                 8.8
            March 2017           4,036          37,615             48.5             90.3                 9.3
            March 2018           3,715          37,490             44.6             92.0                10.1
            March 2019           3,394          35,615             40.8             91.4                10.5
            March 2020           3,132          35,225             37.6             92.3                11.2
            March 2021           2,926          35,325             35.1             93.4                12.1
            March 2022           2,779          36,024             33.4             95.0                13.0
            March 2023           2,628          36,318             31.6             94.6                13.8
            March 2024           2,459          35,999             29.5             93.6                14.6
 
Annual openings
Year ended: March 2013

            March 2013           7,925          35,719            100.0               _                  4.5
            March 2014           6,463          35,829             81.6             81.6                 5.5
            March 2015           5,506          36,579             69.5             85.2                 6.6
            March 2016           4,911          37,267             62.0             89.2                 7.6
            March 2017           4,374          37,972             55.2             89.1                 8.7
            March 2018           4,000          38,627             50.5             91.4                 9.7
            March 2019           3,614          38,426             45.6             90.4                10.6
            March 2020           3,266          37,189             41.2             90.4                11.4
            March 2021           3,074          36,957             38.8             94.1                12.0
            March 2022           2,881          37,798             36.4             93.7                13.1
            March 2023           2,742          37,434             34.6             95.2                13.7
            March 2024           2,578          36,205             32.5             94.0                14.0
 
Annual openings
Year ended: March 2014

            March 2014           8,852          41,816            100.0               _                  4.7
            March 2015           7,042          39,748             79.6             79.6                 5.6
            March 2016           6,020          40,663             68.0             85.5                 6.8
            March 2017           5,298          40,144             59.9             88.0                 7.6
            March 2018           4,774          41,423             53.9             90.1                 8.7
            March 2019           4,335          41,334             49.0             90.8                 9.5
            March 2020           3,892          38,977             44.0             89.8                10.0
            March 2021           3,636          38,839             41.1             93.4                10.7
            March 2022           3,398          39,337             38.4             93.5                11.6
            March 2023           3,199          39,222             36.1             94.1                12.3
            March 2024           2,968          38,467             33.5             92.8                13.0
 
Annual openings
Year ended: March 2015

            March 2015           8,844          39,337            100.0               _                  4.4
            March 2016           7,085          40,332             80.1             80.1                 5.7
            March 2017           6,043          41,685             68.3             85.3                 6.9
            March 2018           5,439          41,901             61.5             90.0                 7.7
            March 2019           4,830          41,830             54.6             88.8                 8.7
            March 2020           4,312          40,718             48.8             89.3                 9.4
            March 2021           4,060          39,355             45.9             94.2                 9.7
            March 2022           3,744          39,741             42.3             92.2                10.6
            March 2023           3,508          40,272             39.7             93.7                11.5
            March 2024           3,270          40,510             37.0             93.2                12.4
 
Annual openings
Year ended: March 2016

            March 2016           9,878          46,356            100.0               _                  4.7
            March 2017           7,923          50,487             80.2             80.2                 6.4
            March 2018           6,827          52,346             69.1             86.2                 7.7
            March 2019           6,016          52,580             60.9             88.1                 8.7
            March 2020           5,287          47,421             53.5             87.9                 9.0
            March 2021           4,947          45,087             50.1             93.6                 9.1
            March 2022           4,625          45,913             46.8             93.5                 9.9
            March 2023           4,324          46,963             43.8             93.5                10.9
            March 2024           3,998          46,180             40.5             92.5                11.6
 
Annual openings
Year ended: March 2017

            March 2017           9,692          44,707            100.0               _                  4.6
            March 2018           7,704          47,577             79.5             79.5                 6.2
            March 2019           6,533          47,327             67.4             84.8                 7.2
            March 2020           5,681          46,668             58.6             87.0                 8.2
            March 2021           5,280          45,136             54.5             92.9                 8.5
            March 2022           4,846          46,521             50.0             91.8                 9.6
            March 2023           4,430          44,127             45.7             91.4                10.0
            March 2024           4,072          43,275             42.0             91.9                10.6
 
Annual openings
Year ended: March 2018

            March 2018          10,849          49,473            100.0               _                  4.6
            March 2019           8,528          51,214             78.6             78.6                 6.0
            March 2020           7,125          48,416             65.7             83.5                 6.8
            March 2021           6,549          46,909             60.4             91.9                 7.2
            March 2022           5,985          49,911             55.2             91.4                 8.3
            March 2023           5,496          49,440             50.7             91.8                 9.0
            March 2024           5,032          47,924             46.4             91.6                 9.5
 
Annual openings
Year ended: March 2019

            March 2019          12,266          61,064            100.0               _                  5.0
            March 2020           9,485          59,729             77.3             77.3                 6.3
            March 2021           8,490          60,823             69.2             89.5                 7.2
            March 2022           7,610          61,772             62.0             89.6                 8.1
            March 2023           6,991          61,765             57.0             91.9                 8.8
            March 2024           6,374          58,993             52.0             91.2                 9.3
 
Annual openings
Year ended: March 2020

            March 2020          11,535          52,579            100.0               _                  4.6
            March 2021           9,510          51,406             82.4             82.4                 5.4
            March 2022           8,363          53,533             72.5             87.9                 6.4
            March 2023           7,570          53,306             65.6             90.5                 7.0
            March 2024           6,866          52,170             59.5             90.7                 7.6
 
Annual openings
Year ended: March 2021

            March 2021          11,987          41,833            100.0               _                  3.5
            March 2022           9,330          45,581             77.8             77.8                 4.9
            March 2023           8,105          46,479             67.6             86.9                 5.7
            March 2024           7,172          45,379             59.8             88.5                 6.3
 
Annual openings
Year ended: March 2022

            March 2022          18,180          64,680            100.0               _                  3.6
            March 2023          14,177          65,730             78.0             78.0                 4.6
            March 2024          12,108          64,168             66.6             85.4                 5.3
 
Annual openings
Year ended: March 2023

            March 2023          19,116          69,380            100.0               _                  3.6
            March 2024          14,659          68,002             76.7             76.7                 4.6
 
Annual openings
Year ended: March 2024

            March 2024          16,669          66,795            100.0               _                  4.0
 
NOTE: A '_' indicates that the data are not available and a 'N' indicates that the data do not meet BLS disclosure standards.
