Table 7. Survival of private sector establishments by opening year

Total Private

South Dakota

                          Surviving       Total Employment   Survival Rates   Survival Rates of   Average Employment
                          Establishments  of Survivors       Since Birth      Previous Year's     of Survivors
                                                                              Survivors

Annual openings
Year ended: March 1994

            March 1994           1,609           8,448            100.0               _                  5.3
            March 1995           1,321           8,848             82.1             82.1                 6.7
            March 1996           1,168           8,909             72.6             88.4                 7.6
            March 1997           1,041           8,641             64.7             89.1                 8.3
            March 1998             965           8,657             60.0             92.7                 9.0
            March 1999             910           8,606             56.6             94.3                 9.5
            March 2000             816           8,581             50.7             89.7                10.5
            March 2001             757           8,443             47.0             92.8                11.2
            March 2002             726           8,256             45.1             95.9                11.4
            March 2003             693           8,327             43.1             95.5                12.0
            March 2004             659           8,014             41.0             95.1                12.2
            March 2005             629           8,152             39.1             95.4                13.0
            March 2006             603           7,958             37.5             95.9                13.2
            March 2007             588           8,100             36.5             97.5                13.8
            March 2008             567           7,802             35.2             96.4                13.8
            March 2009             553           7,424             34.4             97.5                13.4
            March 2010             521           7,113             32.4             94.2                13.7
            March 2011             501           7,154             31.1             96.2                14.3
            March 2012             498           7,141             31.0             99.4                14.3
            March 2013             486           7,134             30.2             97.6                14.7
            March 2014             454           7,003             28.2             93.4                15.4
            March 2015             446           7,014             27.7             98.2                15.7
            March 2016             430           6,766             26.7             96.4                15.7
            March 2017             427           6,589             26.5             99.3                15.4
            March 2018             408           6,638             25.4             95.6                16.3
            March 2019             392           6,514             24.4             96.1                16.6
            March 2020             373           6,541             23.2             95.2                17.5
            March 2021             368           6,425             22.9             98.7                17.5
            March 2022             351           6,665             21.8             95.4                19.0
            March 2023             341           6,607             21.2             97.2                19.4
            March 2024             326           6,533             20.3             95.6                20.0
 
Annual openings
Year ended: March 1995

            March 1995           1,615           7,842            100.0               _                  4.9
            March 1996           1,262           7,870             78.1             78.1                 6.2
            March 1997           1,106           8,514             68.5             87.6                 7.7
            March 1998           1,001           8,348             62.0             90.5                 8.3
            March 1999             908           9,292             56.2             90.7                10.2
            March 2000             850          10,466             52.6             93.6                12.3
            March 2001             790           9,046             48.9             92.9                11.5
            March 2002             764           8,292             47.3             96.7                10.9
            March 2003             717           8,050             44.4             93.8                11.2
            March 2004             685           8,582             42.4             95.5                12.5
            March 2005             639           8,194             39.6             93.3                12.8
            March 2006             615           8,001             38.1             96.2                13.0
            March 2007             595           8,072             36.8             96.7                13.6
            March 2008             580           8,172             35.9             97.5                14.1
            March 2009             551           7,465             34.1             95.0                13.5
            March 2010             523           6,905             32.4             94.9                13.2
            March 2011             505           7,253             31.3             96.6                14.4
            March 2012             495           7,336             30.7             98.0                14.8
            March 2013             483           7,333             29.9             97.6                15.2
            March 2014             469           7,203             29.0             97.1                15.4
            March 2015             461           7,028             28.5             98.3                15.2
            March 2016             445           6,773             27.6             96.5                15.2
            March 2017             429           6,660             26.6             96.4                15.5
            March 2018             408           6,747             25.3             95.1                16.5
            March 2019             391           6,527             24.2             95.8                16.7
            March 2020             367           5,835             22.7             93.9                15.9
            March 2021             360           5,970             22.3             98.1                16.6
            March 2022             352           6,537             21.8             97.8                18.6
            March 2023             335           5,983             20.7             95.2                17.9
            March 2024             318           5,697             19.7             94.9                17.9
 
Annual openings
Year ended: March 1996

            March 1996           1,575           7,667            100.0               _                  4.9
            March 1997           1,232           7,490             78.2             78.2                 6.1
            March 1998           1,097           7,355             69.7             89.0                 6.7
            March 1999           1,001           7,367             63.6             91.2                 7.4
            March 2000             920           7,370             58.4             91.9                 8.0
            March 2001             840           6,825             53.3             91.3                 8.1
            March 2002             797           6,377             50.6             94.9                 8.0
            March 2003             745           6,025             47.3             93.5                 8.1
            March 2004             712           6,027             45.2             95.6                 8.5
            March 2005             674           5,816             42.8             94.7                 8.6
            March 2006             639           5,689             40.6             94.8                 8.9
            March 2007             614           5,642             39.0             96.1                 9.2
            March 2008             589           5,526             37.4             95.9                 9.4
            March 2009             573           5,658             36.4             97.3                 9.9
            March 2010             549           5,964             34.9             95.8                10.9
            March 2011             525           5,741             33.3             95.6                10.9
            March 2012             500           5,793             31.7             95.2                11.6
            March 2013             483           5,996             30.7             96.6                12.4
            March 2014             466           5,928             29.6             96.5                12.7
            March 2015             461           5,568             29.3             98.9                12.1
            March 2016             447           4,688             28.4             97.0                10.5
            March 2017             427           4,637             27.1             95.5                10.9
            March 2018             414           4,565             26.3             97.0                11.0
            March 2019             403           4,522             25.6             97.3                11.2
            March 2020             372           4,379             23.6             92.3                11.8
            March 2021             352           4,522             22.3             94.6                12.8
            March 2022             342           4,393             21.7             97.2                12.8
            March 2023             329           4,546             20.9             96.2                13.8
            March 2024             316           4,368             20.1             96.0                13.8
 
Annual openings
Year ended: March 1997

            March 1997           1,465           7,359            100.0               _                  5.0
            March 1998           1,180           7,396             80.5             80.5                 6.3
            March 1999           1,059           7,647             72.3             89.7                 7.2
            March 2000             951           7,896             64.9             89.8                 8.3
            March 2001             866           7,705             59.1             91.1                 8.9
            March 2002             826           7,354             56.4             95.4                 8.9
            March 2003             770           7,004             52.6             93.2                 9.1
            March 2004             739           7,035             50.4             96.0                 9.5
            March 2005             723           7,091             49.4             97.8                 9.8
            March 2006             693           7,324             47.3             95.9                10.6
            March 2007             658           7,093             44.9             94.9                10.8
            March 2008             625           7,146             42.7             95.0                11.4
            March 2009             611           6,358             41.7             97.8                10.4
            March 2010             572           6,245             39.0             93.6                10.9
            March 2011             552           6,324             37.7             96.5                11.5
            March 2012             539           6,479             36.8             97.6                12.0
            March 2013             517           6,423             35.3             95.9                12.4
            March 2014             504           6,345             34.4             97.5                12.6
            March 2015             491           6,442             33.5             97.4                13.1
            March 2016             471           6,336             32.2             95.9                13.5
            March 2017             444           6,255             30.3             94.3                14.1
            March 2018             419           6,326             28.6             94.4                15.1
            March 2019             434           6,072             29.6            103.6                14.0
            March 2020             422           6,105             28.8             97.2                14.5
            March 2021             378           5,830             25.8             89.6                15.4
            March 2022             377           5,417             25.7             99.7                14.4
            March 2023             364           5,152             24.8             96.6                14.2
            March 2024             347           5,070             23.7             95.3                14.6
 
Annual openings
Year ended: March 1998

            March 1998           1,735           9,323            100.0               _                  5.4
            March 1999           1,382          10,143             79.7             79.7                 7.3
            March 2000           1,186          10,489             68.4             85.8                 8.8
            March 2001           1,065          10,284             61.4             89.8                 9.7
            March 2002             986           9,965             56.8             92.6                10.1
            March 2003             879           9,090             50.7             89.1                10.3
            March 2004             854           8,947             49.2             97.2                10.5
            March 2005             812           8,750             46.8             95.1                10.8
            March 2006             745           8,699             42.9             91.7                11.7
            March 2007             711           8,952             41.0             95.4                12.6
            March 2008             681           9,555             39.3             95.8                14.0
            March 2009             656           8,656             37.8             96.3                13.2
            March 2010             605           8,367             34.9             92.2                13.8
            March 2011             585           8,169             33.7             96.7                14.0
            March 2012             560           8,157             32.3             95.7                14.6
            March 2013             548           8,365             31.6             97.9                15.3
            March 2014             518           8,549             29.9             94.5                16.5
            March 2015             502           8,564             28.9             96.9                17.1
            March 2016             497           8,720             28.6             99.0                17.5
            March 2017             485           8,911             28.0             97.6                18.4
            March 2018             451           9,018             26.0             93.0                20.0
            March 2019             437           9,121             25.2             96.9                20.9
            March 2020             427           8,907             24.6             97.7                20.9
            March 2021             430           8,764             24.8            100.7                20.4
            March 2022             414           8,691             23.9             96.3                21.0
            March 2023             393           8,243             22.7             94.9                21.0
            March 2024             391           7,971             22.5             99.5                20.4
 
Annual openings
Year ended: March 1999

            March 1999           1,766           9,233            100.0               _                  5.2
            March 2000           1,470           9,615             83.2             83.2                 6.5
            March 2001           1,243           8,927             70.4             84.6                 7.2
            March 2002           1,108           8,333             62.7             89.1                 7.5
            March 2003           1,025           8,126             58.0             92.5                 7.9
            March 2004             958           8,067             54.2             93.5                 8.4
            March 2005             904           8,076             51.2             94.4                 8.9
            March 2006             866           8,143             49.0             95.8                 9.4
            March 2007             830           8,076             47.0             95.8                 9.7
            March 2008             797           7,835             45.1             96.0                 9.8
            March 2009             774           7,351             43.8             97.1                 9.5
            March 2010             695           6,815             39.4             89.8                 9.8
            March 2011             683           6,956             38.7             98.3                10.2
            March 2012             670           7,105             37.9             98.1                10.6
            March 2013             632           7,101             35.8             94.3                11.2
            March 2014             618           6,963             35.0             97.8                11.3
            March 2015             595           6,483             33.7             96.3                10.9
            March 2016             583           6,373             33.0             98.0                10.9
            March 2017             545           6,107             30.9             93.5                11.2
            March 2018             523           6,001             29.6             96.0                11.5
            March 2019             498           5,636             28.2             95.2                11.3
            March 2020             480           5,553             27.2             96.4                11.6
            March 2021             458           5,380             25.9             95.4                11.7
            March 2022             440           5,337             24.9             96.1                12.1
            March 2023             414           5,196             23.4             94.1                12.6
            March 2024             409           5,346             23.2             98.8                13.1
 
Annual openings
Year ended: March 2000

            March 2000           1,680           9,997            100.0               _                  6.0
            March 2001           1,326          10,177             78.9             78.9                 7.7
            March 2002           1,183           9,642             70.4             89.2                 8.2
            March 2003           1,090           9,427             64.9             92.1                 8.6
            March 2004           1,022          10,134             60.8             93.8                 9.9
            March 2005             974          10,299             58.0             95.3                10.6
            March 2006             927          10,728             55.2             95.2                11.6
            March 2007             876          10,836             52.1             94.5                12.4
            March 2008             833          10,708             49.6             95.1                12.9
            March 2009             813           9,940             48.4             97.6                12.2
            March 2010             754           9,175             44.9             92.7                12.2
            March 2011             743           9,235             44.2             98.5                12.4
            March 2012             721           9,221             42.9             97.0                12.8
            March 2013             691           9,507             41.1             95.8                13.8
            March 2014             673           9,648             40.1             97.4                14.3
            March 2015             651           9,650             38.8             96.7                14.8
            March 2016             624           9,720             37.1             95.9                15.6
            March 2017             588           9,594             35.0             94.2                16.3
            March 2018             570           9,595             33.9             96.9                16.8
            March 2019             550           9,582             32.7             96.5                17.4
            March 2020             519           9,381             30.9             94.4                18.1
            March 2021             491           9,120             29.2             94.6                18.6
            March 2022             473           9,166             28.2             96.3                19.4
            March 2023             451           8,964             26.8             95.3                19.9
            March 2024             440           8,418             26.2             97.6                19.1
 
Annual openings
Year ended: March 2001

            March 2001           1,648          10,220            100.0               _                  6.2
            March 2002           1,335           9,416             81.0             81.0                 7.1
            March 2003           1,181           9,292             71.7             88.5                 7.9
            March 2004           1,058           8,543             64.2             89.6                 8.1
            March 2005             982           8,197             59.6             92.8                 8.3
            March 2006             903           8,201             54.8             92.0                 9.1
            March 2007             866           8,314             52.5             95.9                 9.6
            March 2008             810           8,100             49.2             93.5                10.0
            March 2009             765           7,704             46.4             94.4                10.1
            March 2010             702           6,597             42.6             91.8                 9.4
            March 2011             663           6,479             40.2             94.4                 9.8
            March 2012             635           6,215             38.5             95.8                 9.8
            March 2013             613           6,243             37.2             96.5                10.2
            March 2014             592           6,148             35.9             96.6                10.4
            March 2015             559           6,086             33.9             94.4                10.9
            March 2016             544           6,050             33.0             97.3                11.1
            March 2017             521           6,000             31.6             95.8                11.5
            March 2018             505           5,827             30.6             96.9                11.5
            March 2019             495           5,737             30.0             98.0                11.6
            March 2020             468           5,541             28.4             94.5                11.8
            March 2021             452           5,300             27.4             96.6                11.7
            March 2022             436           5,462             26.5             96.5                12.5
            March 2023             422           5,374             25.6             96.8                12.7
            March 2024             400           5,294             24.3             94.8                13.2
 
Annual openings
Year ended: March 2002

            March 2002           1,660           7,650            100.0               _                  4.6
            March 2003           1,348           7,793             81.2             81.2                 5.8
            March 2004           1,192           7,812             71.8             88.4                 6.6
            March 2005           1,101           7,761             66.3             92.4                 7.0
            March 2006           1,022           7,949             61.6             92.8                 7.8
            March 2007             953           8,292             57.4             93.2                 8.7
            March 2008             880           7,901             53.0             92.3                 9.0
            March 2009             863           7,281             52.0             98.1                 8.4
            March 2010             772           6,618             46.5             89.5                 8.6
            March 2011             749           6,747             45.1             97.0                 9.0
            March 2012             728           7,000             43.9             97.2                 9.6
            March 2013             690           6,602             41.6             94.8                 9.6
            March 2014             656           6,802             39.5             95.1                10.4
            March 2015             640           6,843             38.6             97.6                10.7
            March 2016             606           6,757             36.5             94.7                11.2
            March 2017             584           6,628             35.2             96.4                11.3
            March 2018             564           6,427             34.0             96.6                11.4
            March 2019             535           6,306             32.2             94.9                11.8
            March 2020             512           5,984             30.8             95.7                11.7
            March 2021             506           5,447             30.5             98.8                10.8
            March 2022             489           5,454             29.5             96.6                11.2
            March 2023             464           5,393             28.0             94.9                11.6
            March 2024             458           5,462             27.6             98.7                11.9
 
Annual openings
Year ended: March 2003

            March 2003           1,562           6,998            100.0               _                  4.5
            March 2004           1,297           7,865             83.0             83.0                 6.1
            March 2005           1,157           7,804             74.1             89.2                 6.7
            March 2006           1,069           7,638             68.4             92.4                 7.1
            March 2007             996           7,566             63.8             93.2                 7.6
            March 2008             923           7,300             59.1             92.7                 7.9
            March 2009             876           7,245             56.1             94.9                 8.3
            March 2010             798           6,621             51.1             91.1                 8.3
            March 2011             767           6,441             49.1             96.1                 8.4
            March 2012             724           6,507             46.4             94.4                 9.0
            March 2013             696           6,265             44.6             96.1                 9.0
            March 2014             663           6,236             42.4             95.3                 9.4
            March 2015             633           6,291             40.5             95.5                 9.9
            March 2016             611           6,186             39.1             96.5                10.1
            March 2017             577           5,921             36.9             94.4                10.3
            March 2018             560           5,872             35.9             97.1                10.5
            March 2019             539           5,753             34.5             96.3                10.7
            March 2020             507           5,715             32.5             94.1                11.3
            March 2021             492           5,557             31.5             97.0                11.3
            March 2022             471           5,487             30.2             95.7                11.6
            March 2023             455           5,359             29.1             96.6                11.8
            March 2024             436           5,386             27.9             95.8                12.4
 
Annual openings
Year ended: March 2004

            March 2004           1,646           6,864            100.0               _                  4.2
            March 2005           1,373           6,844             83.4             83.4                 5.0
            March 2006           1,229           7,034             74.7             89.5                 5.7
            March 2007           1,110           7,054             67.4             90.3                 6.4
            March 2008           1,026           7,018             62.3             92.4                 6.8
            March 2009             958           6,696             58.2             93.4                 7.0
            March 2010             872           6,552             53.0             91.0                 7.5
            March 2011             833           6,386             50.6             95.5                 7.7
            March 2012             778           6,469             47.3             93.4                 8.3
            March 2013             739           6,274             44.9             95.0                 8.5
            March 2014             713           6,216             43.3             96.5                 8.7
            March 2015             675           6,161             41.0             94.7                 9.1
            March 2016             662           6,157             40.2             98.1                 9.3
            March 2017             626           6,090             38.0             94.6                 9.7
            March 2018             593           5,968             36.0             94.7                10.1
            March 2019             567           5,998             34.4             95.6                10.6
            March 2020             551           5,918             33.5             97.2                10.7
            March 2021             519           5,641             31.5             94.2                10.9
            March 2022             493           5,786             30.0             95.0                11.7
            March 2023             468           5,793             28.4             94.9                12.4
            March 2024             444           5,707             27.0             94.9                12.9
 
Annual openings
Year ended: March 2005

            March 2005           1,775           7,831            100.0               _                  4.4
            March 2006           1,454           8,108             81.9             81.9                 5.6
            March 2007           1,294           8,264             72.9             89.0                 6.4
            March 2008           1,165           7,950             65.6             90.0                 6.8
            March 2009           1,076           7,636             60.6             92.4                 7.1
            March 2010             956           6,878             53.9             88.8                 7.2
            March 2011             897           6,897             50.5             93.8                 7.7
            March 2012             861           6,899             48.5             96.0                 8.0
            March 2013             806           7,021             45.4             93.6                 8.7
            March 2014             768           7,205             43.3             95.3                 9.4
            March 2015             729           7,256             41.1             94.9                10.0
            March 2016             686           7,094             38.6             94.1                10.3
            March 2017             655           7,410             36.9             95.5                11.3
            March 2018             648           7,514             36.5             98.9                11.6
            March 2019             622           7,454             35.0             96.0                12.0
            March 2020             595           7,177             33.5             95.7                12.1
            March 2021             572           6,866             32.2             96.1                12.0
            March 2022             541           6,859             30.5             94.6                12.7
            March 2023             504           6,584             28.4             93.2                13.1
            March 2024             490           6,711             27.6             97.2                13.7
 
Annual openings
Year ended: March 2006

            March 2006           1,707           7,149            100.0               _                  4.2
            March 2007           1,410           7,349             82.6             82.6                 5.2
            March 2008           1,232           7,078             72.2             87.4                 5.7
            March 2009           1,139           6,706             66.7             92.5                 5.9
            March 2010             991           6,299             58.1             87.0                 6.4
            March 2011             948           6,280             55.5             95.7                 6.6
            March 2012             903           6,334             52.9             95.3                 7.0
            March 2013             837           6,314             49.0             92.7                 7.5
            March 2014             801           6,453             46.9             95.7                 8.1
            March 2015             772           6,775             45.2             96.4                 8.8
            March 2016             742           6,781             43.5             96.1                 9.1
            March 2017             703           6,589             41.2             94.7                 9.4
            March 2018             670           6,899             39.3             95.3                10.3
            March 2019             633           6,868             37.1             94.5                10.8
            March 2020             607           6,539             35.6             95.9                10.8
            March 2021             576           6,227             33.7             94.9                10.8
            March 2022             553           6,414             32.4             96.0                11.6
            March 2023             527           6,436             30.9             95.3                12.2
            March 2024             517           6,514             30.3             98.1                12.6
 
Annual openings
Year ended: March 2007

            March 2007           1,668           7,952            100.0               _                  4.8
            March 2008           1,382           9,020             82.9             82.9                 6.5
            March 2009           1,241           8,888             74.4             89.8                 7.2
            March 2010           1,078           8,378             64.6             86.9                 7.8
            March 2011             987           8,186             59.2             91.6                 8.3
            March 2012             919           8,425             55.1             93.1                 9.2
            March 2013             865           8,209             51.9             94.1                 9.5
            March 2014             809           8,171             48.5             93.5                10.1
            March 2015             754           7,823             45.2             93.2                10.4
            March 2016             738           7,901             44.2             97.9                10.7
            March 2017             697           7,015             41.8             94.4                10.1
            March 2018             653           6,645             39.1             93.7                10.2
            March 2019             628           6,643             37.6             96.2                10.6
            March 2020             605           6,395             36.3             96.3                10.6
            March 2021             581           6,526             34.8             96.0                11.2
            March 2022             561           6,560             33.6             96.6                11.7
            March 2023             532           6,317             31.9             94.8                11.9
            March 2024             501           6,454             30.0             94.2                12.9
 
Annual openings
Year ended: March 2008

            March 2008           1,565           5,588            100.0               _                  3.6
            March 2009           1,274           5,412             81.4             81.4                 4.2
            March 2010           1,062           5,194             67.9             83.4                 4.9
            March 2011             976           5,033             62.4             91.9                 5.2
            March 2012             892           5,492             57.0             91.4                 6.2
            March 2013             831           5,727             53.1             93.2                 6.9
            March 2014             781           5,241             49.9             94.0                 6.7
            March 2015             740           5,349             47.3             94.8                 7.2
            March 2016             700           5,635             44.7             94.6                 8.1
            March 2017             669           5,767             42.7             95.6                 8.6
            March 2018             625           5,942             39.9             93.4                 9.5
            March 2019             593           5,869             37.9             94.9                 9.9
            March 2020             572           5,799             36.5             96.5                10.1
            March 2021             567           5,535             36.2             99.1                 9.8
            March 2022             531           5,709             33.9             93.7                10.8
            March 2023             511           5,740             32.7             96.2                11.2
            March 2024             481           5,843             30.7             94.1                12.1
 
Annual openings
Year ended: March 2009

            March 2009           1,624           6,371            100.0               _                  3.9
            March 2010           1,251           6,122             77.0             77.0                 4.9
            March 2011           1,102           6,209             67.9             88.1                 5.6
            March 2012             995           6,211             61.3             90.3                 6.2
            March 2013             929           6,012             57.2             93.4                 6.5
            March 2014             865           6,187             53.3             93.1                 7.2
            March 2015             826           6,271             50.9             95.5                 7.6
            March 2016             774           6,144             47.7             93.7                 7.9
            March 2017             723           6,069             44.5             93.4                 8.4
            March 2018             674           5,883             41.5             93.2                 8.7
            March 2019             637           5,401             39.2             94.5                 8.5
            March 2020             616           5,239             37.9             96.7                 8.5
            March 2021             594           4,875             36.6             96.4                 8.2
            March 2022             564           4,688             34.7             94.9                 8.3
            March 2023             541           4,749             33.3             95.9                 8.8
            March 2024             512           4,721             31.5             94.6                 9.2
 
Annual openings
Year ended: March 2010

            March 2010           1,531           5,855            100.0               _                  3.8
            March 2011           1,239           5,812             80.9             80.9                 4.7
            March 2012           1,113           5,831             72.7             89.8                 5.2
            March 2013             989           5,672             64.6             88.9                 5.7
            March 2014             903           5,366             59.0             91.3                 5.9
            March 2015             861           5,327             56.2             95.3                 6.2
            March 2016             810           5,363             52.9             94.1                 6.6
            March 2017             746           5,344             48.7             92.1                 7.2
            March 2018             717           5,415             46.8             96.1                 7.6
            March 2019             659           5,151             43.0             91.9                 7.8
            March 2020             630           4,879             41.1             95.6                 7.7
            March 2021             602           4,750             39.3             95.6                 7.9
            March 2022             564           4,775             36.8             93.7                 8.5
            March 2023             540           4,785             35.3             95.7                 8.9
            March 2024             527           4,724             34.4             97.6                 9.0
 
Annual openings
Year ended: March 2011

            March 2011           1,485           5,145            100.0               _                  3.5
            March 2012           1,149           5,028             77.4             77.4                 4.4
            March 2013             996           4,763             67.1             86.7                 4.8
            March 2014             873           4,661             58.8             87.7                 5.3
            March 2015             836           4,688             56.3             95.8                 5.6
            March 2016             766           4,482             51.6             91.6                 5.9
            March 2017             710           4,442             47.8             92.7                 6.3
            March 2018             664           4,555             44.7             93.5                 6.9
            March 2019             642           4,451             43.2             96.7                 6.9
            March 2020             597           4,312             40.2             93.0                 7.2
            March 2021             584           4,312             39.3             97.8                 7.4
            March 2022             561           4,337             37.8             96.1                 7.7
            March 2023             536           4,313             36.1             95.5                 8.0
            March 2024             515           4,276             34.7             96.1                 8.3
 
Annual openings
Year ended: March 2012

            March 2012           1,637           6,226            100.0               _                  3.8
            March 2013           1,303           5,832             79.6             79.6                 4.5
            March 2014           1,130           5,897             69.0             86.7                 5.2
            March 2015           1,051           6,111             64.2             93.0                 5.8
            March 2016             999           5,946             61.0             95.1                 6.0
            March 2017             916           5,861             56.0             91.7                 6.4
            March 2018             846           5,550             51.7             92.4                 6.6
            March 2019             797           5,520             48.7             94.2                 6.9
            March 2020             757           5,337             46.2             95.0                 7.1
            March 2021             710           5,216             43.4             93.8                 7.3
            March 2022             689           5,159             42.1             97.0                 7.5
            March 2023             634           5,086             38.7             92.0                 8.0
            March 2024             617           5,130             37.7             97.3                 8.3
 
Annual openings
Year ended: March 2013

            March 2013           1,657           5,883            100.0               _                  3.6
            March 2014           1,335           6,072             80.6             80.6                 4.5
            March 2015           1,161           5,871             70.1             87.0                 5.1
            March 2016           1,062           5,865             64.1             91.5                 5.5
            March 2017             977           5,675             59.0             92.0                 5.8
            March 2018             928           5,494             56.0             95.0                 5.9
            March 2019             851           5,707             51.4             91.7                 6.7
            March 2020             790           5,594             47.7             92.8                 7.1
            March 2021             766           5,369             46.2             97.0                 7.0
            March 2022             718           5,604             43.3             93.7                 7.8
            March 2023             693           5,524             41.8             96.5                 8.0
            March 2024             647           5,413             39.0             93.4                 8.4
 
Annual openings
Year ended: March 2014

            March 2014           1,754           6,387            100.0               _                  3.6
            March 2015           1,392           6,368             79.4             79.4                 4.6
            March 2016           1,225           6,515             69.8             88.0                 5.3
            March 2017           1,096           6,342             62.5             89.5                 5.8
            March 2018             992           6,223             56.6             90.5                 6.3
            March 2019             920           6,213             52.5             92.7                 6.8
            March 2020             868           6,176             49.5             94.3                 7.1
            March 2021             813           5,859             46.4             93.7                 7.2
            March 2022             768           6,285             43.8             94.5                 8.2
            March 2023             715           6,195             40.8             93.1                 8.7
            March 2024             684           6,183             39.0             95.7                 9.0
 
Annual openings
Year ended: March 2015

            March 2015           1,769           6,074            100.0               _                  3.4
            March 2016           1,436           5,565             81.2             81.2                 3.9
            March 2017           1,239           5,345             70.0             86.3                 4.3
            March 2018           1,109           5,341             62.7             89.5                 4.8
            March 2019             999           5,319             56.5             90.1                 5.3
            March 2020             924           5,257             52.2             92.5                 5.7
            March 2021             865           5,287             48.9             93.6                 6.1
            March 2022             817           5,488             46.2             94.5                 6.7
            March 2023             781           5,328             44.1             95.6                 6.8
            March 2024             738           5,177             41.7             94.5                 7.0
 
Annual openings
Year ended: March 2016

            March 2016           1,870           6,487            100.0               _                  3.5
            March 2017           1,523           6,633             81.4             81.4                 4.4
            March 2018           1,319           6,343             70.5             86.6                 4.8
            March 2019           1,186           6,119             63.4             89.9                 5.2
            March 2020           1,092           5,793             58.4             92.1                 5.3
            March 2021           1,023           5,663             54.7             93.7                 5.5
            March 2022             989           5,978             52.9             96.7                 6.0
            March 2023             920           5,869             49.2             93.0                 6.4
            March 2024             871           5,957             46.6             94.7                 6.8
 
Annual openings
Year ended: March 2017

            March 2017           1,879           6,778            100.0               _                  3.6
            March 2018           1,511           6,614             80.4             80.4                 4.4
            March 2019           1,322           6,610             70.4             87.5                 5.0
            March 2020           1,195           6,445             63.6             90.4                 5.4
            March 2021           1,128           6,558             60.0             94.4                 5.8
            March 2022           1,047           6,787             55.7             92.8                 6.5
            March 2023             978           6,538             52.0             93.4                 6.7
            March 2024             937           6,693             49.9             95.8                 7.1
 
Annual openings
Year ended: March 2018

            March 2018           2,008           7,061            100.0               _                  3.5
            March 2019           1,614           6,742             80.4             80.4                 4.2
            March 2020           1,418           6,759             70.6             87.9                 4.8
            March 2021           1,299           6,813             64.7             91.6                 5.2
            March 2022           1,209           7,051             60.2             93.1                 5.8
            March 2023           1,126           7,171             56.1             93.1                 6.4
            March 2024           1,037           6,998             51.6             92.1                 6.7
 
Annual openings
Year ended: March 2019

            March 2019           2,025           6,112            100.0               _                  3.0
            March 2020           1,564           6,396             77.2             77.2                 4.1
            March 2021           1,446           6,795             71.4             92.5                 4.7
            March 2022           1,320           7,241             65.2             91.3                 5.5
            March 2023           1,196           7,983             59.1             90.6                 6.7
            March 2024           1,113           9,333             55.0             93.1                 8.4
 
Annual openings
Year ended: March 2020

            March 2020           2,236           6,698            100.0               _                  3.0
            March 2021           1,812           6,671             81.0             81.0                 3.7
            March 2022           1,597           7,013             71.4             88.1                 4.4
            March 2023           1,435           6,834             64.2             89.9                 4.8
            March 2024           1,302           6,755             58.2             90.7                 5.2
 
Annual openings
Year ended: March 2021

            March 2021           2,562           7,324            100.0               _                  2.9
            March 2022           1,989           7,895             77.6             77.6                 4.0
            March 2023           1,717           7,929             67.0             86.3                 4.6
            March 2024           1,546           7,745             60.3             90.0                 5.0
 
Annual openings
Year ended: March 2022

            March 2022           3,585           9,241            100.0               _                  2.6
            March 2023           2,652           9,211             74.0             74.0                 3.5
            March 2024           2,238           8,734             62.4             84.4                 3.9
 
Annual openings
Year ended: March 2023

            March 2023           3,382           9,674            100.0               _                  2.9
            March 2024           2,656           9,163             78.5             78.5                 3.4
 
Annual openings
Year ended: March 2024

            March 2024           3,008           8,702            100.0               _                  2.9
 
NOTE: A '_' indicates that the data are not available and a 'N' indicates that the data do not meet BLS disclosure standards.
