Table 7. Survival of private sector establishments by opening year

Total Private

Tennessee

                          Surviving       Total Employment   Survival Rates   Survival Rates of   Average Employment
                          Establishments  of Survivors       Since Birth      Previous Year's     of Survivors
                                                                              Survivors

Annual openings
Year ended: March 1994

            March 1994          10,201          72,083            100.0               _                  7.1
            March 1995           8,186          76,103             80.2             80.2                 9.3
            March 1996           6,907          71,452             67.7             84.4                10.3
            March 1997           6,030          68,950             59.1             87.3                11.4
            March 1998           5,319          66,143             52.1             88.2                12.4
            March 1999           4,753          63,307             46.6             89.4                13.3
            March 2000           4,371          62,327             42.8             92.0                14.3
            March 2001           4,011          60,600             39.3             91.8                15.1
            March 2002           3,697          59,582             36.2             92.2                16.1
            March 2003           3,428          54,893             33.6             92.7                16.0
            March 2004           3,277          53,708             32.1             95.6                16.4
            March 2005           3,090          51,034             30.3             94.3                16.5
            March 2006           2,943          49,646             28.9             95.2                16.9
            March 2007           2,783          48,367             27.3             94.6                17.4
            March 2008           2,641          46,739             25.9             94.9                17.7
            March 2009           2,495          40,225             24.5             94.5                16.1
            March 2010           2,345          39,161             23.0             94.0                16.7
            March 2011           2,160          38,080             21.2             92.1                17.6
            March 2012           2,068          38,516             20.3             95.7                18.6
            March 2013           1,989          38,249             19.5             96.2                19.2
            March 2014           1,982          38,495             19.4             99.6                19.4
            March 2015           1,882          37,821             18.4             95.0                20.1
            March 2016           1,808          37,394             17.7             96.1                20.7
            March 2017           1,777          37,188             17.4             98.3                20.9
            March 2018           1,720          36,599             16.9             96.8                21.3
            March 2019           1,657          36,520             16.2             96.3                22.0
            March 2020           1,626          36,067             15.9             98.1                22.2
            March 2021           1,580          34,506             15.5             97.2                21.8
            March 2022           1,514          34,577             14.8             95.8                22.8
            March 2023           1,445          33,588             14.2             95.4                23.2
            March 2024           1,390          32,703             13.6             96.2                23.5
 
Annual openings
Year ended: March 1995

            March 1995          10,864          74,075            100.0               _                  6.8
            March 1996           8,453          75,217             77.8             77.8                 8.9
            March 1997           7,106          75,834             65.4             84.1                10.7
            March 1998           6,172          71,009             56.8             86.9                11.5
            March 1999           5,507          67,264             50.7             89.2                12.2
            March 2000           4,979          66,917             45.8             90.4                13.4
            March 2001           4,515          63,056             41.6             90.7                14.0
            March 2002           4,088          57,646             37.6             90.5                14.1
            March 2003           3,743          54,850             34.5             91.6                14.7
            March 2004           3,473          53,927             32.0             92.8                15.5
            March 2005           3,278          52,349             30.2             94.4                16.0
            March 2006           3,122          52,198             28.7             95.2                16.7
            March 2007           2,928          49,679             27.0             93.8                17.0
            March 2008           2,786          48,575             25.6             95.2                17.4
            March 2009           2,607          43,469             24.0             93.6                16.7
            March 2010           2,482          41,781             22.8             95.2                16.8
            March 2011           2,358          42,382             21.7             95.0                18.0
            March 2012           2,270          42,959             20.9             96.3                18.9
            March 2013           2,187          44,261             20.1             96.3                20.2
            March 2014           2,101          44,177             19.3             96.1                21.0
            March 2015           2,016          43,798             18.6             96.0                21.7
            March 2016           1,940          44,662             17.9             96.2                23.0
            March 2017           1,900          43,771             17.5             97.9                23.0
            March 2018           1,856          44,065             17.1             97.7                23.7
            March 2019           1,809          45,386             16.7             97.5                25.1
            March 2020           1,789          43,986             16.5             98.9                24.6
            March 2021           1,730          42,061             15.9             96.7                24.3
            March 2022           1,616          43,561             14.9             93.4                27.0
            March 2023           1,536          43,043             14.1             95.0                28.0
            March 2024           1,487          41,996             13.7             96.8                28.2
 
Annual openings
Year ended: March 1996

            March 1996          11,452         101,395            100.0               _                  8.9
            March 1997           8,900          99,673             77.7             77.7                11.2
            March 1998           7,524          99,000             65.7             84.5                13.2
            March 1999           6,574          96,647             57.4             87.4                14.7
            March 2000           5,820          95,516             50.8             88.5                16.4
            March 2001           5,177          89,473             45.2             89.0                17.3
            March 2002           4,662          84,950             40.7             90.1                18.2
            March 2003           4,284          83,524             37.4             91.9                19.5
            March 2004           4,018          85,621             35.1             93.8                21.3
            March 2005           3,758          81,881             32.8             93.5                21.8
            March 2006           3,582          81,081             31.3             95.3                22.6
            March 2007           3,404          78,675             29.7             95.0                23.1
            March 2008           3,221          76,996             28.1             94.6                23.9
            March 2009           3,014          70,484             26.3             93.6                23.4
            March 2010           2,857          66,996             24.9             94.8                23.4
            March 2011           2,697          68,544             23.6             94.4                25.4
            March 2012           2,564          68,137             22.4             95.1                26.6
            March 2013           2,498          66,458             21.8             97.4                26.6
            March 2014           2,402          65,571             21.0             96.2                27.3
            March 2015           2,316          65,683             20.2             96.4                28.4
            March 2016           2,277          66,456             19.9             98.3                29.2
            March 2017           2,194          66,151             19.2             96.4                30.2
            March 2018           2,118          65,903             18.5             96.5                31.1
            March 2019           2,066          65,922             18.0             97.5                31.9
            March 2020           2,050          66,182             17.9             99.2                32.3
            March 2021           1,954          63,451             17.1             95.3                32.5
            March 2022           1,901          64,531             16.6             97.3                33.9
            March 2023           1,799          66,099             15.7             94.6                36.7
            March 2024           1,731          68,266             15.1             96.2                39.4
 
Annual openings
Year ended: March 1997

            March 1997          11,688          84,376            100.0               _                  7.2
            March 1998           8,981          84,646             76.8             76.8                 9.4
            March 1999           7,542          84,546             64.5             84.0                11.2
            March 2000           6,569          84,949             56.2             87.1                12.9
            March 2001           5,841          79,431             50.0             88.9                13.6
            March 2002           5,246          74,027             44.9             89.8                14.1
            March 2003           4,796          71,808             41.0             91.4                15.0
            March 2004           4,427          71,077             37.9             92.3                16.1
            March 2005           4,109          72,068             35.2             92.8                17.5
            March 2006           3,899          70,172             33.4             94.9                18.0
            March 2007           3,692          67,241             31.6             94.7                18.2
            March 2008           3,534          65,083             30.2             95.7                18.4
            March 2009           3,310          57,259             28.3             93.7                17.3
            March 2010           3,107          54,832             26.6             93.9                17.6
            March 2011           2,932          54,258             25.1             94.4                18.5
            March 2012           2,834          54,122             24.2             96.7                19.1
            March 2013           2,702          53,566             23.1             95.3                19.8
            March 2014           2,638          54,262             22.6             97.6                20.6
            March 2015           2,526          53,743             21.6             95.8                21.3
            March 2016           2,425          54,100             20.7             96.0                22.3
            March 2017           2,363          54,144             20.2             97.4                22.9
            March 2018           2,262          54,855             19.4             95.7                24.3
            March 2019           2,160          54,639             18.5             95.5                25.3
            March 2020           2,124          53,784             18.2             98.3                25.3
            March 2021           2,038          50,237             17.4             96.0                24.7
            March 2022           1,946          50,351             16.6             95.5                25.9
            March 2023           1,858          50,036             15.9             95.5                26.9
            March 2024           1,762          48,474             15.1             94.8                27.5
 
Annual openings
Year ended: March 1998

            March 1998          11,522          90,243            100.0               _                  7.8
            March 1999           9,001          94,502             78.1             78.1                10.5
            March 2000           7,713         101,296             66.9             85.7                13.1
            March 2001           6,652          93,186             57.7             86.2                14.0
            March 2002           5,855          85,498             50.8             88.0                14.6
            March 2003           5,262          80,319             45.7             89.9                15.3
            March 2004           4,882          79,075             42.4             92.8                16.2
            March 2005           4,543          79,621             39.4             93.1                17.5
            March 2006           4,271          80,202             37.1             94.0                18.8
            March 2007           3,975          78,351             34.5             93.1                19.7
            March 2008           3,741          75,723             32.5             94.1                20.2
            March 2009           3,518          68,824             30.5             94.0                19.6
            March 2010           3,276          65,434             28.4             93.1                20.0
            March 2011           3,077          63,425             26.7             93.9                20.6
            March 2012           2,905          64,969             25.2             94.4                22.4
            March 2013           2,890          64,191             25.1             99.5                22.2
            March 2014           2,755          63,611             23.9             95.3                23.1
            March 2015           2,680          63,206             23.3             97.3                23.6
            March 2016           2,570          63,446             22.3             95.9                24.7
            March 2017           2,485          62,966             21.6             96.7                25.3
            March 2018           2,418          61,870             21.0             97.3                25.6
            March 2019           2,292          61,891             19.9             94.8                27.0
            March 2020           2,300          51,673             20.0            100.3                22.5
            March 2021           2,178          55,992             18.9             94.7                25.7
            March 2022           2,102          56,092             18.2             96.5                26.7
            March 2023           2,037          56,511             17.7             96.9                27.7
            March 2024           1,948          55,899             16.9             95.6                28.7
 
Annual openings
Year ended: March 1999

            March 1999          11,387          99,432            100.0               _                  8.7
            March 2000           8,883         107,876             78.0             78.0                12.1
            March 2001           7,397         102,248             65.0             83.3                13.8
            March 2002           6,311          98,036             55.4             85.3                15.5
            March 2003           5,610          93,710             49.3             88.9                16.7
            March 2004           5,241          91,154             46.0             93.4                17.4
            March 2005           4,835          91,782             42.5             92.3                19.0
            March 2006           4,463          91,990             39.2             92.3                20.6
            March 2007           4,154          88,757             36.5             93.1                21.4
            March 2008           3,908          86,381             34.3             94.1                22.1
            March 2009           3,681          73,934             32.3             94.2                20.1
            March 2010           3,450          70,920             30.3             93.7                20.6
            March 2011           3,288          68,706             28.9             95.3                20.9
            March 2012           3,127          69,813             27.5             95.1                22.3
            March 2013           3,023          70,322             26.5             96.7                23.3
            March 2014           2,905          69,655             25.5             96.1                24.0
            March 2015           2,818          69,884             24.7             97.0                24.8
            March 2016           2,699          68,823             23.7             95.8                25.5
            March 2017           2,641          67,886             23.2             97.9                25.7
            March 2018           2,548          65,977             22.4             96.5                25.9
            March 2019           2,436          64,150             21.4             95.6                26.3
            March 2020           2,437          62,632             21.4            100.0                25.7
            March 2021           2,395          56,423             21.0             98.3                23.6
            March 2022           2,315          56,008             20.3             96.7                24.2
            March 2023           2,203          55,522             19.3             95.2                25.2
            March 2024           2,126          55,102             18.7             96.5                25.9
 
Annual openings
Year ended: March 2000

            March 2000          11,126          88,980            100.0               _                  8.0
            March 2001           8,535          85,763             76.7             76.7                10.0
            March 2002           7,038          78,567             63.3             82.5                11.2
            March 2003           6,135          76,153             55.1             87.2                12.4
            March 2004           5,528          75,070             49.7             90.1                13.6
            March 2005           5,043          72,874             45.3             91.2                14.5
            March 2006           4,622          75,073             41.5             91.7                16.2
            March 2007           4,277          74,328             38.4             92.5                17.4
            March 2008           4,003          70,759             36.0             93.6                17.7
            March 2009           3,796          61,903             34.1             94.8                16.3
            March 2010           3,546          58,446             31.9             93.4                16.5
            March 2011           3,365          58,769             30.2             94.9                17.5
            March 2012           3,191          58,968             28.7             94.8                18.5
            March 2013           3,052          59,471             27.4             95.6                19.5
            March 2014           2,920          59,719             26.2             95.7                20.5
            March 2015           2,885          60,552             25.9             98.8                21.0
            March 2016           2,822          61,268             25.4             97.8                21.7
            March 2017           2,743          62,159             24.7             97.2                22.7
            March 2018           2,645          61,130             23.8             96.4                23.1
            March 2019           2,514          60,853             22.6             95.0                24.2
            March 2020           2,423          60,572             21.8             96.4                25.0
            March 2021           2,363          59,080             21.2             97.5                25.0
            March 2022           2,272          60,319             20.4             96.1                26.5
            March 2023           2,195          61,188             19.7             96.6                27.9
            March 2024           2,115          58,956             19.0             96.4                27.9
 
Annual openings
Year ended: March 2001

            March 2001          10,723          75,025            100.0               _                  7.0
            March 2002           8,027          69,274             74.9             74.9                 8.6
            March 2003           6,771          66,234             63.1             84.4                 9.8
            March 2004           5,938          65,808             55.4             87.7                11.1
            March 2005           5,272          64,273             49.2             88.8                12.2
            March 2006           4,808          62,661             44.8             91.2                13.0
            March 2007           4,382          60,556             40.9             91.1                13.8
            March 2008           4,045          59,562             37.7             92.3                14.7
            March 2009           3,673          55,540             34.3             90.8                15.1
            March 2010           3,372          52,284             31.4             91.8                15.5
            March 2011           3,116          52,852             29.1             92.4                17.0
            March 2012           2,959          53,328             27.6             95.0                18.0
            March 2013           2,815          53,434             26.3             95.1                19.0
            March 2014           2,681          53,504             25.0             95.2                20.0
            March 2015           2,600          53,919             24.2             97.0                20.7
            March 2016           2,514          53,813             23.4             96.7                21.4
            March 2017           2,462          55,091             23.0             97.9                22.4
            March 2018           2,418          54,140             22.5             98.2                22.4
            March 2019           2,300          53,403             21.4             95.1                23.2
            March 2020           2,232          52,906             20.8             97.0                23.7
            March 2021           2,107          48,490             19.6             94.4                23.0
            March 2022           2,023          48,245             18.9             96.0                23.8
            March 2023           1,961          48,299             18.3             96.9                24.6
            March 2024           1,866          48,569             17.4             95.2                26.0
 
Annual openings
Year ended: March 2002

            March 2002          10,459          69,010            100.0               _                  6.6
            March 2003           8,249          69,476             78.9             78.9                 8.4
            March 2004           6,912          68,538             66.1             83.8                 9.9
            March 2005           6,176          67,727             59.0             89.4                11.0
            March 2006           5,578          67,946             53.3             90.3                12.2
            March 2007           5,119          65,244             48.9             91.8                12.7
            March 2008           4,716          63,453             45.1             92.1                13.5
            March 2009           4,333          58,118             41.4             91.9                13.4
            March 2010           4,025          53,705             38.5             92.9                13.3
            March 2011           3,750          53,315             35.9             93.2                14.2
            March 2012           3,570          53,387             34.1             95.2                15.0
            March 2013           3,380          52,434             32.3             94.7                15.5
            March 2014           3,199          52,472             30.6             94.6                16.4
            March 2015           3,057          51,825             29.2             95.6                17.0
            March 2016           2,985          52,574             28.5             97.6                17.6
            March 2017           2,865          52,122             27.4             96.0                18.2
            March 2018           2,739          50,600             26.2             95.6                18.5
            March 2019           2,787          49,826             26.6            101.8                17.9
            March 2020           2,676          47,830             25.6             96.0                17.9
            March 2021           2,586          43,670             24.7             96.6                16.9
            March 2022           2,455          45,181             23.5             94.9                18.4
            March 2023           2,373          45,471             22.7             96.7                19.2
            March 2024           2,277          44,577             21.8             96.0                19.6
 
Annual openings
Year ended: March 2003

            March 2003          10,984          73,829            100.0               _                  6.7
            March 2004           8,715          73,476             79.3             79.3                 8.4
            March 2005           7,512          72,095             68.4             86.2                 9.6
            March 2006           6,675          71,013             60.8             88.9                10.6
            March 2007           5,971          68,533             54.4             89.5                11.5
            March 2008           5,356          66,267             48.8             89.7                12.4
            March 2009           4,843          59,557             44.1             90.4                12.3
            March 2010           4,453          55,680             40.5             91.9                12.5
            March 2011           4,124          54,447             37.5             92.6                13.2
            March 2012           3,819          53,741             34.8             92.6                14.1
            March 2013           3,583          53,308             32.6             93.8                14.9
            March 2014           3,384          51,888             30.8             94.4                15.3
            March 2015           3,218          50,741             29.3             95.1                15.8
            March 2016           3,072          52,043             28.0             95.5                16.9
            March 2017           2,925          51,099             26.6             95.2                17.5
            March 2018           2,824          50,001             25.7             96.5                17.7
            March 2019           2,688          49,661             24.5             95.2                18.5
            March 2020           2,584          48,718             23.5             96.1                18.9
            March 2021           2,452          45,029             22.3             94.9                18.4
            March 2022           2,345          45,217             21.3             95.6                19.3
            March 2023           2,248          45,048             20.5             95.9                20.0
            March 2024           2,129          43,774             19.4             94.7                20.6
 
Annual openings
Year ended: March 2004

            March 2004          10,849          69,764            100.0               _                  6.4
            March 2005           8,562          70,034             78.9             78.9                 8.2
            March 2006           7,324          70,657             67.5             85.5                 9.6
            March 2007           6,343          66,667             58.5             86.6                10.5
            March 2008           5,733          64,665             52.8             90.4                11.3
            March 2009           5,040          56,666             46.5             87.9                11.2
            March 2010           4,589          54,227             42.3             91.1                11.8
            March 2011           4,227          53,190             39.0             92.1                12.6
            March 2012           3,974          53,088             36.6             94.0                13.4
            March 2013           3,751          53,227             34.6             94.4                14.2
            March 2014           3,525          53,032             32.5             94.0                15.0
            March 2015           3,349          54,157             30.9             95.0                16.2
            March 2016           3,179          54,719             29.3             94.9                17.2
            March 2017           3,050          53,616             28.1             95.9                17.6
            March 2018           2,908          52,651             26.8             95.3                18.1
            March 2019           2,779          50,171             25.6             95.6                18.1
            March 2020           2,699          49,134             24.9             97.1                18.2
            March 2021           2,608          48,587             24.0             96.6                18.6
            March 2022           2,494          46,639             23.0             95.6                18.7
            March 2023           2,408          46,716             22.2             96.6                19.4
            March 2024           2,312          44,884             21.3             96.0                19.4
 
Annual openings
Year ended: March 2005

            March 2005          11,270          72,800            100.0               _                  6.5
            March 2006           8,972          72,141             79.6             79.6                 8.0
            March 2007           7,598          69,087             67.4             84.7                 9.1
            March 2008           6,671          65,971             59.2             87.8                 9.9
            March 2009           5,814          58,150             51.6             87.2                10.0
            March 2010           5,133          55,498             45.5             88.3                10.8
            March 2011           4,689          53,443             41.6             91.4                11.4
            March 2012           4,342          55,375             38.5             92.6                12.8
            March 2013           4,098          53,289             36.4             94.4                13.0
            March 2014           3,861          53,398             34.3             94.2                13.8
            March 2015           3,610          53,807             32.0             93.5                14.9
            March 2016           3,463          53,881             30.7             95.9                15.6
            March 2017           3,310          53,532             29.4             95.6                16.2
            March 2018           3,184          53,162             28.3             96.2                16.7
            March 2019           3,032          53,201             26.9             95.2                17.5
            March 2020           2,853          51,351             25.3             94.1                18.0
            March 2021           2,670          48,080             23.7             93.6                18.0
            March 2022           2,539          49,016             22.5             95.1                19.3
            March 2023           2,466          49,588             21.9             97.1                20.1
            March 2024           2,350          49,599             20.9             95.3                21.1
 
Annual openings
Year ended: March 2006

            March 2006          11,892          70,275            100.0               _                  5.9
            March 2007           9,353          69,279             78.6             78.6                 7.4
            March 2008           7,896          65,719             66.4             84.4                 8.3
            March 2009           6,678          59,636             56.2             84.6                 8.9
            March 2010           5,776          55,819             48.6             86.5                 9.7
            March 2011           5,208          57,129             43.8             90.2                11.0
            March 2012           4,785          56,360             40.2             91.9                11.8
            March 2013           4,410          56,169             37.1             92.2                12.7
            March 2014           4,216          55,132             35.5             95.6                13.1
            March 2015           3,971          54,575             33.4             94.2                13.7
            March 2016           3,734          55,484             31.4             94.0                14.9
            March 2017           3,595          54,902             30.2             96.3                15.3
            March 2018           3,473          53,886             29.2             96.6                15.5
            March 2019           3,284          54,578             27.6             94.6                16.6
            March 2020           3,147          53,183             26.5             95.8                16.9
            March 2021           3,001          49,681             25.2             95.4                16.6
            March 2022           2,864          51,156             24.1             95.4                17.9
            March 2023           2,733          50,991             23.0             95.4                18.7
            March 2024           2,613          50,679             22.0             95.6                19.4
 
Annual openings
Year ended: March 2007

            March 2007          11,857          68,727            100.0               _                  5.8
            March 2008           9,227          68,670             77.8             77.8                 7.4
            March 2009           7,473          58,714             63.0             81.0                 7.9
            March 2010           6,327          55,432             53.4             84.7                 8.8
            March 2011           5,646          55,298             47.6             89.2                 9.8
            March 2012           5,118          54,157             43.2             90.6                10.6
            March 2013           4,730          54,593             39.9             92.4                11.5
            March 2014           4,418          53,427             37.3             93.4                12.1
            March 2015           4,134          52,985             34.9             93.6                12.8
            March 2016           3,878          53,312             32.7             93.8                13.7
            March 2017           3,658          53,480             30.9             94.3                14.6
            March 2018           3,481          53,491             29.4             95.2                15.4
            March 2019           3,316          53,660             28.0             95.3                16.2
            March 2020           3,175          51,738             26.8             95.7                16.3
            March 2021           2,962          50,255             25.0             93.3                17.0
            March 2022           2,798          50,712             23.6             94.5                18.1
            March 2023           2,698          48,808             22.8             96.4                18.1
            March 2024           2,576          47,865             21.7             95.5                18.6
 
Annual openings
Year ended: March 2008

            March 2008          11,947          66,752            100.0               _                  5.6
            March 2009           9,045          57,832             75.7             75.7                 6.4
            March 2010           7,480          53,920             62.6             82.7                 7.2
            March 2011           6,412          53,018             53.7             85.7                 8.3
            March 2012           5,709          54,277             47.8             89.0                 9.5
            March 2013           5,226          53,439             43.7             91.5                10.2
            March 2014           4,782          52,857             40.0             91.5                11.1
            March 2015           4,449          53,048             37.2             93.0                11.9
            March 2016           4,137          52,484             34.6             93.0                12.7
            March 2017           3,951          51,892             33.1             95.5                13.1
            March 2018           3,792          52,116             31.7             96.0                13.7
            March 2019           3,618          51,330             30.3             95.4                14.2
            March 2020           3,467          49,944             29.0             95.8                14.4
            March 2021           3,280          47,701             27.5             94.6                14.5
            March 2022           3,128          48,677             26.2             95.4                15.6
            March 2023           2,971          48,118             24.9             95.0                16.2
            March 2024           2,816          45,766             23.6             94.8                16.3
 
Annual openings
Year ended: March 2009

            March 2009          10,000          52,952            100.0               _                  5.3
            March 2010           7,687          51,107             76.9             76.9                 6.6
            March 2011           6,439          50,233             64.4             83.8                 7.8
            March 2012           5,621          49,624             56.2             87.3                 8.8
            March 2013           5,107          48,318             51.1             90.9                 9.5
            March 2014           4,680          48,206             46.8             91.6                10.3
            March 2015           4,278          48,366             42.8             91.4                11.3
            March 2016           3,934          49,405             39.3             92.0                12.6
            March 2017           3,744          49,169             37.4             95.2                13.1
            March 2018           3,514          47,807             35.1             93.9                13.6
            March 2019           3,326          46,894             33.3             94.6                14.1
            March 2020           3,175          45,501             31.8             95.5                14.3
            March 2021           2,977          42,783             29.8             93.8                14.4
            March 2022           2,831          43,890             28.3             95.1                15.5
            March 2023           2,669          42,182             26.7             94.3                15.8
            March 2024           2,530          41,885             25.3             94.8                16.6
 
Annual openings
Year ended: March 2010

            March 2010           9,255          48,754            100.0               _                  5.3
            March 2011           7,127          45,577             77.0             77.0                 6.4
            March 2012           6,063          46,592             65.5             85.1                 7.7
            March 2013           5,329          44,625             57.6             87.9                 8.4
            March 2014           4,736          43,103             51.2             88.9                 9.1
            March 2015           4,332          42,346             46.8             91.5                 9.8
            March 2016           3,984          42,698             43.0             92.0                10.7
            March 2017           3,706          42,729             40.0             93.0                11.5
            March 2018           3,499          41,638             37.8             94.4                11.9
            March 2019           3,247          41,844             35.1             92.8                12.9
            March 2020           3,056          41,040             33.0             94.1                13.4
            March 2021           2,926          39,652             31.6             95.7                13.6
            March 2022           2,766          40,278             29.9             94.5                14.6
            March 2023           2,669          39,674             28.8             96.5                14.9
            March 2024           2,502          38,899             27.0             93.7                15.5
 
Annual openings
Year ended: March 2011

            March 2011           9,683          48,462            100.0               _                  5.0
            March 2012           7,624          51,512             78.7             78.7                 6.8
            March 2013           6,437          49,261             66.5             84.4                 7.7
            March 2014           5,580          49,620             57.6             86.7                 8.9
            March 2015           5,008          50,384             51.7             89.7                10.1
            March 2016           4,570          50,792             47.2             91.3                11.1
            March 2017           4,218          48,873             43.6             92.3                11.6
            March 2018           3,945          49,407             40.7             93.5                12.5
            March 2019           3,637          49,889             37.6             92.2                13.7
            March 2020           3,469          48,750             35.8             95.4                14.1
            March 2021           3,244          45,640             33.5             93.5                14.1
            March 2022           3,091          46,260             31.9             95.3                15.0
            March 2023           2,896          44,457             29.9             93.7                15.4
            March 2024           2,748          43,488             28.4             94.9                15.8
 
Annual openings
Year ended: March 2012

            March 2012          10,274          55,835            100.0               _                  5.4
            March 2013           7,952          54,695             77.4             77.4                 6.9
            March 2014           6,677          56,065             65.0             84.0                 8.4
            March 2015           5,915          56,993             57.6             88.6                 9.6
            March 2016           5,388          60,122             52.4             91.1                11.2
            March 2017           4,957          58,075             48.2             92.0                11.7
            March 2018           4,592          57,185             44.7             92.6                12.5
            March 2019           4,219          55,195             41.1             91.9                13.1
            March 2020           4,031          56,394             39.2             95.5                14.0
            March 2021           3,777          65,702             36.8             93.7                17.4
            March 2022           3,543          71,289             34.5             93.8                20.1
            March 2023           3,300          61,713             32.1             93.1                18.7
            March 2024           3,100          64,512             30.2             93.9                20.8
 
Annual openings
Year ended: March 2013

            March 2013          10,798          55,741            100.0               _                  5.2
            March 2014           8,442          55,595             78.2             78.2                 6.6
            March 2015           7,229          56,433             66.9             85.6                 7.8
            March 2016           6,466          57,184             59.9             89.4                 8.8
            March 2017           5,848          54,986             54.2             90.4                 9.4
            March 2018           5,196          53,747             48.1             88.9                10.3
            March 2019           4,767          53,850             44.1             91.7                11.3
            March 2020           4,532          53,998             42.0             95.1                11.9
            March 2021           4,208          51,482             39.0             92.9                12.2
            March 2022           4,012          52,105             37.2             95.3                13.0
            March 2023           3,739          50,526             34.6             93.2                13.5
            March 2024           3,505          49,622             32.5             93.7                14.2
 
Annual openings
Year ended: March 2014

            March 2014          10,515          52,268            100.0               _                  5.0
            March 2015           8,338          54,920             79.3             79.3                 6.6
            March 2016           7,035          56,323             66.9             84.4                 8.0
            March 2017           6,313          57,593             60.0             89.7                 9.1
            March 2018           5,737          57,972             54.6             90.9                10.1
            March 2019           5,178          57,859             49.2             90.3                11.2
            March 2020           4,891          56,217             46.5             94.5                11.5
            March 2021           4,522          53,004             43.0             92.5                11.7
            March 2022           4,218          55,557             40.1             93.3                13.2
            March 2023           3,957          53,633             37.6             93.8                13.6
            March 2024           3,658          51,736             34.8             92.4                14.1
 
Annual openings
Year ended: March 2015

            March 2015          11,179          54,209            100.0               _                  4.8
            March 2016           8,843          54,631             79.1             79.1                 6.2
            March 2017           7,634          56,015             68.3             86.3                 7.3
            March 2018           6,696          57,865             59.9             87.7                 8.6
            March 2019           5,951          58,308             53.2             88.9                 9.8
            March 2020           5,529          57,539             49.5             92.9                10.4
            March 2021           5,093          55,435             45.6             92.1                10.9
            March 2022           4,719          57,776             42.2             92.7                12.2
            March 2023           4,415          57,329             39.5             93.6                13.0
            March 2024           4,083          54,013             36.5             92.5                13.2
 
Annual openings
Year ended: March 2016

            March 2016          11,680          57,264            100.0               _                  4.9
            March 2017           9,412          59,668             80.6             80.6                 6.3
            March 2018           8,058          58,852             69.0             85.6                 7.3
            March 2019           7,116          58,031             60.9             88.3                 8.2
            March 2020           6,677          57,437             57.2             93.8                 8.6
            March 2021           5,996          53,317             51.3             89.8                 8.9
            March 2022           5,590          55,556             47.9             93.2                 9.9
            March 2023           5,202          56,013             44.5             93.1                10.8
            March 2024           4,781          54,229             40.9             91.9                11.3
 
Annual openings
Year ended: March 2017

            March 2017          12,076          57,837            100.0               _                  4.8
            March 2018           9,604          59,450             79.5             79.5                 6.2
            March 2019           8,136          58,486             67.4             84.7                 7.2
            March 2020           7,430          58,289             61.5             91.3                 7.8
            March 2021           6,723          55,353             55.7             90.5                 8.2
            March 2022           6,226          58,169             51.6             92.6                 9.3
            March 2023           5,760          57,506             47.7             92.5                10.0
            March 2024           5,221          54,865             43.2             90.6                10.5
 
Annual openings
Year ended: March 2018

            March 2018          12,313          58,156            100.0               _                  4.7
            March 2019           9,713          59,604             78.9             78.9                 6.1
            March 2020           8,846          59,634             71.8             91.1                 6.7
            March 2021           7,815          58,325             63.5             88.3                 7.5
            March 2022           7,171          61,557             58.2             91.8                 8.6
            March 2023           6,513          61,899             52.9             90.8                 9.5
            March 2024           5,870          60,004             47.7             90.1                10.2
 
Annual openings
Year ended: March 2019

            March 2019          13,733          61,706            100.0               _                  4.5
            March 2020          11,452          64,142             83.4             83.4                 5.6
            March 2021           9,810          61,384             71.4             85.7                 6.3
            March 2022           8,897          66,997             64.8             90.7                 7.5
            March 2023           8,006          66,966             58.3             90.0                 8.4
            March 2024           7,141          64,863             52.0             89.2                 9.1
 
Annual openings
Year ended: March 2020

            March 2020          14,614          61,685            100.0               _                  4.2
            March 2021          11,738          63,137             80.3             80.3                 5.4
            March 2022          10,242          69,434             70.1             87.3                 6.8
            March 2023           9,155          70,489             62.6             89.4                 7.7
            March 2024           8,012          66,064             54.8             87.5                 8.2
 
Annual openings
Year ended: March 2021

            March 2021          17,703          63,356            100.0               _                  3.6
            March 2022          13,943          73,652             78.8             78.8                 5.3
            March 2023          11,761          71,955             66.4             84.4                 6.1
            March 2024          10,099          69,697             57.0             85.9                 6.9
 
Annual openings
Year ended: March 2022

            March 2022          23,821          84,497            100.0               _                  3.5
            March 2023          18,215          87,787             76.5             76.5                 4.8
            March 2024          15,047          86,886             63.2             82.6                 5.8
 
Annual openings
Year ended: March 2023

            March 2023          22,597          81,713            100.0               _                  3.6
            March 2024          17,694          83,187             78.3             78.3                 4.7
 
Annual openings
Year ended: March 2024

            March 2024          21,553          86,691            100.0               _                  4.0
 
NOTE: A '_' indicates that the data are not available and a 'N' indicates that the data do not meet BLS disclosure standards.
