Table 7. Survival of private sector establishments by opening year

Total Private

Texas

                          Surviving       Total Employment   Survival Rates   Survival Rates of   Average Employment
                          Establishments  of Survivors       Since Birth      Previous Year's     of Survivors
                                                                              Survivors

Annual openings
Year ended: March 1994

            March 1994          33,321         313,919            100.0               _                  9.4
            March 1995          27,274         311,492             81.9             81.9                11.4
            March 1996          24,003         303,480             72.0             88.0                12.6
            March 1997          21,749         299,167             65.3             90.6                13.8
            March 1998          19,587         295,415             58.8             90.1                15.1
            March 1999          17,990         291,297             54.0             91.8                16.2
            March 2000          16,446         281,144             49.4             91.4                17.1
            March 2001          15,235         270,724             45.7             92.6                17.8
            March 2002          14,125         251,624             42.4             92.7                17.8
            March 2003          13,103         232,971             39.3             92.8                17.8
            March 2004          12,234         225,445             36.7             93.4                18.4
            March 2005          11,609         221,049             34.8             94.9                19.0
            March 2006          10,961         219,213             32.9             94.4                20.0
            March 2007          10,491         221,690             31.5             95.7                21.1
            March 2008           9,973         219,342             29.9             95.1                22.0
            March 2009           9,568         204,440             28.7             95.9                21.4
            March 2010           9,142         194,921             27.4             95.5                21.3
            March 2011           8,859         193,196             26.6             96.9                21.8
            March 2012           8,551         192,744             25.7             96.5                22.5
            March 2013           8,294         194,552             24.9             97.0                23.5
            March 2014           7,919         196,994             23.8             95.5                24.9
            March 2015           7,701         193,781             23.1             97.2                25.2
            March 2016           7,404         189,124             22.2             96.1                25.5
            March 2017           7,240         189,165             21.7             97.8                26.1
            March 2018           6,948         182,754             20.9             96.0                26.3
            March 2019           6,821         181,439             20.5             98.2                26.6
            March 2020           6,557         175,599             19.7             96.1                26.8
            March 2021           6,222         164,412             18.7             94.9                26.4
            March 2022           5,972         167,159             17.9             96.0                28.0
            March 2023           5,685         171,487             17.1             95.2                30.2
            March 2024           5,509         165,448             16.5             96.9                30.0
 
Annual openings
Year ended: March 1995

            March 1995          43,220         387,975            100.0               _                  9.0
            March 1996          35,006         385,871             81.0             81.0                11.0
            March 1997          31,026         386,816             71.8             88.6                12.5
            March 1998          27,453         383,854             63.5             88.5                14.0
            March 1999          24,811         369,990             57.4             90.4                14.9
            March 2000          22,491         356,864             52.0             90.6                15.9
            March 2001          20,566         348,025             47.6             91.4                16.9
            March 2002          18,827         322,136             43.6             91.5                17.1
            March 2003          17,386         308,435             40.2             92.3                17.7
            March 2004          16,245         303,579             37.6             93.4                18.7
            March 2005          15,365         296,960             35.6             94.6                19.3
            March 2006          14,529         297,725             33.6             94.6                20.5
            March 2007          13,796         295,043             31.9             95.0                21.4
            March 2008          13,275         291,619             30.7             96.2                22.0
            March 2009          12,684         273,299             29.3             95.5                21.5
            March 2010          12,206         264,089             28.2             96.2                21.6
            March 2011          11,748         264,196             27.2             96.2                22.5
            March 2012          11,335         262,488             26.2             96.5                23.2
            March 2013          10,973         265,430             25.4             96.8                24.2
            March 2014          10,622         263,428             24.6             96.8                24.8
            March 2015          10,196         264,193             23.6             96.0                25.9
            March 2016           9,759         261,831             22.6             95.7                26.8
            March 2017           9,469         257,824             21.9             97.0                27.2
            March 2018           8,943         259,133             20.7             94.4                29.0
            March 2019           8,633         257,602             20.0             96.5                29.8
            March 2020           8,610         255,484             19.9             99.7                29.7
            March 2021           8,258         244,096             19.1             95.9                29.6
            March 2022           7,893         248,861             18.3             95.6                31.5
            March 2023           7,604         247,298             17.6             96.3                32.5
            March 2024           7,297         243,987             16.9             96.0                33.4
 
Annual openings
Year ended: March 1996

            March 1996          35,162         298,103            100.0               _                  8.5
            March 1997          28,896         308,206             82.2             82.2                10.7
            March 1998          24,737         308,650             70.4             85.6                12.5
            March 1999          21,938         301,459             62.4             88.7                13.7
            March 2000          19,585         297,360             55.7             89.3                15.2
            March 2001          17,782         288,509             50.6             90.8                16.2
            March 2002          16,183         260,621             46.0             91.0                16.1
            March 2003          14,844         244,091             42.2             91.7                16.4
            March 2004          13,813         232,436             39.3             93.1                16.8
            March 2005          13,084         232,643             37.2             94.7                17.8
            March 2006          12,254         239,639             34.9             93.7                19.6
            March 2007          11,731         234,652             33.4             95.7                20.0
            March 2008          11,106         232,918             31.6             94.7                21.0
            March 2009          10,611         217,831             30.2             95.5                20.5
            March 2010          10,139         206,683             28.8             95.6                20.4
            March 2011           9,690         202,977             27.6             95.6                20.9
            March 2012           9,378         204,549             26.7             96.8                21.8
            March 2013           9,077         204,282             25.8             96.8                22.5
            March 2014           8,771         200,134             24.9             96.6                22.8
            March 2015           8,492         201,369             24.2             96.8                23.7
            March 2016           8,072         196,060             23.0             95.1                24.3
            March 2017           7,945         193,197             22.6             98.4                24.3
            March 2018           7,602         189,232             21.6             95.7                24.9
            March 2019           7,333         188,298             20.9             96.5                25.7
            March 2020           7,060         184,411             20.1             96.3                26.1
            March 2021           6,753         170,695             19.2             95.7                25.3
            March 2022           6,492         177,848             18.5             96.1                27.4
            March 2023           6,199         186,208             17.6             95.5                30.0
            March 2024           6,062         180,142             17.2             97.8                29.7
 
Annual openings
Year ended: March 1997

            March 1997          51,789         383,089            100.0               _                  7.4
            March 1998          41,089         403,493             79.3             79.3                 9.8
            March 1999          35,816         405,606             69.2             87.2                11.3
            March 2000          31,591         402,526             61.0             88.2                12.7
            March 2001          28,274         397,163             54.6             89.5                14.0
            March 2002          25,379         364,824             49.0             89.8                14.4
            March 2003          22,904         340,824             44.2             90.2                14.9
            March 2004          21,216         331,886             41.0             92.6                15.6
            March 2005          19,998         331,170             38.6             94.3                16.6
            March 2006          18,922         335,072             36.5             94.6                17.7
            March 2007          17,926         332,765             34.6             94.7                18.6
            March 2008          16,974         332,142             32.8             94.7                19.6
            March 2009          16,054         311,942             31.0             94.6                19.4
            March 2010          15,312         296,698             29.6             95.4                19.4
            March 2011          14,601         296,683             28.2             95.4                20.3
            March 2012          13,945         301,712             26.9             95.5                21.6
            March 2013          13,561         305,928             26.2             97.2                22.6
            March 2014          13,030         305,318             25.2             96.1                23.4
            March 2015          12,499         305,882             24.1             95.9                24.5
            March 2016          11,885         301,208             22.9             95.1                25.3
            March 2017          11,473         301,376             22.2             96.5                26.3
            March 2018          11,001         297,459             21.2             95.9                27.0
            March 2019          10,528         294,467             20.3             95.7                28.0
            March 2020          10,116         287,443             19.5             96.1                28.4
            March 2021           9,741         267,742             18.8             96.3                27.5
            March 2022           9,362         272,478             18.1             96.1                29.1
            March 2023           9,021         279,426             17.4             96.4                31.0
            March 2024           8,749         277,920             16.9             97.0                31.8
 
Annual openings
Year ended: March 1998

            March 1998          43,772         370,578            100.0               _                  8.5
            March 1999          34,803         375,351             79.5             79.5                10.8
            March 2000          29,569         372,114             67.6             85.0                12.6
            March 2001          25,963         368,689             59.3             87.8                14.2
            March 2002          23,274         336,734             53.2             89.6                14.5
            March 2003          20,656         315,153             47.2             88.8                15.3
            March 2004          18,941         308,420             43.3             91.7                16.3
            March 2005          17,707         306,189             40.5             93.5                17.3
            March 2006          16,775         307,594             38.3             94.7                18.3
            March 2007          15,829         308,321             36.2             94.4                19.5
            March 2008          14,783         303,411             33.8             93.4                20.5
            March 2009          14,043         288,294             32.1             95.0                20.5
            March 2010          13,538         275,896             30.9             96.4                20.4
            March 2011          12,893         279,732             29.5             95.2                21.7
            March 2012          12,268         282,859             28.0             95.2                23.1
            March 2013          11,826         283,330             27.0             96.4                24.0
            March 2014          11,461         280,855             26.2             96.9                24.5
            March 2015          11,041         278,367             25.2             96.3                25.2
            March 2016          10,527         278,743             24.0             95.3                26.5
            March 2017          10,138         277,849             23.2             96.3                27.4
            March 2018           9,762         275,510             22.3             96.3                28.2
            March 2019           9,376         271,061             21.4             96.0                28.9
            March 2020           9,011         266,500             20.6             96.1                29.6
            March 2021           8,658         249,739             19.8             96.1                28.8
            March 2022           8,227         254,698             18.8             95.0                31.0
            March 2023           8,049         252,340             18.4             97.8                31.4
            March 2024           7,647         247,315             17.5             95.0                32.3
 
Annual openings
Year ended: March 1999

            March 1999          41,258         318,456            100.0               _                  7.7
            March 2000          32,570         334,090             78.9             78.9                10.3
            March 2001          27,669         328,571             67.1             85.0                11.9
            March 2002          23,904         299,807             57.9             86.4                12.5
            March 2003          21,085         280,046             51.1             88.2                13.3
            March 2004          19,088         272,587             46.3             90.5                14.3
            March 2005          17,586         267,697             42.6             92.1                15.2
            March 2006          16,380         269,345             39.7             93.1                16.4
            March 2007          15,456         269,841             37.5             94.4                17.5
            March 2008          14,486         266,343             35.1             93.7                18.4
            March 2009          13,696         251,428             33.2             94.5                18.4
            March 2010          12,961         240,252             31.4             94.6                18.5
            March 2011          12,276         240,406             29.8             94.7                19.6
            March 2012          11,745         238,342             28.5             95.7                20.3
            March 2013          11,282         237,043             27.3             96.1                21.0
            March 2014          10,787         236,068             26.1             95.6                21.9
            March 2015          10,394         236,328             25.2             96.4                22.7
            March 2016           9,909         232,155             24.0             95.3                23.4
            March 2017           9,572         229,880             23.2             96.6                24.0
            March 2018           9,167         227,855             22.2             95.8                24.9
            March 2019           8,845         226,841             21.4             96.5                25.6
            March 2020           8,566         223,956             20.8             96.8                26.1
            March 2021           8,156         210,132             19.8             95.2                25.8
            March 2022           7,818         214,368             18.9             95.9                27.4
            March 2023           7,523         215,188             18.2             96.2                28.6
            March 2024           7,193         210,048             17.4             95.6                29.2
 
Annual openings
Year ended: March 2000

            March 2000          43,621         331,739            100.0               _                  7.6
            March 2001          34,256         336,222             78.5             78.5                 9.8
            March 2002          28,924         314,501             66.3             84.4                10.9
            March 2003          24,980         293,465             57.3             86.4                11.7
            March 2004          22,492         286,568             51.6             90.0                12.7
            March 2005          20,462         280,928             46.9             91.0                13.7
            March 2006          19,016         284,050             43.6             92.9                14.9
            March 2007          17,893         282,796             41.0             94.1                15.8
            March 2008          16,717         280,980             38.3             93.4                16.8
            March 2009          15,725         264,151             36.0             94.1                16.8
            March 2010          14,872         252,176             34.1             94.6                17.0
            March 2011          14,120         254,937             32.4             94.9                18.1
            March 2012          13,558         255,814             31.1             96.0                18.9
            March 2013          12,997         256,576             29.8             95.9                19.7
            March 2014          12,528         255,616             28.7             96.4                20.4
            March 2015          12,021         257,843             27.6             96.0                21.4
            March 2016          11,427         250,509             26.2             95.1                21.9
            March 2017          11,031         248,005             25.3             96.5                22.5
            March 2018          10,629         245,598             24.4             96.4                23.1
            March 2019          10,242         243,238             23.5             96.4                23.7
            March 2020           9,856         237,779             22.6             96.2                24.1
            March 2021           9,592         224,025             22.0             97.3                23.4
            March 2022           9,190         231,686             21.1             95.8                25.2
            March 2023           8,882         234,982             20.4             96.6                26.5
            March 2024           8,543         224,762             19.6             96.2                26.3
 
Annual openings
Year ended: March 2001

            March 2001          41,168         298,035            100.0               _                  7.2
            March 2002          31,384         284,827             76.2             76.2                 9.1
            March 2003          26,438         270,736             64.2             84.2                10.2
            March 2004          23,477         261,324             57.0             88.8                11.1
            March 2005          21,277         259,629             51.7             90.6                12.2
            March 2006          19,467         265,315             47.3             91.5                13.6
            March 2007          18,089         262,469             43.9             92.9                14.5
            March 2008          16,955         257,268             41.2             93.7                15.2
            March 2009          15,848         242,413             38.5             93.5                15.3
            March 2010          14,977         228,063             36.4             94.5                15.2
            March 2011          14,147         229,736             34.4             94.5                16.2
            March 2012          13,528         229,791             32.9             95.6                17.0
            March 2013          12,864         227,731             31.2             95.1                17.7
            March 2014          12,357         228,201             30.0             96.1                18.5
            March 2015          11,823         224,547             28.7             95.7                19.0
            March 2016          11,189         220,627             27.2             94.6                19.7
            March 2017          10,744         217,678             26.1             96.0                20.3
            March 2018          10,320         215,837             25.1             96.1                20.9
            March 2019           9,874         214,079             24.0             95.7                21.7
            March 2020           9,455         213,731             23.0             95.8                22.6
            March 2021           9,008         199,180             21.9             95.3                22.1
            March 2022           8,582         205,241             20.8             95.3                23.9
            March 2023           8,258         209,683             20.1             96.2                25.4
            March 2024           7,909         206,098             19.2             95.8                26.1
 
Annual openings
Year ended: March 2002

            March 2002          43,802         325,241            100.0               _                  7.4
            March 2003          34,095         310,392             77.8             77.8                 9.1
            March 2004          29,169         304,104             66.6             85.6                10.4
            March 2005          25,723         299,497             58.7             88.2                11.6
            March 2006          23,482         299,831             53.6             91.3                12.8
            March 2007          21,636         298,661             49.4             92.1                13.8
            March 2008          20,037         296,838             45.7             92.6                14.8
            March 2009          18,805         278,867             42.9             93.9                14.8
            March 2010          17,548         264,988             40.1             93.3                15.1
            March 2011          16,481         261,049             37.6             93.9                15.8
            March 2012          15,667         262,170             35.8             95.1                16.7
            March 2013          14,928         264,929             34.1             95.3                17.7
            March 2014          14,301         266,706             32.6             95.8                18.6
            March 2015          14,149         267,862             32.3             98.9                18.9
            March 2016          13,468         259,721             30.7             95.2                19.3
            March 2017          12,999         257,367             29.7             96.5                19.8
            March 2018          12,516         256,195             28.6             96.3                20.5
            March 2019          12,101         252,863             27.6             96.7                20.9
            March 2020          11,657         250,244             26.6             96.3                21.5
            March 2021          11,224         235,890             25.6             96.3                21.0
            March 2022          10,781         243,173             24.6             96.1                22.6
            March 2023          10,409         247,560             23.8             96.5                23.8
            March 2024           9,875         240,185             22.5             94.9                24.3
 
Annual openings
Year ended: March 2003

            March 2003          43,235         307,468            100.0               _                  7.1
            March 2004          33,875         301,503             78.4             78.4                 8.9
            March 2005          29,522         301,080             68.3             87.1                10.2
            March 2006          26,287         305,799             60.8             89.0                11.6
            March 2007          23,872         310,360             55.2             90.8                13.0
            March 2008          21,783         304,424             50.4             91.2                14.0
            March 2009          20,101         288,699             46.5             92.3                14.4
            March 2010          18,828         274,476             43.5             93.7                14.6
            March 2011          17,680         276,271             40.9             93.9                15.6
            March 2012          16,782         275,713             38.8             94.9                16.4
            March 2013          16,022         276,927             37.1             95.5                17.3
            March 2014          15,373         274,618             35.6             95.9                17.9
            March 2015          14,636         272,607             33.9             95.2                18.6
            March 2016          13,857         266,444             32.1             94.7                19.2
            March 2017          13,256         264,253             30.7             95.7                19.9
            March 2018          12,711         261,847             29.4             95.9                20.6
            March 2019          12,110         256,376             28.0             95.3                21.2
            March 2020          11,585         254,249             26.8             95.7                21.9
            March 2021          11,256         240,356             26.0             97.2                21.4
            March 2022          10,770         247,911             24.9             95.7                23.0
            March 2023          10,277         247,943             23.8             95.4                24.1
            March 2024           9,792         246,077             22.6             95.3                25.1
 
Annual openings
Year ended: March 2004

            March 2004          42,714         289,305            100.0               _                  6.8
            March 2005          33,945         292,105             79.5             79.5                 8.6
            March 2006          29,700         301,270             69.5             87.5                10.1
            March 2007          26,332         304,188             61.6             88.7                11.6
            March 2008          23,660         300,843             55.4             89.9                12.7
            March 2009          21,682         283,358             50.8             91.6                13.1
            March 2010          19,947         268,547             46.7             92.0                13.5
            March 2011          18,574         269,593             43.5             93.1                14.5
            March 2012          17,493         272,627             41.0             94.2                15.6
            March 2013          16,568         276,605             38.8             94.7                16.7
            March 2014          15,763         276,064             36.9             95.1                17.5
            March 2015          14,943         276,682             35.0             94.8                18.5
            March 2016          14,131         266,932             33.1             94.6                18.9
            March 2017          13,447         262,802             31.5             95.2                19.5
            March 2018          12,909         260,047             30.2             96.0                20.1
            March 2019          12,350         255,881             28.9             95.7                20.7
            March 2020          11,727         246,659             27.5             95.0                21.0
            March 2021          11,363         226,691             26.6             96.9                19.9
            March 2022          10,833         235,450             25.4             95.3                21.7
            March 2023          10,546         237,622             24.7             97.4                22.5
            March 2024           9,910         233,009             23.2             94.0                23.5
 
Annual openings
Year ended: March 2005

            March 2005          42,847         269,640            100.0               _                  6.3
            March 2006          34,218         283,041             79.9             79.9                 8.3
            March 2007          29,567         287,697             69.0             86.4                 9.7
            March 2008          26,511         285,835             61.9             89.7                10.8
            March 2009          23,859         268,356             55.7             90.0                11.2
            March 2010          21,660         254,653             50.6             90.8                11.8
            March 2011          20,077         259,699             46.9             92.7                12.9
            March 2012          18,755         263,633             43.8             93.4                14.1
            March 2013          17,852         267,184             41.7             95.2                15.0
            March 2014          16,867         272,094             39.4             94.5                16.1
            March 2015          15,990         271,588             37.3             94.8                17.0
            March 2016          15,026         264,773             35.1             94.0                17.6
            March 2017          14,221         263,329             33.2             94.6                18.5
            March 2018          13,584         263,405             31.7             95.5                19.4
            March 2019          13,056         260,374             30.5             96.1                19.9
            March 2020          12,422         256,835             29.0             95.1                20.7
            March 2021          11,813         244,238             27.6             95.1                20.7
            March 2022          11,310         252,670             26.4             95.7                22.3
            March 2023          10,818         250,583             25.2             95.6                23.2
            March 2024          10,423         244,337             24.3             96.3                23.4
 
Annual openings
Year ended: March 2006

            March 2006          44,421         282,303            100.0               _                  6.4
            March 2007          35,355         293,027             79.6             79.6                 8.3
            March 2008          30,206         291,731             68.0             85.4                 9.7
            March 2009          26,634         268,488             60.0             88.2                10.1
            March 2010          23,953         256,023             53.9             89.9                10.7
            March 2011          22,036         257,143             49.6             92.0                11.7
            March 2012          20,568         262,327             46.3             93.3                12.8
            March 2013          19,350         263,085             43.6             94.1                13.6
            March 2014          18,466         268,487             41.6             95.4                14.5
            March 2015          17,391         269,823             39.2             94.2                15.5
            March 2016          16,339         267,002             36.8             94.0                16.3
            March 2017          15,639         272,561             35.2             95.7                17.4
            March 2018          14,912         275,662             33.6             95.4                18.5
            March 2019          14,149         269,795             31.9             94.9                19.1
            March 2020          13,497         268,625             30.4             95.4                19.9
            March 2021          12,818         252,368             28.9             95.0                19.7
            March 2022          11,798         256,536             26.6             92.0                21.7
            March 2023          11,669         258,580             26.3             98.9                22.2
            March 2024          11,110         255,901             25.0             95.2                23.0
 
Annual openings
Year ended: March 2007

            March 2007          46,540         294,448            100.0               _                  6.3
            March 2008          36,367         298,766             78.1             78.1                 8.2
            March 2009          30,897         282,258             66.4             85.0                 9.1
            March 2010          27,382         265,056             58.8             88.6                 9.7
            March 2011          24,744         266,709             53.2             90.4                10.8
            March 2012          22,908         268,268             49.2             92.6                11.7
            March 2013          21,218         268,740             45.6             92.6                12.7
            March 2014          19,852         269,550             42.7             93.6                13.6
            March 2015          18,449         270,347             39.6             92.9                14.7
            March 2016          17,268         261,358             37.1             93.6                15.1
            March 2017          16,278         258,819             35.0             94.3                15.9
            March 2018          15,465         255,939             33.2             95.0                16.5
            March 2019          14,753         253,439             31.7             95.4                17.2
            March 2020          13,967         248,314             30.0             94.7                17.8
            March 2021          13,313         234,654             28.6             95.3                17.6
            March 2022          12,580         239,298             27.0             94.5                19.0
            March 2023          12,079         243,530             26.0             96.0                20.2
            March 2024          11,612         235,513             25.0             96.1                20.3
 
Annual openings
Year ended: March 2008

            March 2008          46,086         272,397            100.0               _                  5.9
            March 2009          35,613         258,970             77.3             77.3                 7.3
            March 2010          30,609         249,181             66.4             85.9                 8.1
            March 2011          27,182         250,894             59.0             88.8                 9.2
            March 2012          24,862         256,731             53.9             91.5                10.3
            March 2013          23,085         258,879             50.1             92.9                11.2
            March 2014          21,632         261,317             46.9             93.7                12.1
            March 2015          20,116         259,584             43.6             93.0                12.9
            March 2016          18,649         251,309             40.5             92.7                13.5
            March 2017          17,533         247,235             38.0             94.0                14.1
            March 2018          16,465         246,960             35.7             93.9                15.0
            March 2019          15,630         245,589             33.9             94.9                15.7
            March 2020          14,722         234,929             31.9             94.2                16.0
            March 2021          14,150         219,005             30.7             96.1                15.5
            March 2022          13,463         227,465             29.2             95.1                16.9
            March 2023          12,928         231,667             28.1             96.0                17.9
            March 2024          12,363         222,645             26.8             95.6                18.0
 
Annual openings
Year ended: March 2009

            March 2009          42,538         234,074            100.0               _                  5.5
            March 2010          33,357         223,984             78.4             78.4                 6.7
            March 2011          28,970         230,714             68.1             86.8                 8.0
            March 2012          25,972         239,112             61.1             89.7                 9.2
            March 2013          23,794         241,479             55.9             91.6                10.1
            March 2014          22,169         241,047             52.1             93.2                10.9
            March 2015          20,506         241,180             48.2             92.5                11.8
            March 2016          18,903         234,223             44.4             92.2                12.4
            March 2017          17,654         232,546             41.5             93.4                13.2
            March 2018          16,592         231,372             39.0             94.0                13.9
            March 2019          15,806         229,727             37.2             95.3                14.5
            March 2020          14,940         223,118             35.1             94.5                14.9
            March 2021          14,164         209,078             33.3             94.8                14.8
            March 2022          13,448         213,623             31.6             94.9                15.9
            March 2023          12,712         212,718             29.9             94.5                16.7
            March 2024          12,007         207,577             28.2             94.5                17.3
 
Annual openings
Year ended: March 2010

            March 2010          39,966         211,418            100.0               _                  5.3
            March 2011          31,565         216,564             79.0             79.0                 6.9
            March 2012          27,670         223,344             69.2             87.7                 8.1
            March 2013          24,930         226,094             62.4             90.1                 9.1
            March 2014          22,709         230,240             56.8             91.1                10.1
            March 2015          20,820         227,927             52.1             91.7                10.9
            March 2016          18,919         222,665             47.3             90.9                11.8
            March 2017          17,672         221,833             44.2             93.4                12.6
            March 2018          16,466         220,415             41.2             93.2                13.4
            March 2019          15,495         220,091             38.8             94.1                14.2
            March 2020          14,547         215,653             36.4             93.9                14.8
            March 2021          13,629         199,134             34.1             93.7                14.6
            March 2022          12,923         206,829             32.3             94.8                16.0
            March 2023          12,302         211,044             30.8             95.2                17.2
            March 2024          11,759         206,028             29.4             95.6                17.5
 
Annual openings
Year ended: March 2011

            March 2011          42,690         222,940            100.0               _                  5.2
            March 2012          34,110         235,230             79.9             79.9                 6.9
            March 2013          29,865         245,991             70.0             87.6                 8.2
            March 2014          26,920         249,741             63.1             90.1                 9.3
            March 2015          24,482         256,650             57.3             90.9                10.5
            March 2016          22,028         248,191             51.6             90.0                11.3
            March 2017          20,354         249,027             47.7             92.4                12.2
            March 2018          18,826         249,524             44.1             92.5                13.3
            March 2019          17,573         249,844             41.2             93.3                14.2
            March 2020          16,480         243,098             38.6             93.8                14.8
            March 2021          15,566         228,952             36.5             94.5                14.7
            March 2022          14,718         234,630             34.5             94.6                15.9
            March 2023          13,838         236,173             32.4             94.0                17.1
            March 2024          13,093         229,249             30.7             94.6                17.5
 
Annual openings
Year ended: March 2012

            March 2012          45,202         237,135            100.0               _                  5.2
            March 2013          36,378         251,737             80.5             80.5                 6.9
            March 2014          31,789         262,257             70.3             87.4                 8.2
            March 2015          28,352         267,255             62.7             89.2                 9.4
            March 2016          25,306         255,374             56.0             89.3                10.1
            March 2017          23,187         257,173             51.3             91.6                11.1
            March 2018          21,402         256,545             47.3             92.3                12.0
            March 2019          19,960         255,821             44.2             93.3                12.8
            March 2020          18,615         248,879             41.2             93.3                13.4
            March 2021          17,398         233,910             38.5             93.5                13.4
            March 2022          16,153         241,585             35.7             92.8                15.0
            March 2023          15,445         250,289             34.2             95.6                16.2
            March 2024          14,516         244,477             32.1             94.0                16.8
 
Annual openings
Year ended: March 2013

            March 2013          45,700         239,870            100.0               _                  5.2
            March 2014          36,813         252,009             80.6             80.6                 6.8
            March 2015          32,001         259,639             70.0             86.9                 8.1
            March 2016          28,166         252,114             61.6             88.0                 9.0
            March 2017          25,568         252,590             55.9             90.8                 9.9
            March 2018          23,187         251,061             50.7             90.7                10.8
            March 2019          21,445         254,398             46.9             92.5                11.9
            March 2020          19,916         251,070             43.6             92.9                12.6
            March 2021          18,566         236,757             40.6             93.2                12.8
            March 2022          17,451         254,831             38.2             94.0                14.6
            March 2023          16,390         257,148             35.9             93.9                15.7
            March 2024          15,360         250,751             33.6             93.7                16.3
 
Annual openings
Year ended: March 2014

            March 2014          46,644         257,251            100.0               _                  5.5
            March 2015          37,895         273,494             81.2             81.2                 7.2
            March 2016          32,468         273,560             69.6             85.7                 8.4
            March 2017          28,929         274,350             62.0             89.1                 9.5
            March 2018          26,240         272,079             56.3             90.7                10.4
            March 2019          24,023         272,069             51.5             91.6                11.3
            March 2020          22,164         267,495             47.5             92.3                12.1
            March 2021          20,796         251,876             44.6             93.8                12.1
            March 2022          19,681         261,815             42.2             94.6                13.3
            March 2023          18,518         266,583             39.7             94.1                14.4
            March 2024          17,385         260,556             37.3             93.9                15.0
 
Annual openings
Year ended: March 2015

            March 2015          50,046         278,254            100.0               _                  5.6
            March 2016          40,016         285,612             80.0             80.0                 7.1
            March 2017          34,264         286,072             68.5             85.6                 8.3
            March 2018          30,685         285,708             61.3             89.6                 9.3
            March 2019          27,896         287,163             55.7             90.9                10.3
            March 2020          25,465         284,412             50.9             91.3                11.2
            March 2021          23,767         270,435             47.5             93.3                11.4
            March 2022          22,055         282,350             44.1             92.8                12.8
            March 2023          20,889         286,084             41.7             94.7                13.7
            March 2024          19,473         279,123             38.9             93.2                14.3
 
Annual openings
Year ended: March 2016

            March 2016          53,308         272,833            100.0               _                  5.1
            March 2017          42,328         281,115             79.4             79.4                 6.6
            March 2018          36,729         285,365             68.9             86.8                 7.8
            March 2019          32,680         286,830             61.3             89.0                 8.8
            March 2020          29,431         283,116             55.2             90.1                 9.6
            March 2021          27,293         268,214             51.2             92.7                 9.8
            March 2022          25,082         280,506             47.1             91.9                11.2
            March 2023          23,366         293,026             43.8             93.2                12.5
            March 2024          21,704         287,845             40.7             92.9                13.3
 
Annual openings
Year ended: March 2017

            March 2017          55,478         286,445            100.0               _                  5.2
            March 2018          43,850         300,715             79.0             79.0                 6.9
            March 2019          38,153         304,197             68.8             87.0                 8.0
            March 2020          33,696         300,950             60.7             88.3                 8.9
            March 2021          30,911         287,394             55.7             91.7                 9.3
            March 2022          28,236         305,598             50.9             91.3                10.8
            March 2023          26,367         308,513             47.5             93.4                11.7
            March 2024          24,353         304,816             43.9             92.4                12.5
 
Annual openings
Year ended: March 2018

            March 2018          57,128         292,913            100.0               _                  5.1
            March 2019          45,461         305,169             79.6             79.6                 6.7
            March 2020          39,500         300,815             69.1             86.9                 7.6
            March 2021          35,862         287,203             62.8             90.8                 8.0
            March 2022          32,889         305,660             57.6             91.7                 9.3
            March 2023          30,081         306,042             52.7             91.5                10.2
            March 2024          27,552         294,823             48.2             91.6                10.7
 
Annual openings
Year ended: March 2019

            March 2019          58,840         287,222            100.0               _                  4.9
            March 2020          46,723         293,000             79.4             79.4                 6.3
            March 2021          41,539         284,531             70.6             88.9                 6.8
            March 2022          37,627         310,555             63.9             90.6                 8.3
            March 2023          33,987         309,873             57.8             90.3                 9.1
            March 2024          31,157         300,897             53.0             91.7                 9.7
 
Annual openings
Year ended: March 2020

            March 2020          57,777         286,142            100.0               _                  5.0
            March 2021          47,244         303,211             81.8             81.8                 6.4
            March 2022          41,733         326,294             72.2             88.3                 7.8
            March 2023          37,352         326,308             64.6             89.5                 8.7
            March 2024          33,397         316,388             57.8             89.4                 9.5
 
Annual openings
Year ended: March 2021

            March 2021          62,499         284,590            100.0               _                  4.6
            March 2022          49,417         317,402             79.1             79.1                 6.4
            March 2023          42,455         326,921             67.9             85.9                 7.7
            March 2024          37,525         321,485             60.0             88.4                 8.6
 
Annual openings
Year ended: March 2022

            March 2022          76,801         374,844            100.0               _                  4.9
            March 2023          59,651         384,370             77.7             77.7                 6.4
            March 2024          50,566         379,750             65.8             84.8                 7.5
 
Annual openings
Year ended: March 2023

            March 2023          74,979         336,761            100.0               _                  4.5
            March 2024          58,346         338,888             77.8             77.8                 5.8
 
Annual openings
Year ended: March 2024

            March 2024          68,919         314,628            100.0               _                  4.6
 
NOTE: A '_' indicates that the data are not available and a 'N' indicates that the data do not meet BLS disclosure standards.
