Table 7. Survival of private sector establishments by opening year

Finance and Insurance

                          Surviving       Total Employment   Survival Rates   Survival Rates of   Average Employment
                          Establishments  of Survivors       Since Birth      Previous Year's     of Survivors
                                                                              Survivors

Annual openings
Year ended: March 1994

            March 1994          28,995         203,194            100.0               _                  7.0
            March 1995          22,859         197,248             78.8             78.8                 8.6
            March 1996          19,425         196,288             67.0             85.0                10.1
            March 1997          17,437         193,364             60.1             89.8                11.1
            March 1998          15,839         197,564             54.6             90.8                12.5
            March 1999          14,656         182,689             50.5             92.5                12.5
            March 2000          13,230         173,238             45.6             90.3                13.1
            March 2001          12,185         170,915             42.0             92.1                14.0
            March 2002          11,547         171,853             39.8             94.8                14.9
            March 2003          10,548         161,613             36.4             91.3                15.3
            March 2004           9,968         153,802             34.4             94.5                15.4
            March 2005           9,563         146,508             33.0             95.9                15.3
            March 2006           9,286         150,120             32.0             97.1                16.2
            March 2007           8,812         147,265             30.4             94.9                16.7
            March 2008           8,467         142,689             29.2             96.1                16.9
            March 2009           7,906         125,545             27.3             93.4                15.9
            March 2010           7,470         116,728             25.8             94.5                15.6
            March 2011           7,135         115,297             24.6             95.5                16.2
            March 2012           6,848         114,000             23.6             96.0                16.6
            March 2013           6,579         113,064             22.7             96.1                17.2
            March 2014           6,374         109,683             22.0             96.9                17.2
            March 2015           6,150         107,790             21.2             96.5                17.5
            March 2016           5,902         106,592             20.4             96.0                18.1
            March 2017           5,672         107,452             19.6             96.1                18.9
            March 2018           5,409         105,995             18.7             95.4                19.6
            March 2019           5,251         103,322             18.1             97.1                19.7
            March 2020           5,039          99,829             17.4             96.0                19.8
            March 2021           4,821          97,386             16.6             95.7                20.2
            March 2022           4,587          96,507             15.8             95.1                21.0
            March 2023           4,397          95,536             15.2             95.9                21.7
            March 2024           4,286          96,139             14.8             97.5                22.4
 
Annual openings
Year ended: March 1995

            March 1995          29,608         225,220            100.0               _                  7.6
            March 1996          24,000         205,789             81.1             81.1                 8.6
            March 1997          20,933         208,167             70.7             87.2                 9.9
            March 1998          18,737         209,836             63.3             89.5                11.2
            March 1999          16,983         198,662             57.4             90.6                11.7
            March 2000          15,113         180,612             51.0             89.0                12.0
            March 2001          13,710         172,797             46.3             90.7                12.6
            March 2002          12,699         165,089             42.9             92.6                13.0
            March 2003          11,903         157,840             40.2             93.7                13.3
            March 2004          11,449         152,154             38.7             96.2                13.3
            March 2005          10,968         150,530             37.0             95.8                13.7
            March 2006          10,506         145,916             35.5             95.8                13.9
            March 2007          10,029         141,065             33.9             95.5                14.1
            March 2008           9,426         134,583             31.8             94.0                14.3
            March 2009           8,971         130,062             30.3             95.2                14.5
            March 2010           8,531         123,854             28.8             95.1                14.5
            March 2011           8,125         120,566             27.4             95.2                14.8
            March 2012           7,789         119,195             26.3             95.9                15.3
            March 2013           7,510         118,129             25.4             96.4                15.7
            March 2014           7,296         117,768             24.6             97.2                16.1
            March 2015           7,065         113,924             23.9             96.8                16.1
            March 2016           6,849         111,470             23.1             96.9                16.3
            March 2017           6,524         110,096             22.0             95.3                16.9
            March 2018           6,261         110,210             21.1             96.0                17.6
            March 2019           5,993         109,393             20.2             95.7                18.3
            March 2020           5,791         108,855             19.6             96.6                18.8
            March 2021           5,518         108,130             18.6             95.3                19.6
            March 2022           5,292         103,280             17.9             95.9                19.5
            March 2023           5,011          99,819             16.9             94.7                19.9
            March 2024           4,743          92,469             16.0             94.7                19.5
 
Annual openings
Year ended: March 1996

            March 1996          31,359         224,072            100.0               _                  7.1
            March 1997          25,513         224,160             81.4             81.4                 8.8
            March 1998          21,931         221,726             69.9             86.0                10.1
            March 1999          19,555         218,727             62.4             89.2                11.2
            March 2000          17,536         209,296             55.9             89.7                11.9
            March 2001          15,783         191,698             50.3             90.0                12.1
            March 2002          14,651         186,418             46.7             92.8                12.7
            March 2003          13,773         185,532             43.9             94.0                13.5
            March 2004          13,116         184,089             41.8             95.2                14.0
            March 2005          12,546         184,035             40.0             95.7                14.7
            March 2006          12,102         179,985             38.6             96.5                14.9
            March 2007          11,573         174,147             36.9             95.6                15.0
            March 2008          10,978         162,232             35.0             94.9                14.8
            March 2009          10,385         152,352             33.1             94.6                14.7
            March 2010           9,850         146,206             31.4             94.8                14.8
            March 2011           9,438         142,352             30.1             95.8                15.1
            March 2012           9,005         139,797             28.7             95.4                15.5
            March 2013           8,757         139,142             27.9             97.2                15.9
            March 2014           8,444         140,298             26.9             96.4                16.6
            March 2015           8,168         136,696             26.0             96.7                16.7
            March 2016           7,874         138,736             25.1             96.4                17.6
            March 2017           7,562         131,218             24.1             96.0                17.4
            March 2018           7,235         129,616             23.1             95.7                17.9
            March 2019           6,947         128,897             22.2             96.0                18.6
            March 2020           6,670         130,482             21.3             96.0                19.6
            March 2021           6,340         128,723             20.2             95.1                20.3
            March 2022           5,899         123,696             18.8             93.0                21.0
            March 2023           5,550         124,664             17.7             94.1                22.5
            March 2024           5,344         115,606             17.0             96.3                21.6
 
Annual openings
Year ended: March 1997

            March 1997          33,232         214,155            100.0               _                  6.4
            March 1998          26,621         227,716             80.1             80.1                 8.6
            March 1999          23,103         222,305             69.5             86.8                 9.6
            March 2000          20,154         211,224             60.6             87.2                10.5
            March 2001          17,627         201,597             53.0             87.5                11.4
            March 2002          16,193         196,836             48.7             91.9                12.2
            March 2003          14,959         195,498             45.0             92.4                13.1
            March 2004          14,235         187,601             42.8             95.2                13.2
            March 2005          13,536         182,867             40.7             95.1                13.5
            March 2006          12,913         179,922             38.9             95.4                13.9
            March 2007          12,265         169,859             36.9             95.0                13.8
            March 2008          11,720         158,666             35.3             95.6                13.5
            March 2009          10,906         146,984             32.8             93.1                13.5
            March 2010          10,343         138,104             31.1             94.8                13.4
            March 2011           9,747         133,488             29.3             94.2                13.7
            March 2012           9,366         132,213             28.2             96.1                14.1
            March 2013           9,016         133,464             27.1             96.3                14.8
            March 2014           8,635         129,915             26.0             95.8                15.0
            March 2015           8,340         128,301             25.1             96.6                15.4
            March 2016           8,011         127,435             24.1             96.1                15.9
            March 2017           7,697         126,600             23.2             96.1                16.4
            March 2018           7,365         127,049             22.2             95.7                17.3
            March 2019           7,046         126,752             21.2             95.7                18.0
            March 2020           6,783         127,008             20.4             96.3                18.7
            March 2021           6,449         125,807             19.4             95.1                19.5
            March 2022           6,145         119,462             18.5             95.3                19.4
            March 2023           5,823         116,099             17.5             94.8                19.9
            March 2024           5,526         115,056             16.6             94.9                20.8
 
Annual openings
Year ended: March 1998

            March 1998          35,850         251,058            100.0               _                  7.0
            March 1999          28,725         266,966             80.1             80.1                 9.3
            March 2000          24,404         251,385             68.1             85.0                10.3
            March 2001          21,131         244,280             58.9             86.6                11.6
            March 2002          19,203         236,949             53.6             90.9                12.3
            March 2003          17,666         225,813             49.3             92.0                12.8
            March 2004          16,608         225,028             46.3             94.0                13.5
            March 2005          15,777         228,142             44.0             95.0                14.5
            March 2006          15,064         228,417             42.0             95.5                15.2
            March 2007          14,189         219,988             39.6             94.2                15.5
            March 2008          13,635         206,674             38.0             96.1                15.2
            March 2009          12,835         190,642             35.8             94.1                14.9
            March 2010          12,109         179,768             33.8             94.3                14.8
            March 2011          11,583         171,049             32.3             95.7                14.8
            March 2012          10,965         167,297             30.6             94.7                15.3
            March 2013          10,587         165,908             29.5             96.6                15.7
            March 2014          10,229         159,133             28.5             96.6                15.6
            March 2015           9,925         160,580             27.7             97.0                16.2
            March 2016           9,511         161,941             26.5             95.8                17.0
            March 2017           9,394         161,338             26.2             98.8                17.2
            March 2018           9,086         161,993             25.3             96.7                17.8
            March 2019           8,783         163,118             24.5             96.7                18.6
            March 2020           8,806         154,537             24.6            100.3                17.5
            March 2021           8,274         151,658             23.1             94.0                18.3
            March 2022           7,746         147,593             21.6             93.6                19.1
            March 2023           7,364         141,585             20.5             95.1                19.2
            March 2024           6,840         136,886             19.1             92.9                20.0
 
Annual openings
Year ended: March 1999

            March 1999          36,789         277,664            100.0               _                  7.5
            March 2000          29,009         280,521             78.9             78.9                 9.7
            March 2001          24,290         275,536             66.0             83.7                11.3
            March 2002          21,819         265,725             59.3             89.8                12.2
            March 2003          20,317         272,041             55.2             93.1                13.4
            March 2004          18,992         265,684             51.6             93.5                14.0
            March 2005          18,087         256,940             49.2             95.2                14.2
            March 2006          17,228         254,894             46.8             95.3                14.8
            March 2007          16,275         239,124             44.2             94.5                14.7
            March 2008          15,018         225,468             40.8             92.3                15.0
            March 2009          13,954         207,780             37.9             92.9                14.9
            March 2010          13,086         187,501             35.6             93.8                14.3
            March 2011          12,463         188,000             33.9             95.2                15.1
            March 2012          11,949         189,884             32.5             95.9                15.9
            March 2013          11,486         190,792             31.2             96.1                16.6
            March 2014          11,095         188,414             30.2             96.6                17.0
            March 2015          10,698         185,491             29.1             96.4                17.3
            March 2016          10,313         185,601             28.0             96.4                18.0
            March 2017           9,939         185,780             27.0             96.4                18.7
            March 2018           9,476         182,869             25.8             95.3                19.3
            March 2019           9,081         184,560             24.7             95.8                20.3
            March 2020           8,881         183,199             24.1             97.8                20.6
            March 2021           8,495         180,481             23.1             95.7                21.2
            March 2022           7,912         168,509             21.5             93.1                21.3
            March 2023           7,541         154,395             20.5             95.3                20.5
            March 2024           7,125         144,767             19.4             94.5                20.3
 
Annual openings
Year ended: March 2000

            March 2000          39,667         246,140            100.0               _                  6.2
            March 2001          31,085         252,682             78.4             78.4                 8.1
            March 2002          26,855         253,898             67.7             86.4                 9.5
            March 2003          23,714         248,652             59.8             88.3                10.5
            March 2004          21,844         242,238             55.1             92.1                11.1
            March 2005          20,086         237,965             50.6             92.0                11.8
            March 2006          18,860         234,490             47.5             93.9                12.4
            March 2007          17,869         229,094             45.0             94.7                12.8
            March 2008          16,590         209,305             41.8             92.8                12.6
            March 2009          15,228         190,804             38.4             91.8                12.5
            March 2010          14,178         182,445             35.7             93.1                12.9
            March 2011          13,568         178,922             34.2             95.7                13.2
            March 2012          12,948         175,052             32.6             95.4                13.5
            March 2013          12,476         175,000             31.5             96.4                14.0
            March 2014          12,035         170,367             30.3             96.5                14.2
            March 2015          11,541         168,582             29.1             95.9                14.6
            March 2016          11,092         167,577             28.0             96.1                15.1
            March 2017          10,703         167,330             27.0             96.5                15.6
            March 2018          10,219         166,023             25.8             95.5                16.2
            March 2019           9,717         163,995             24.5             95.1                16.9
            March 2020           9,492         163,199             23.9             97.7                17.2
            March 2021           9,063         159,007             22.8             95.5                17.5
            March 2022           8,575         156,361             21.6             94.6                18.2
            March 2023           8,086         148,100             20.4             94.3                18.3
            March 2024           7,613         139,950             19.2             94.2                18.4
 
Annual openings
Year ended: March 2001

            March 2001          39,091         217,299            100.0               _                  5.6
            March 2002          30,725         219,397             78.6             78.6                 7.1
            March 2003          26,689         220,195             68.3             86.9                 8.3
            March 2004          24,020         217,814             61.4             90.0                 9.1
            March 2005          22,092         217,600             56.5             92.0                 9.8
            March 2006          20,663         217,128             52.9             93.5                10.5
            March 2007          19,229         213,135             49.2             93.1                11.1
            March 2008          17,759         194,600             45.4             92.4                11.0
            March 2009          16,166         181,725             41.4             91.0                11.2
            March 2010          14,993         172,447             38.4             92.7                11.5
            March 2011          14,113         168,643             36.1             94.1                11.9
            March 2012          13,304         165,163             34.0             94.3                12.4
            March 2013          12,689         161,398             32.5             95.4                12.7
            March 2014          12,455         158,209             31.9             98.2                12.7
            March 2015          12,073         154,601             30.9             96.9                12.8
            March 2016          11,568         152,775             29.6             95.8                13.2
            March 2017          11,015         149,240             28.2             95.2                13.5
            March 2018          10,560         144,893             27.0             95.9                13.7
            March 2019          10,064         142,560             25.7             95.3                14.2
            March 2020           9,656         139,455             24.7             95.9                14.4
            March 2021           9,219         135,609             23.6             95.5                14.7
            March 2022           8,603         130,178             22.0             93.3                15.1
            March 2023           8,100         128,548             20.7             94.2                15.9
            March 2024           7,751         124,619             19.8             95.7                16.1
 
Annual openings
Year ended: March 2002

            March 2002          37,147         215,859            100.0               _                  5.8
            March 2003          29,851         221,072             80.4             80.4                 7.4
            March 2004          26,035         221,721             70.1             87.2                 8.5
            March 2005          23,350         215,199             62.9             89.7                 9.2
            March 2006          21,658         219,091             58.3             92.8                10.1
            March 2007          19,964         205,679             53.7             92.2                10.3
            March 2008          18,082         187,766             48.7             90.6                10.4
            March 2009          16,143         173,775             43.5             89.3                10.8
            March 2010          14,835         163,549             39.9             91.9                11.0
            March 2011          13,925         160,531             37.5             93.9                11.5
            March 2012          13,176         154,636             35.5             94.6                11.7
            March 2013          12,488         151,743             33.6             94.8                12.2
            March 2014          11,977         148,612             32.2             95.9                12.4
            March 2015          11,417         147,675             30.7             95.3                12.9
            March 2016          10,925         144,835             29.4             95.7                13.3
            March 2017          10,530         140,941             28.3             96.4                13.4
            March 2018          10,216         138,449             27.5             97.0                13.6
            March 2019           9,708         136,590             26.1             95.0                14.1
            March 2020           9,310         129,810             25.1             95.9                13.9
            March 2021           8,938         125,500             24.1             96.0                14.0
            March 2022           8,415         123,920             22.7             94.1                14.7
            March 2023           7,933         125,122             21.4             94.3                15.8
            March 2024           7,650         120,871             20.6             96.4                15.8
 
Annual openings
Year ended: March 2003

            March 2003          38,304         198,959            100.0               _                  5.2
            March 2004          30,961         206,828             80.8             80.8                 6.7
            March 2005          27,110         204,592             70.8             87.6                 7.5
            March 2006          24,526         206,425             64.0             90.5                 8.4
            March 2007          22,102         194,389             57.7             90.1                 8.8
            March 2008          19,288         174,119             50.4             87.3                 9.0
            March 2009          16,900         158,724             44.1             87.6                 9.4
            March 2010          15,254         146,737             39.8             90.3                 9.6
            March 2011          14,298         142,839             37.3             93.7                10.0
            March 2012          13,390         138,530             35.0             93.6                10.3
            March 2013          12,668         137,009             33.1             94.6                10.8
            March 2014          12,145         131,848             31.7             95.9                10.9
            March 2015          11,604         132,883             30.3             95.5                11.5
            March 2016          11,080         131,663             28.9             95.5                11.9
            March 2017          10,599         132,839             27.7             95.7                12.5
            March 2018          10,146         132,060             26.5             95.7                13.0
            March 2019           9,723         127,162             25.4             95.8                13.1
            March 2020           9,308         125,283             24.3             95.7                13.5
            March 2021           8,998         124,125             23.5             96.7                13.8
            March 2022           8,461         123,833             22.1             94.0                14.6
            March 2023           7,951         112,070             20.8             94.0                14.1
            March 2024           7,447         106,536             19.4             93.7                14.3
 
Annual openings
Year ended: March 2004

            March 2004          37,631         179,361            100.0               _                  4.8
            March 2005          30,017         177,645             79.8             79.8                 5.9
            March 2006          26,254         176,770             69.8             87.5                 6.7
            March 2007          23,562         171,015             62.6             89.7                 7.3
            March 2008          20,245         153,829             53.8             85.9                 7.6
            March 2009          17,529         141,305             46.6             86.6                 8.1
            March 2010          15,789         128,531             42.0             90.1                 8.1
            March 2011          14,754         127,454             39.2             93.4                 8.6
            March 2012          13,767         126,640             36.6             93.3                 9.2
            March 2013          12,943         127,486             34.4             94.0                 9.8
            March 2014          12,255         123,193             32.6             94.7                10.1
            March 2015          11,679         123,271             31.0             95.3                10.6
            March 2016          11,161         119,949             29.7             95.6                10.7
            March 2017          10,659         121,783             28.3             95.5                11.4
            March 2018          10,245         122,248             27.2             96.1                11.9
            March 2019           9,773         120,541             26.0             95.4                12.3
            March 2020           9,381         117,907             24.9             96.0                12.6
            March 2021           9,011         113,651             23.9             96.1                12.6
            March 2022           8,465         113,354             22.5             93.9                13.4
            March 2023           7,987         110,137             21.2             94.4                13.8
            March 2024           7,577         107,026             20.1             94.9                14.1
 
Annual openings
Year ended: March 2005

            March 2005          38,956         180,754            100.0               _                  4.6
            March 2006          31,480         189,746             80.8             80.8                 6.0
            March 2007          27,219         185,271             69.9             86.5                 6.8
            March 2008          23,279         171,896             59.8             85.5                 7.4
            March 2009          20,098         154,977             51.6             86.3                 7.7
            March 2010          17,896         144,026             45.9             89.0                 8.0
            March 2011          16,640         140,509             42.7             93.0                 8.4
            March 2012          15,345         137,036             39.4             92.2                 8.9
            March 2013          14,576         135,690             37.4             95.0                 9.3
            March 2014          13,839         133,778             35.5             94.9                 9.7
            March 2015          13,117         130,760             33.7             94.8                10.0
            March 2016          12,382         132,580             31.8             94.4                10.7
            March 2017          11,829         133,525             30.4             95.5                11.3
            March 2018          11,287         134,075             29.0             95.4                11.9
            March 2019          10,622         131,805             27.3             94.1                12.4
            March 2020          10,120         126,393             26.0             95.3                12.5
            March 2021           9,766         124,453             25.1             96.5                12.7
            March 2022           9,139         118,717             23.5             93.6                13.0
            March 2023           8,615         116,357             22.1             94.3                13.5
            March 2024           8,189         112,479             21.0             95.1                13.7
 
Annual openings
Year ended: March 2006

            March 2006          39,595         156,570            100.0               _                  4.0
            March 2007          30,867         158,527             78.0             78.0                 5.1
            March 2008          25,346         144,707             64.0             82.1                 5.7
            March 2009          21,167         128,101             53.5             83.5                 6.1
            March 2010          18,684         118,575             47.2             88.3                 6.3
            March 2011          17,192         117,996             43.4             92.0                 6.9
            March 2012          15,994         116,823             40.4             93.0                 7.3
            March 2013          14,974         120,335             37.8             93.6                 8.0
            March 2014          14,224         118,908             35.9             95.0                 8.4
            March 2015          13,441         116,502             33.9             94.5                 8.7
            March 2016          12,839         116,909             32.4             95.5                 9.1
            March 2017          12,173         115,940             30.7             94.8                 9.5
            March 2018          11,528         112,223             29.1             94.7                 9.7
            March 2019          10,922         109,800             27.6             94.7                10.1
            March 2020          10,440         108,764             26.4             95.6                10.4
            March 2021           9,868         106,729             24.9             94.5                10.8
            March 2022           9,135         107,043             23.1             92.6                11.7
            March 2023           8,652         104,191             21.9             94.7                12.0
            March 2024           8,272         102,262             20.9             95.6                12.4
 
Annual openings
Year ended: March 2007

            March 2007          39,684         157,361            100.0               _                  4.0
            March 2008          29,391         153,297             74.1             74.1                 5.2
            March 2009          23,792         141,096             60.0             80.9                 5.9
            March 2010          20,778         131,239             52.4             87.3                 6.3
            March 2011          18,835         128,439             47.5             90.6                 6.8
            March 2012          17,383         124,508             43.8             92.3                 7.2
            March 2013          16,105         125,809             40.6             92.6                 7.8
            March 2014          15,091         123,757             38.0             93.7                 8.2
            March 2015          14,276         124,981             36.0             94.6                 8.8
            March 2016          13,374         123,554             33.7             93.7                 9.2
            March 2017          12,669         123,654             31.9             94.7                 9.8
            March 2018          12,017         122,184             30.3             94.9                10.2
            March 2019          11,461         121,957             28.9             95.4                10.6
            March 2020          10,908         118,290             27.5             95.2                10.8
            March 2021          10,489         117,932             26.4             96.2                11.2
            March 2022           9,824         116,722             24.8             93.7                11.9
            March 2023           9,176         109,146             23.1             93.4                11.9
            March 2024           8,692         102,409             21.9             94.7                11.8
 
Annual openings
Year ended: March 2008

            March 2008          36,585         140,236            100.0               _                  3.8
            March 2009          27,005         135,083             73.8             73.8                 5.0
            March 2010          22,669         125,536             62.0             83.9                 5.5
            March 2011          20,136         123,434             55.0             88.8                 6.1
            March 2012          18,356         122,259             50.2             91.2                 6.7
            March 2013          17,049         124,803             46.6             92.9                 7.3
            March 2014          16,099         120,568             44.0             94.4                 7.5
            March 2015          15,101         118,184             41.3             93.8                 7.8
            March 2016          14,146         120,580             38.7             93.7                 8.5
            March 2017          13,358         118,816             36.5             94.4                 8.9
            March 2018          12,708         118,597             34.7             95.1                 9.3
            March 2019          12,436         115,529             34.0             97.9                 9.3
            March 2020          11,847         114,773             32.4             95.3                 9.7
            March 2021          11,274         114,875             30.8             95.2                10.2
            March 2022          10,522         117,626             28.8             93.3                11.2
            March 2023           9,962         108,865             27.2             94.7                10.9
            March 2024           9,468         104,973             25.9             95.0                11.1
 
Annual openings
Year ended: March 2009

            March 2009          29,751         113,692            100.0               _                  3.8
            March 2010          22,672         107,462             76.2             76.2                 4.7
            March 2011          19,701         109,068             66.2             86.9                 5.5
            March 2012          17,348         109,656             58.3             88.1                 6.3
            March 2013          15,683         109,363             52.7             90.4                 7.0
            March 2014          14,704         107,112             49.4             93.8                 7.3
            March 2015          13,618         108,291             45.8             92.6                 8.0
            March 2016          12,754         110,967             42.9             93.7                 8.7
            March 2017          12,167         110,869             40.9             95.4                 9.1
            March 2018          11,510         108,686             38.7             94.6                 9.4
            March 2019          11,386         104,910             38.3             98.9                 9.2
            March 2020          10,845         103,855             36.5             95.2                 9.6
            March 2021          10,374         105,610             34.9             95.7                10.2
            March 2022           9,833         108,469             33.1             94.8                11.0
            March 2023           9,309         102,597             31.3             94.7                11.0
            March 2024           8,783         100,399             29.5             94.3                11.4
 
Annual openings
Year ended: March 2010

            March 2010          26,995          94,615            100.0               _                  3.5
            March 2011          21,319          95,113             79.0             79.0                 4.5
            March 2012          18,527          94,802             68.6             86.9                 5.1
            March 2013          16,535          94,478             61.3             89.2                 5.7
            March 2014          15,112          94,219             56.0             91.4                 6.2
            March 2015          14,019          93,151             51.9             92.8                 6.6
            March 2016          12,894          94,556             47.8             92.0                 7.3
            March 2017          12,100          95,973             44.8             93.8                 7.9
            March 2018          11,293          94,730             41.8             93.3                 8.4
            March 2019          10,733          90,700             39.8             95.0                 8.5
            March 2020          10,128          90,734             37.5             94.4                 9.0
            March 2021           9,650          91,509             35.7             95.3                 9.5
            March 2022           9,070          89,365             33.6             94.0                 9.9
            March 2023           8,472          86,741             31.4             93.4                10.2
            March 2024           7,989          86,668             29.6             94.3                10.8
 
Annual openings
Year ended: March 2011

            March 2011          26,055          86,779            100.0               _                  3.3
            March 2012          20,700          84,392             79.4             79.4                 4.1
            March 2013          17,954          84,532             68.9             86.7                 4.7
            March 2014          16,103          82,739             61.8             89.7                 5.1
            March 2015          14,689          83,301             56.4             91.2                 5.7
            March 2016          13,443          84,464             51.6             91.5                 6.3
            March 2017          12,521          83,505             48.1             93.1                 6.7
            March 2018          11,693          82,336             44.9             93.4                 7.0
            March 2019          10,844          80,834             41.6             92.7                 7.5
            March 2020          10,135          80,953             38.9             93.5                 8.0
            March 2021           9,597          80,477             36.8             94.7                 8.4
            March 2022           8,969          80,808             34.4             93.5                 9.0
            March 2023           8,281          78,316             31.8             92.3                 9.5
            March 2024           7,873          76,726             30.2             95.1                 9.7
 
Annual openings
Year ended: March 2012

            March 2012          28,454          92,691            100.0               _                  3.3
            March 2013          22,813          97,059             80.2             80.2                 4.3
            March 2014          20,010          98,013             70.3             87.7                 4.9
            March 2015          17,901          98,016             62.9             89.5                 5.5
            March 2016          16,285          96,076             57.2             91.0                 5.9
            March 2017          14,908          96,883             52.4             91.5                 6.5
            March 2018          13,777          94,549             48.4             92.4                 6.9
            March 2019          12,747          90,919             44.8             92.5                 7.1
            March 2020          11,969          93,069             42.1             93.9                 7.8
            March 2021          11,248          95,275             39.5             94.0                 8.5
            March 2022          10,544          98,307             37.1             93.7                 9.3
            March 2023           9,773          93,650             34.3             92.7                 9.6
            March 2024           9,214          91,004             32.4             94.3                 9.9
 
Annual openings
Year ended: March 2013

            March 2013          27,939          96,318            100.0               _                  3.4
            March 2014          22,595          99,124             80.9             80.9                 4.4
            March 2015          20,028         101,200             71.7             88.6                 5.1
            March 2016          17,946         103,336             64.2             89.6                 5.8
            March 2017          16,273         103,883             58.2             90.7                 6.4
            March 2018          14,861         101,375             53.2             91.3                 6.8
            March 2019          13,795          98,414             49.4             92.8                 7.1
            March 2020          12,735          95,457             45.6             92.3                 7.5
            March 2021          12,120         100,419             43.4             95.2                 8.3
            March 2022          11,324         103,624             40.5             93.4                 9.2
            March 2023          10,473         100,350             37.5             92.5                 9.6
            March 2024           9,853          96,848             35.3             94.1                 9.8
 
Annual openings
Year ended: March 2014

            March 2014          26,772          95,207            100.0               _                  3.6
            March 2015          23,007         103,630             85.9             85.9                 4.5
            March 2016          20,364         106,082             76.1             88.5                 5.2
            March 2017          18,352         105,927             68.5             90.1                 5.8
            March 2018          16,714         105,806             62.4             91.1                 6.3
            March 2019          15,241         103,934             56.9             91.2                 6.8
            March 2020          14,112         105,546             52.7             92.6                 7.5
            March 2021          13,251         107,878             49.5             93.9                 8.1
            March 2022          12,341         109,199             46.1             93.1                 8.8
            March 2023          11,479         104,701             42.9             93.0                 9.1
            March 2024          10,687         102,043             39.9             93.1                 9.5
 
Annual openings
Year ended: March 2015

            March 2015          28,562          92,600            100.0               _                  3.2
            March 2016          24,417          97,513             85.5             85.5                 4.0
            March 2017          21,664          98,611             75.8             88.7                 4.6
            March 2018          19,503          97,653             68.3             90.0                 5.0
            March 2019          17,483          95,822             61.2             89.6                 5.5
            March 2020          16,063          97,198             56.2             91.9                 6.1
            March 2021          15,003          98,464             52.5             93.4                 6.6
            March 2022          13,818         101,075             48.4             92.1                 7.3
            March 2023          12,580          96,721             44.0             91.0                 7.7
            March 2024          11,725          93,019             41.1             93.2                 7.9
 
Annual openings
Year ended: March 2016

            March 2016          28,413          97,791            100.0               _                  3.4
            March 2017          23,996         102,459             84.5             84.5                 4.3
            March 2018          21,543         101,261             75.8             89.8                 4.7
            March 2019          19,003          98,362             66.9             88.2                 5.2
            March 2020          17,232          97,700             60.6             90.7                 5.7
            March 2021          16,115          99,266             56.7             93.5                 6.2
            March 2022          14,760         102,170             51.9             91.6                 6.9
            March 2023          13,455          98,941             47.4             91.2                 7.4
            March 2024          12,593          96,587             44.3             93.6                 7.7
 
Annual openings
Year ended: March 2017

            March 2017          28,630          90,585            100.0               _                  3.2
            March 2018          24,582          96,085             85.9             85.9                 3.9
            March 2019          21,304          96,003             74.4             86.7                 4.5
            March 2020          18,980          95,668             66.3             89.1                 5.0
            March 2021          17,475          97,872             61.0             92.1                 5.6
            March 2022          15,879          99,416             55.5             90.9                 6.3
            March 2023          14,451          94,844             50.5             91.0                 6.6
            March 2024          13,396          90,212             46.8             92.7                 6.7
 
Annual openings
Year ended: March 2018

            March 2018          31,318          95,202            100.0               _                  3.0
            March 2019          25,325          97,528             80.9             80.9                 3.9
            March 2020          22,188         100,615             70.8             87.6                 4.5
            March 2021          20,278         103,161             64.7             91.4                 5.1
            March 2022          18,552         108,089             59.2             91.5                 5.8
            March 2023          16,679         104,974             53.3             89.9                 6.3
            March 2024          15,391          99,502             49.1             92.3                 6.5
 
Annual openings
Year ended: March 2019

            March 2019          32,527          99,277            100.0               _                  3.1
            March 2020          26,535         104,029             81.6             81.6                 3.9
            March 2021          23,888         108,575             73.4             90.0                 4.5
            March 2022          21,363         118,211             65.7             89.4                 5.5
            March 2023          19,025         111,180             58.5             89.1                 5.8
            March 2024          17,487         105,336             53.8             91.9                 6.0
 
Annual openings
Year ended: March 2020

            March 2020          32,817         100,111            100.0               _                  3.1
            March 2021          27,946         106,997             85.2             85.2                 3.8
            March 2022          24,436         111,696             74.5             87.4                 4.6
            March 2023          21,360         105,865             65.1             87.4                 5.0
            March 2024          19,409         103,849             59.1             90.9                 5.4
 
Annual openings
Year ended: March 2021

            March 2021          41,106         108,711            100.0               _                  2.6
            March 2022          32,194         121,110             78.3             78.3                 3.8
            March 2023          27,348         121,881             66.5             84.9                 4.5
            March 2024          24,340         121,094             59.2             89.0                 5.0
 
Annual openings
Year ended: March 2022

            March 2022          50,669         137,941            100.0               _                  2.7
            March 2023          39,374         138,100             77.7             77.7                 3.5
            March 2024          34,187         136,665             67.5             86.8                 4.0
 
Annual openings
Year ended: March 2023

            March 2023          46,667         123,413            100.0               _                  2.6
            March 2024          37,885         121,926             81.2             81.2                 3.2
 
Annual openings
Year ended: March 2024

            March 2024          39,889         104,721            100.0               _                  2.6
 
NOTE: A '_' indicates that the data are not available and a 'N' indicates that the data do not meet BLS disclosure standards.
