Table 7. Survival of private sector establishments by opening year

Arts, Entertainment, and Recreation

                          Surviving       Total Employment   Survival Rates   Survival Rates of   Average Employment
                          Establishments  of Survivors       Since Birth      Previous Year's     of Survivors
                                                                              Survivors

Annual openings
Year ended: March 1994

            March 1994           7,958          97,250            100.0               _                 12.2
            March 1995           6,265         107,148             78.7             78.7                17.1
            March 1996           5,379         102,282             67.6             85.9                19.0
            March 1997           4,708          93,304             59.2             87.5                19.8
            March 1998           4,180          89,676             52.5             88.8                21.5
            March 1999           3,833          91,679             48.2             91.7                23.9
            March 2000           3,455          94,707             43.4             90.1                27.4
            March 2001           3,155          93,808             39.6             91.3                29.7
            March 2002           2,921          85,865             36.7             92.6                29.4
            March 2003           2,716          80,497             34.1             93.0                29.6
            March 2004           2,537          80,357             31.9             93.4                31.7
            March 2005           2,391          79,850             30.0             94.2                33.4
            March 2006           2,276          75,891             28.6             95.2                33.3
            March 2007           2,154          73,010             27.1             94.6                33.9
            March 2008           2,012          72,400             25.3             93.4                36.0
            March 2009           1,880          66,917             23.6             93.4                35.6
            March 2010           1,840          68,267             23.1             97.9                37.1
            March 2011           1,756          70,451             22.1             95.4                40.1
            March 2012           1,703          72,682             21.4             97.0                42.7
            March 2013           1,643          72,739             20.6             96.5                44.3
            March 2014           1,575          72,933             19.8             95.9                46.3
            March 2015           1,519          76,112             19.1             96.4                50.1
            March 2016           1,487          77,776             18.7             97.9                52.3
            March 2017           1,426          80,313             17.9             95.9                56.3
            March 2018           1,378          82,949             17.3             96.6                60.2
            March 2019           1,345          85,404             16.9             97.6                63.5
            March 2020           1,264          82,931             15.9             94.0                65.6
            March 2021           1,174          44,957             14.8             92.9                38.3
            March 2022           1,155          75,422             14.5             98.4                65.3
            March 2023           1,134          85,519             14.2             98.2                75.4
            March 2024           1,126          87,292             14.1             99.3                77.5
 
Annual openings
Year ended: March 1995

            March 1995           8,080          84,072            100.0               _                 10.4
            March 1996           6,283          82,266             77.8             77.8                13.1
            March 1997           5,339          89,734             66.1             85.0                16.8
            March 1998           4,611          84,069             57.1             86.4                18.2
            March 1999           4,188          84,791             51.8             90.8                20.2
            March 2000           3,750          84,361             46.4             89.5                22.5
            March 2001           3,339          68,830             41.3             89.0                20.6
            March 2002           3,108          65,461             38.5             93.1                21.1
            March 2003           2,875          61,009             35.6             92.5                21.2
            March 2004           2,681          56,890             33.2             93.3                21.2
            March 2005           2,494          52,955             30.9             93.0                21.2
            March 2006           2,363          50,759             29.2             94.7                21.5
            March 2007           2,236          51,135             27.7             94.6                22.9
            March 2008           2,110          50,535             26.1             94.4                24.0
            March 2009           2,000          49,013             24.8             94.8                24.5
            March 2010           1,902          46,535             23.5             95.1                24.5
            March 2011           1,821          44,633             22.5             95.7                24.5
            March 2012           1,764          44,369             21.8             96.9                25.2
            March 2013           1,694          43,941             21.0             96.0                25.9
            March 2014           1,637          44,219             20.3             96.6                27.0
            March 2015           1,581          44,066             19.6             96.6                27.9
            March 2016           1,475          43,384             18.3             93.3                29.4
            March 2017           1,448          44,270             17.9             98.2                30.6
            March 2018           1,410          44,640             17.5             97.4                31.7
            March 2019           1,326          43,373             16.4             94.0                32.7
            March 2020           1,259          42,037             15.6             94.9                33.4
            March 2021           1,152          28,711             14.3             91.5                24.9
            March 2022           1,145          33,432             14.2             99.4                29.2
            March 2023           1,117          34,888             13.8             97.6                31.2
            March 2024           1,065          35,534             13.2             95.3                33.4
 
Annual openings
Year ended: March 1996

            March 1996           8,123          69,798            100.0               _                  8.6
            March 1997           6,188          70,167             76.2             76.2                11.3
            March 1998           5,275          67,945             64.9             85.2                12.9
            March 1999           4,703          64,549             57.9             89.2                13.7
            March 2000           4,228          63,144             52.0             89.9                14.9
            March 2001           3,755          53,776             46.2             88.8                14.3
            March 2002           3,425          50,441             42.2             91.2                14.7
            March 2003           3,163          48,515             38.9             92.4                15.3
            March 2004           2,981          45,592             36.7             94.2                15.3
            March 2005           2,760          42,801             34.0             92.6                15.5
            March 2006           2,605          41,532             32.1             94.4                15.9
            March 2007           2,467          42,672             30.4             94.7                17.3
            March 2008           2,328          42,345             28.7             94.4                18.2
            March 2009           2,229          39,393             27.4             95.7                17.7
            March 2010           2,092          39,141             25.8             93.9                18.7
            March 2011           2,016          37,682             24.8             96.4                18.7
            March 2012           1,910          37,081             23.5             94.7                19.4
            March 2013           1,825          36,419             22.5             95.5                20.0
            March 2014           1,792          37,728             22.1             98.2                21.1
            March 2015           1,691          37,618             20.8             94.4                22.2
            March 2016           1,620          41,080             19.9             95.8                25.4
            March 2017           1,545          39,858             19.0             95.4                25.8
            March 2018           1,457          43,271             17.9             94.3                29.7
            March 2019           1,419          41,240             17.5             97.4                29.1
            March 2020           1,343          39,653             16.5             94.6                29.5
            March 2021           1,268          28,890             15.6             94.4                22.8
            March 2022           1,241          34,179             15.3             97.9                27.5
            March 2023           1,209          36,344             14.9             97.4                30.1
            March 2024           1,185          36,702             14.6             98.0                31.0
 
Annual openings
Year ended: March 1997

            March 1997           8,245          81,667            100.0               _                  9.9
            March 1998           6,439          86,593             78.1             78.1                13.4
            March 1999           5,534          83,512             67.1             85.9                15.1
            March 2000           4,853          83,250             58.9             87.7                17.2
            March 2001           4,297          69,784             52.1             88.5                16.2
            March 2002           3,833          64,250             46.5             89.2                16.8
            March 2003           3,499          59,971             42.4             91.3                17.1
            March 2004           3,214          57,356             39.0             91.9                17.8
            March 2005           2,950          54,209             35.8             91.8                18.4
            March 2006           2,741          49,661             33.2             92.9                18.1
            March 2007           2,599          49,555             31.5             94.8                19.1
            March 2008           2,442          46,411             29.6             94.0                19.0
            March 2009           2,273          43,399             27.6             93.1                19.1
            March 2010           2,117          40,652             25.7             93.1                19.2
            March 2011           2,053          40,214             24.9             97.0                19.6
            March 2012           1,902          41,092             23.1             92.6                21.6
            March 2013           1,850          39,338             22.4             97.3                21.3
            March 2014           1,804          39,516             21.9             97.5                21.9
            March 2015           1,766          39,979             21.4             97.9                22.6
            March 2016           1,666          40,291             20.2             94.3                24.2
            March 2017           1,623          39,480             19.7             97.4                24.3
            March 2018           1,546          39,778             18.8             95.3                25.7
            March 2019           1,498          38,717             18.2             96.9                25.8
            March 2020           1,414          37,620             17.1             94.4                26.6
            March 2021           1,285          25,760             15.6             90.9                20.0
            March 2022           1,269          30,088             15.4             98.8                23.7
            March 2023           1,227          32,625             14.9             96.7                26.6
            March 2024           1,202          34,243             14.6             98.0                28.5
 
Annual openings
Year ended: March 1998

            March 1998           8,062          75,309            100.0               _                  9.3
            March 1999           6,604          75,581             81.9             81.9                11.4
            March 2000           5,655          75,469             70.1             85.6                13.3
            March 2001           4,868          74,771             60.4             86.1                15.4
            March 2002           4,345          69,400             53.9             89.3                16.0
            March 2003           3,979          69,559             49.4             91.6                17.5
            March 2004           3,685          66,199             45.7             92.6                18.0
            March 2005           3,428          64,008             42.5             93.0                18.7
            March 2006           3,129          64,057             38.8             91.3                20.5
            March 2007           2,956          63,458             36.7             94.5                21.5
            March 2008           2,797          62,565             34.7             94.6                22.4
            March 2009           2,610          54,956             32.4             93.3                21.1
            March 2010           2,427          50,881             30.1             93.0                21.0
            March 2011           2,322          48,239             28.8             95.7                20.8
            March 2012           2,183          49,704             27.1             94.0                22.8
            March 2013           2,080          50,451             25.8             95.3                24.3
            March 2014           1,984          48,778             24.6             95.4                24.6
            March 2015           1,885          47,932             23.4             95.0                25.4
            March 2016           1,808          48,026             22.4             95.9                26.6
            March 2017           1,721          48,533             21.3             95.2                28.2
            March 2018           1,637          47,213             20.3             95.1                28.8
            March 2019           1,580          47,901             19.6             96.5                30.3
            March 2020           1,491          46,067             18.5             94.4                30.9
            March 2021           1,352          30,869             16.8             90.7                22.8
            March 2022           1,339          38,556             16.6             99.0                28.8
            March 2023           1,290          41,271             16.0             96.3                32.0
            March 2024           1,257          43,638             15.6             97.4                34.7
 
Annual openings
Year ended: March 1999

            March 1999           8,235          71,332            100.0               _                  8.7
            March 2000           6,543          79,285             79.5             79.5                12.1
            March 2001           5,562          72,227             67.5             85.0                13.0
            March 2002           4,824          66,575             58.6             86.7                13.8
            March 2003           4,334          62,272             52.6             89.8                14.4
            March 2004           3,975          61,005             48.3             91.7                15.3
            March 2005           3,587          59,138             43.6             90.2                16.5
            March 2006           3,339          56,753             40.5             93.1                17.0
            March 2007           3,122          57,196             37.9             93.5                18.3
            March 2008           2,912          55,928             35.4             93.3                19.2
            March 2009           2,668          48,909             32.4             91.6                18.3
            March 2010           2,482          45,821             30.1             93.0                18.5
            March 2011           2,402          46,258             29.2             96.8                19.3
            March 2012           2,250          46,129             27.3             93.7                20.5
            March 2013           2,139          46,406             26.0             95.1                21.7
            March 2014           2,106          45,936             25.6             98.5                21.8
            March 2015           1,977          45,375             24.0             93.9                23.0
            March 2016           1,933          46,021             23.5             97.8                23.8
            March 2017           1,844          45,189             22.4             95.4                24.5
            March 2018           1,789          45,184             21.7             97.0                25.3
            March 2019           1,728          44,470             21.0             96.6                25.7
            March 2020           1,633          41,040             19.8             94.5                25.1
            March 2021           1,472          29,143             17.9             90.1                19.8
            March 2022           1,471          37,009             17.9             99.9                25.2
            March 2023           1,397          37,612             17.0             95.0                26.9
            March 2024           1,399          38,931             17.0            100.1                27.8
 
Annual openings
Year ended: March 2000

            March 2000           8,481          83,029            100.0               _                  9.8
            March 2001           6,892          86,340             81.3             81.3                12.5
            March 2002           5,793          80,537             68.3             84.1                13.9
            March 2003           5,136          76,954             60.6             88.7                15.0
            March 2004           4,642          71,722             54.7             90.4                15.5
            March 2005           4,196          67,163             49.5             90.4                16.0
            March 2006           3,890          66,397             45.9             92.7                17.1
            March 2007           3,608          64,181             42.5             92.8                17.8
            March 2008           3,387          63,185             39.9             93.9                18.7
            March 2009           3,096          59,523             36.5             91.4                19.2
            March 2010           2,893          50,934             34.1             93.4                17.6
            March 2011           2,777          47,019             32.7             96.0                16.9
            March 2012           2,584          46,027             30.5             93.1                17.8
            March 2013           2,425          45,042             28.6             93.8                18.6
            March 2014           2,307          43,110             27.2             95.1                18.7
            March 2015           2,175          43,637             25.6             94.3                20.1
            March 2016           2,099          43,923             24.7             96.5                20.9
            March 2017           2,013          44,450             23.7             95.9                22.1
            March 2018           1,919          43,653             22.6             95.3                22.7
            March 2019           1,834          43,589             21.6             95.6                23.8
            March 2020           1,749          40,875             20.6             95.4                23.4
            March 2021           1,579          26,060             18.6             90.3                16.5
            March 2022           1,550          31,645             18.3             98.2                20.4
            March 2023           1,509          32,229             17.8             97.4                21.4
            March 2024           1,462          32,265             17.2             96.9                22.1
 
Annual openings
Year ended: March 2001

            March 2001           8,582          64,150            100.0               _                  7.5
            March 2002           6,577          63,436             76.6             76.6                 9.6
            March 2003           5,576          59,325             65.0             84.8                10.6
            March 2004           4,920          58,161             57.3             88.2                11.8
            March 2005           4,414          55,555             51.4             89.7                12.6
            March 2006           4,002          53,667             46.6             90.7                13.4
            March 2007           3,709          52,528             43.2             92.7                14.2
            March 2008           3,441          52,105             40.1             92.8                15.1
            March 2009           3,169          48,536             36.9             92.1                15.3
            March 2010           2,884          44,335             33.6             91.0                15.4
            March 2011           2,740          43,038             31.9             95.0                15.7
            March 2012           2,521          43,459             29.4             92.0                17.2
            March 2013           2,421          42,313             28.2             96.0                17.5
            March 2014           2,327          41,908             27.1             96.1                18.0
            March 2015           2,173          40,705             25.3             93.4                18.7
            March 2016           2,036          40,063             23.7             93.7                19.7
            March 2017           1,971          39,897             23.0             96.8                20.2
            March 2018           1,880          39,442             21.9             95.4                21.0
            March 2019           1,792          39,812             20.9             95.3                22.2
            March 2020           1,669          36,301             19.4             93.1                21.8
            March 2021           1,495          25,665             17.4             89.6                17.2
            March 2022           1,496          31,104             17.4            100.1                20.8
            March 2023           1,435          33,182             16.7             95.9                23.1
            March 2024           1,404          33,956             16.4             97.8                24.2
 
Annual openings
Year ended: March 2002

            March 2002           9,139          64,919            100.0               _                  7.1
            March 2003           7,135          63,546             78.1             78.1                 8.9
            March 2004           6,156          60,441             67.4             86.3                 9.8
            March 2005           5,400          58,299             59.1             87.7                10.8
            March 2006           4,946          55,139             54.1             91.6                11.1
            March 2007           4,473          53,358             48.9             90.4                11.9
            March 2008           4,095          50,912             44.8             91.5                12.4
            March 2009           3,717          48,673             40.7             90.8                13.1
            March 2010           3,424          44,705             37.5             92.1                13.1
            March 2011           3,220          44,279             35.2             94.0                13.8
            March 2012           2,972          42,814             32.5             92.3                14.4
            March 2013           2,783          41,636             30.5             93.6                15.0
            March 2014           2,601          41,762             28.5             93.5                16.1
            March 2015           2,448          42,665             26.8             94.1                17.4
            March 2016           2,277          42,615             24.9             93.0                18.7
            March 2017           2,139          42,417             23.4             93.9                19.8
            March 2018           1,998          41,207             21.9             93.4                20.6
            March 2019           1,916          42,028             21.0             95.9                21.9
            March 2020           1,801          39,760             19.7             94.0                22.1
            March 2021           1,653          26,717             18.1             91.8                16.2
            March 2022           1,620          32,937             17.7             98.0                20.3
            March 2023           1,572          34,939             17.2             97.0                22.2
            March 2024           1,548          36,324             16.9             98.5                23.5
 
Annual openings
Year ended: March 2003

            March 2003           9,767          64,637            100.0               _                  6.6
            March 2004           7,900          66,693             80.9             80.9                 8.4
            March 2005           6,899          64,743             70.6             87.3                 9.4
            March 2006           6,201          61,707             63.5             89.9                10.0
            March 2007           5,502          60,633             56.3             88.7                11.0
            March 2008           4,930          57,255             50.5             89.6                11.6
            March 2009           4,289          50,455             43.9             87.0                11.8
            March 2010           3,856          46,403             39.5             89.9                12.0
            March 2011           3,591          44,946             36.8             93.1                12.5
            March 2012           3,288          44,728             33.7             91.6                13.6
            March 2013           2,978          43,008             30.5             90.6                14.4
            March 2014           2,772          42,153             28.4             93.1                15.2
            March 2015           2,595          41,030             26.6             93.6                15.8
            March 2016           2,450          42,742             25.1             94.4                17.4
            March 2017           2,312          42,651             23.7             94.4                18.4
            March 2018           2,195          42,117             22.5             94.9                19.2
            March 2019           2,081          44,262             21.3             94.8                21.3
            March 2020           1,915          42,292             19.6             92.0                22.1
            March 2021           1,766          30,018             18.1             92.2                17.0
            March 2022           1,746          36,687             17.9             98.9                21.0
            March 2023           1,668          39,458             17.1             95.5                23.7
            March 2024           1,652          41,257             16.9             99.0                25.0
 
Annual openings
Year ended: March 2004

            March 2004          10,357          69,049            100.0               _                  6.7
            March 2005           8,299          67,078             80.1             80.1                 8.1
            March 2006           7,064          62,652             68.2             85.1                 8.9
            March 2007           6,094          59,408             58.8             86.3                 9.7
            March 2008           5,240          54,082             50.6             86.0                10.3
            March 2009           4,592          50,347             44.3             87.6                11.0
            March 2010           4,097          46,452             39.6             89.2                11.3
            March 2011           3,766          44,243             36.4             91.9                11.7
            March 2012           3,392          42,608             32.8             90.1                12.6
            March 2013           3,180          41,808             30.7             93.8                13.1
            March 2014           2,905          40,637             28.0             91.4                14.0
            March 2015           2,684          39,994             25.9             92.4                14.9
            March 2016           2,532          39,739             24.4             94.3                15.7
            March 2017           2,371          37,624             22.9             93.6                15.9
            March 2018           2,253          37,708             21.8             95.0                16.7
            March 2019           2,119          37,324             20.5             94.1                17.6
            March 2020           1,942          34,526             18.8             91.6                17.8
            March 2021           1,754          23,941             16.9             90.3                13.6
            March 2022           1,757          28,821             17.0            100.2                16.4
            March 2023           1,705          30,461             16.5             97.0                17.9
            March 2024           1,694          31,780             16.4             99.4                18.8
 
Annual openings
Year ended: March 2005

            March 2005          10,608          69,841            100.0               _                  6.6
            March 2006           8,399          70,236             79.2             79.2                 8.4
            March 2007           7,030          67,554             66.3             83.7                 9.6
            March 2008           5,941          63,595             56.0             84.5                10.7
            March 2009           5,036          54,560             47.5             84.8                10.8
            March 2010           4,455          50,470             42.0             88.5                11.3
            March 2011           4,043          48,237             38.1             90.8                11.9
            March 2012           3,697          47,412             34.9             91.4                12.8
            March 2013           3,422          46,218             32.3             92.6                13.5
            March 2014           3,195          45,270             30.1             93.4                14.2
            March 2015           2,959          44,952             27.9             92.6                15.2
            March 2016           2,756          44,185             26.0             93.1                16.0
            March 2017           2,591          42,721             24.4             94.0                16.5
            March 2018           2,458          41,507             23.2             94.9                16.9
            March 2019           2,320          41,562             21.9             94.4                17.9
            March 2020           2,137          39,263             20.1             92.1                18.4
            March 2021           1,965          28,435             18.5             92.0                14.5
            March 2022           1,920          34,424             18.1             97.7                17.9
            March 2023           1,883          36,426             17.8             98.1                19.3
            March 2024           1,851          37,772             17.4             98.3                20.4
 
Annual openings
Year ended: March 2006

            March 2006          10,624          68,190            100.0               _                  6.4
            March 2007           8,276          67,976             77.9             77.9                 8.2
            March 2008           6,923          63,055             65.2             83.7                 9.1
            March 2009           5,776          55,694             54.4             83.4                 9.6
            March 2010           4,970          50,323             46.8             86.0                10.1
            March 2011           4,440          48,945             41.8             89.3                11.0
            March 2012           3,997          48,392             37.6             90.0                12.1
            March 2013           3,682          47,624             34.7             92.1                12.9
            March 2014           3,415          45,737             32.1             92.7                13.4
            March 2015           3,145          43,941             29.6             92.1                14.0
            March 2016           2,907          43,771             27.4             92.4                15.1
            March 2017           2,723          43,094             25.6             93.7                15.8
            March 2018           2,553          40,993             24.0             93.8                16.1
            March 2019           2,386          40,357             22.5             93.5                16.9
            March 2020           2,243          37,150             21.1             94.0                16.6
            March 2021           2,020          24,960             19.0             90.1                12.4
            March 2022           1,976          30,065             18.6             97.8                15.2
            March 2023           1,881          32,225             17.7             95.2                17.1
            March 2024           1,843          31,984             17.3             98.0                17.4
 
Annual openings
Year ended: March 2007

            March 2007           9,957          62,430            100.0               _                  6.3
            March 2008           7,712          60,393             77.5             77.5                 7.8
            March 2009           6,370          52,123             64.0             82.6                 8.2
            March 2010           5,368          46,978             53.9             84.3                 8.8
            March 2011           4,852          45,693             48.7             90.4                 9.4
            March 2012           4,325          44,094             43.4             89.1                10.2
            March 2013           3,916          41,119             39.3             90.5                10.5
            March 2014           3,619          40,439             36.3             92.4                11.2
            March 2015           3,333          38,890             33.5             92.1                11.7
            March 2016           3,126          39,292             31.4             93.8                12.6
            March 2017           2,908          38,856             29.2             93.0                13.4
            March 2018           2,718          37,847             27.3             93.5                13.9
            March 2019           2,514          37,599             25.2             92.5                15.0
            March 2020           2,306          34,918             23.2             91.7                15.1
            March 2021           2,112          23,775             21.2             91.6                11.3
            March 2022           2,058          27,825             20.7             97.4                13.5
            March 2023           1,950          29,804             19.6             94.8                15.3
            March 2024           1,955          29,533             19.6            100.3                15.1
 
Annual openings
Year ended: March 2008

            March 2008           9,967          62,368            100.0               _                  6.3
            March 2009           7,514          56,772             75.4             75.4                 7.6
            March 2010           6,220          54,482             62.4             82.8                 8.8
            March 2011           5,679          54,852             57.0             91.3                 9.7
            March 2012           5,003          54,147             50.2             88.1                10.8
            March 2013           4,541          50,623             45.6             90.8                11.1
            March 2014           4,193          48,797             42.1             92.3                11.6
            March 2015           3,845          48,240             38.6             91.7                12.5
            March 2016           3,600          48,813             36.1             93.6                13.6
            March 2017           3,404          47,266             34.2             94.6                13.9
            March 2018           3,172          46,561             31.8             93.2                14.7
            March 2019           3,012          46,893             30.2             95.0                15.6
            March 2020           2,785          45,421             27.9             92.5                16.3
            March 2021           2,517          29,851             25.3             90.4                11.9
            March 2022           2,473          35,825             24.8             98.3                14.5
            March 2023           2,326          36,071             23.3             94.1                15.5
            March 2024           2,296          36,869             23.0             98.7                16.1
 
Annual openings
Year ended: March 2009

            March 2009           8,712          56,112            100.0               _                  6.4
            March 2010           6,567          50,668             75.4             75.4                 7.7
            March 2011           5,807          48,029             66.7             88.4                 8.3
            March 2012           5,003          45,759             57.4             86.2                 9.1
            March 2013           4,547          45,252             52.2             90.9                10.0
            March 2014           4,142          43,561             47.5             91.1                10.5
            March 2015           3,768          42,292             43.3             91.0                11.2
            March 2016           3,427          42,287             39.3             91.0                12.3
            March 2017           3,255          41,765             37.4             95.0                12.8
            March 2018           2,998          40,672             34.4             92.1                13.6
            March 2019           2,788          39,710             32.0             93.0                14.2
            March 2020           2,538          36,783             29.1             91.0                14.5
            March 2021           2,290          24,418             26.3             90.2                10.7
            March 2022           2,251          29,790             25.8             98.3                13.2
            March 2023           2,128          31,734             24.4             94.5                14.9
            March 2024           2,110          32,255             24.2             99.2                15.3
 
Annual openings
Year ended: March 2010

            March 2010           7,618          49,490            100.0               _                  6.5
            March 2011           6,140          47,070             80.6             80.6                 7.7
            March 2012           5,335          48,064             70.0             86.9                 9.0
            March 2013           4,799          46,222             63.0             90.0                 9.6
            March 2014           4,386          46,272             57.6             91.4                10.5
            March 2015           4,023          45,946             52.8             91.7                11.4
            March 2016           3,708          45,870             48.7             92.2                12.4
            March 2017           3,382          42,839             44.4             91.2                12.7
            March 2018           3,148          40,918             41.3             93.1                13.0
            March 2019           2,924          39,682             38.4             92.9                13.6
            March 2020           2,645          36,710             34.7             90.5                13.9
            March 2021           2,343          26,942             30.8             88.6                11.5
            March 2022           2,287          31,579             30.0             97.6                13.8
            March 2023           2,133          31,222             28.0             93.3                14.6
            March 2024           2,091          31,598             27.4             98.0                15.1
 
Annual openings
Year ended: March 2011

            March 2011           8,360          53,584            100.0               _                  6.4
            March 2012           6,628          55,834             79.3             79.3                 8.4
            March 2013           5,899          55,072             70.6             89.0                 9.3
            March 2014           5,294          53,574             63.3             89.7                10.1
            March 2015           4,757          50,670             56.9             89.9                10.7
            March 2016           4,319          50,547             51.7             90.8                11.7
            March 2017           3,956          48,014             47.3             91.6                12.1
            March 2018           3,707          47,100             44.3             93.7                12.7
            March 2019           3,437          45,378             41.1             92.7                13.2
            March 2020           3,134          42,612             37.5             91.2                13.6
            March 2021           2,804          29,515             33.5             89.5                10.5
            March 2022           2,699          34,642             32.3             96.3                12.8
            March 2023           2,571          35,838             30.8             95.3                13.9
            March 2024           2,511          36,230             30.0             97.7                14.4
 
Annual openings
Year ended: March 2012

            March 2012           8,905          57,758            100.0               _                  6.5
            March 2013           7,114          61,898             79.9             79.9                 8.7
            March 2014           6,238          61,525             70.1             87.7                 9.9
            March 2015           5,600          59,637             62.9             89.8                10.6
            March 2016           5,068          58,879             56.9             90.5                11.6
            March 2017           4,647          57,692             52.2             91.7                12.4
            March 2018           4,312          57,718             48.4             92.8                13.4
            March 2019           3,963          54,025             44.5             91.9                13.6
            March 2020           3,605          50,450             40.5             91.0                14.0
            March 2021           3,124          34,121             35.1             86.7                10.9
            March 2022           3,097          41,094             34.8             99.1                13.3
            March 2023           2,906          41,835             32.6             93.8                14.4
            March 2024           2,819          42,782             31.7             97.0                15.2
 
Annual openings
Year ended: March 2013

            March 2013           8,938          61,142            100.0               _                  6.8
            March 2014           7,205          62,410             80.6             80.6                 8.7
            March 2015           6,374          60,386             71.3             88.5                 9.5
            March 2016           5,703          58,177             63.8             89.5                10.2
            March 2017           5,176          55,221             57.9             90.8                10.7
            March 2018           4,727          53,608             52.9             91.3                11.3
            March 2019           4,384          52,934             49.0             92.7                12.1
            March 2020           3,961          48,708             44.3             90.4                12.3
            March 2021           3,485          35,434             39.0             88.0                10.2
            March 2022           3,364          42,038             37.6             96.5                12.5
            March 2023           3,170          43,396             35.5             94.2                13.7
            March 2024           3,025          44,213             33.8             95.4                14.6
 
Annual openings
Year ended: March 2014

            March 2014           8,398          54,438            100.0               _                  6.5
            March 2015           7,555          61,165             90.0             90.0                 8.1
            March 2016           6,584          60,104             78.4             87.1                 9.1
            March 2017           5,985          58,654             71.3             90.9                 9.8
            March 2018           5,446          56,337             64.8             91.0                10.3
            March 2019           4,936          55,245             58.8             90.6                11.2
            March 2020           4,419          50,928             52.6             89.5                11.5
            March 2021           3,876          35,795             46.2             87.7                 9.2
            March 2022           3,834          43,816             45.7             98.9                11.4
            March 2023           3,526          43,807             42.0             92.0                12.4
            March 2024           3,417          42,856             40.7             96.9                12.5
 
Annual openings
Year ended: March 2015

            March 2015           9,125          66,164            100.0               _                  7.3
            March 2016           8,168          69,897             89.5             89.5                 8.6
            March 2017           7,413          68,148             81.2             90.8                 9.2
            March 2018           6,732          66,133             73.8             90.8                 9.8
            March 2019           6,032          64,129             66.1             89.6                10.6
            March 2020           5,371          60,316             58.9             89.0                11.2
            March 2021           4,751          43,482             52.1             88.5                 9.2
            March 2022           4,585          50,985             50.2             96.5                11.1
            March 2023           4,295          52,761             47.1             93.7                12.3
            March 2024           4,176          52,489             45.8             97.2                12.6
 
Annual openings
Year ended: March 2016

            March 2016           9,581          66,610            100.0               _                  7.0
            March 2017           8,591          73,331             89.7             89.7                 8.5
            March 2018           7,919          72,967             82.7             92.2                 9.2
            March 2019           7,155          73,140             74.7             90.4                10.2
            March 2020           6,325          67,442             66.0             88.4                10.7
            March 2021           5,505          46,023             57.5             87.0                 8.4
            March 2022           5,348          56,710             55.8             97.1                10.6
            March 2023           4,992          59,909             52.1             93.3                12.0
            March 2024           4,785          59,003             49.9             95.9                12.3
 
Annual openings
Year ended: March 2017

            March 2017           9,897          71,968            100.0               _                  7.3
            March 2018           9,276          76,713             93.7             93.7                 8.3
            March 2019           8,193          75,819             82.8             88.3                 9.3
            March 2020           7,182          70,314             72.6             87.7                 9.8
            March 2021           6,145          52,565             62.1             85.6                 8.6
            March 2022           5,904          62,507             59.7             96.1                10.6
            March 2023           5,463          65,803             55.2             92.5                12.0
            March 2024           5,177          63,484             52.3             94.8                12.3
 
Annual openings
Year ended: March 2018

            March 2018          10,859          75,278            100.0               _                  6.9
            March 2019           9,334          78,205             86.0             86.0                 8.4
            March 2020           8,058          75,496             74.2             86.3                 9.4
            March 2021           6,910          54,660             63.6             85.8                 7.9
            March 2022           6,638          64,921             61.1             96.1                 9.8
            March 2023           6,113          69,048             56.3             92.1                11.3
            March 2024           5,939          69,805             54.7             97.2                11.8
 
Annual openings
Year ended: March 2019

            March 2019          11,679          79,954            100.0               _                  6.8
            March 2020           9,598          79,398             82.2             82.2                 8.3
            March 2021           8,271          59,691             70.8             86.2                 7.2
            March 2022           7,886          73,190             67.5             95.3                 9.3
            March 2023           7,311          77,404             62.6             92.7                10.6
            March 2024           7,028          77,466             60.2             96.1                11.0
 
Annual openings
Year ended: March 2020

            March 2020          11,684          79,469            100.0               _                  6.8
            March 2021           9,502          63,445             81.3             81.3                 6.7
            March 2022           9,067          77,007             77.6             95.4                 8.5
            March 2023           8,216          79,618             70.3             90.6                 9.7
            March 2024           7,871          80,013             67.4             95.8                10.2
 
Annual openings
Year ended: March 2021

            March 2021          10,899          52,868            100.0               _                  4.9
            March 2022           9,109          61,136             83.6             83.6                 6.7
            March 2023           8,026          62,268             73.6             88.1                 7.8
            March 2024           7,540          61,134             69.2             93.9                 8.1
 
Annual openings
Year ended: March 2022

            March 2022          14,078          69,935            100.0               _                  5.0
            March 2023          11,767          78,395             83.6             83.6                 6.7
            March 2024          10,761          79,451             76.4             91.5                 7.4
 
Annual openings
Year ended: March 2023

            March 2023          15,074          81,201            100.0               _                  5.4
            March 2024          12,883          88,033             85.5             85.5                 6.8
 
Annual openings
Year ended: March 2024

            March 2024          13,854          77,386            100.0               _                  5.6
 
NOTE: A '_' indicates that the data are not available and a 'N' indicates that the data do not meet BLS disclosure standards.
