Table 7. Survival of private sector establishments by opening year

Mining, Quarrying, and Oil and Gas Extraction

                          Surviving       Total Employment   Survival Rates   Survival Rates of   Average Employment
                          Establishments  of Survivors       Since Birth      Previous Year's     of Survivors
                                                                              Survivors

Annual openings
Year ended: March 1994

            March 1994           1,862          20,977            100.0               _                 11.3
            March 1995           1,444          19,321             77.6             77.6                13.4
            March 1996           1,181          19,249             63.4             81.8                16.3
            March 1997           1,082          18,343             58.1             91.6                17.0
            March 1998             974          17,997             52.3             90.0                18.5
            March 1999             843          15,664             45.3             86.6                18.6
            March 2000             784          14,920             42.1             93.0                19.0
            March 2001             730          14,126             39.2             93.1                19.4
            March 2002             669          14,433             35.9             91.6                21.6
            March 2003             645          13,190             34.6             96.4                20.4
            March 2004             607          13,050             32.6             94.1                21.5
            March 2005             571          12,923             30.7             94.1                22.6
            March 2006             552          13,779             29.6             96.7                25.0
            March 2007             528          14,478             28.4             95.7                27.4
            March 2008             503          16,037             27.0             95.3                31.9
            March 2009             489          14,860             26.3             97.2                30.4
            March 2010             483          13,249             25.9             98.8                27.4
            March 2011             457          13,243             24.5             94.6                29.0
            March 2012             441          13,873             23.7             96.5                31.5
            March 2013             417          12,800             22.4             94.6                30.7
            March 2014             398          12,237             21.4             95.4                30.7
            March 2015             382          11,563             20.5             96.0                30.3
            March 2016             356           8,795             19.1             93.2                24.7
            March 2017             326           8,778             17.5             91.6                26.9
            March 2018             307           9,672             16.5             94.2                31.5
            March 2019             297           9,718             16.0             96.7                32.7
            March 2020             278           8,093             14.9             93.6                29.1
            March 2021             259           6,107             13.9             93.2                23.6
            March 2022             245           6,783             13.2             94.6                27.7
            March 2023             243           7,253             13.1             99.2                29.8
            March 2024             228           6,736             12.2             93.8                29.5
 
Annual openings
Year ended: March 1995

            March 1995           2,060          22,949            100.0               _                 11.1
            March 1996           1,588          25,451             77.1             77.1                16.0
            March 1997           1,387          26,756             67.3             87.3                19.3
            March 1998           1,242          27,384             60.3             89.5                22.0
            March 1999           1,069          23,855             51.9             86.1                22.3
            March 2000             963          18,217             46.7             90.1                18.9
            March 2001             867          16,184             42.1             90.0                18.7
            March 2002             802          14,807             38.9             92.5                18.5
            March 2003             724          13,625             35.1             90.3                18.8
            March 2004             700          13,632             34.0             96.7                19.5
            March 2005             664          14,184             32.2             94.9                21.4
            March 2006             636          14,574             30.9             95.8                22.9
            March 2007             601          15,464             29.2             94.5                25.7
            March 2008             581          15,838             28.2             96.7                27.3
            March 2009             543          15,267             26.4             93.5                28.1
            March 2010             517          14,329             25.1             95.2                27.7
            March 2011             502          15,405             24.4             97.1                30.7
            March 2012             476          16,904             23.1             94.8                35.5
            March 2013             464          16,862             22.5             97.5                36.3
            March 2014             443          15,957             21.5             95.5                36.0
            March 2015             429          15,137             20.8             96.8                35.3
            March 2016             407          12,150             19.8             94.9                29.9
            March 2017             375          10,725             18.2             92.1                28.6
            March 2018             358          11,871             17.4             95.5                33.2
            March 2019             336          10,703             16.3             93.9                31.9
            March 2020             312           9,459             15.1             92.9                30.3
            March 2021             291           7,385             14.1             93.3                25.4
            March 2022             280           7,458             13.6             96.2                26.6
            March 2023             274           6,878             13.3             97.9                25.1
            March 2024             268           7,088             13.0             97.8                26.4
 
Annual openings
Year ended: March 1996

            March 1996           1,814          18,133            100.0               _                 10.0
            March 1997           1,430          18,201             78.8             78.8                12.7
            March 1998           1,237          16,402             68.2             86.5                13.3
            March 1999           1,004          14,740             55.3             81.2                14.7
            March 2000             903          13,958             49.8             89.9                15.5
            March 2001             824          13,489             45.4             91.3                16.4
            March 2002             728          11,537             40.1             88.3                15.8
            March 2003             679          10,985             37.4             93.3                16.2
            March 2004             626          10,967             34.5             92.2                17.5
            March 2005             573          11,005             31.6             91.5                19.2
            March 2006             544          11,417             30.0             94.9                21.0
            March 2007             521          11,915             28.7             95.8                22.9
            March 2008             497          11,982             27.4             95.4                24.1
            March 2009             481          10,901             26.5             96.8                22.7
            March 2010             461           9,906             25.4             95.8                21.5
            March 2011             452           9,893             24.9             98.0                21.9
            March 2012             449          10,318             24.8             99.3                23.0
            March 2013             427          10,440             23.5             95.1                24.4
            March 2014             416          10,396             22.9             97.4                25.0
            March 2015             393           9,627             21.7             94.5                24.5
            March 2016             360           6,856             19.8             91.6                19.0
            March 2017             329           6,748             18.1             91.4                20.5
            March 2018             316           6,564             17.4             96.0                20.8
            March 2019             311           6,413             17.1             98.4                20.6
            March 2020             297           6,456             16.4             95.5                21.7
            March 2021             270           4,984             14.9             90.9                18.5
            March 2022             255           5,421             14.1             94.4                21.3
            March 2023             235           7,967             13.0             92.2                33.9
            March 2024             226           7,172             12.5             96.2                31.7
 
Annual openings
Year ended: March 1997

            March 1997           2,161          21,731            100.0               _                 10.1
            March 1998           1,694          22,204             78.4             78.4                13.1
            March 1999           1,411          18,777             65.3             83.3                13.3
            March 2000           1,222          16,487             56.5             86.6                13.5
            March 2001           1,097          17,147             50.8             89.8                15.6
            March 2002             979          15,893             45.3             89.2                16.2
            March 2003             908          14,719             42.0             92.7                16.2
            March 2004             851          14,821             39.4             93.7                17.4
            March 2005             804          15,475             37.2             94.5                19.2
            March 2006             741          16,660             34.3             92.2                22.5
            March 2007             706          16,888             32.7             95.3                23.9
            March 2008             674          17,189             31.2             95.5                25.5
            March 2009             636          15,890             29.4             94.4                25.0
            March 2010             598          14,119             27.7             94.0                23.6
            March 2011             569          15,944             26.3             95.2                28.0
            March 2012             562          17,531             26.0             98.8                31.2
            March 2013             553          18,018             25.6             98.4                32.6
            March 2014             536          18,458             24.8             96.9                34.4
            March 2015             509          16,312             23.6             95.0                32.0
            March 2016             490          11,916             22.7             96.3                24.3
            March 2017             458          11,373             21.2             93.5                24.8
            March 2018             447          11,894             20.7             97.6                26.6
            March 2019             425          11,577             19.7             95.1                27.2
            March 2020             389           9,806             18.0             91.5                25.2
            March 2021             368           7,335             17.0             94.6                19.9
            March 2022             353           8,063             16.3             95.9                22.8
            March 2023             335           6,675             15.5             94.9                19.9
            March 2024             309           6,251             14.3             92.2                20.2
 
Annual openings
Year ended: March 1998

            March 1998           1,999          19,875            100.0               _                  9.9
            March 1999           1,468          17,786             73.4             73.4                12.1
            March 2000           1,202          15,605             60.1             81.9                13.0
            March 2001           1,077          17,055             53.9             89.6                15.8
            March 2002             950          14,553             47.5             88.2                15.3
            March 2003             853          14,021             42.7             89.8                16.4
            March 2004             793          13,520             39.7             93.0                17.0
            March 2005             745          15,560             37.3             93.9                20.9
            March 2006             703          15,598             35.2             94.4                22.2
            March 2007             650          16,304             32.5             92.5                25.1
            March 2008             621          16,231             31.1             95.5                26.1
            March 2009             589          15,040             29.5             94.8                25.5
            March 2010             564          13,620             28.2             95.8                24.1
            March 2011             557          14,894             27.9             98.8                26.7
            March 2012             546          16,643             27.3             98.0                30.5
            March 2013             527          16,103             26.4             96.5                30.6
            March 2014             496          15,763             24.8             94.1                31.8
            March 2015             468          14,471             23.4             94.4                30.9
            March 2016             431          11,545             21.6             92.1                26.8
            March 2017             401          11,218             20.1             93.0                28.0
            March 2018             384          10,398             19.2             95.8                27.1
            March 2019             351          10,214             17.6             91.4                29.1
            March 2020             338           8,719             16.9             96.3                25.8
            March 2021             305           6,550             15.3             90.2                21.5
            March 2022             282           6,739             14.1             92.5                23.9
            March 2023             272           6,950             13.6             96.5                25.6
            March 2024             254           6,593             12.7             93.4                26.0
 
Annual openings
Year ended: March 1999

            March 1999           1,610          21,728            100.0               _                 13.5
            March 2000           1,289          18,072             80.1             80.1                14.0
            March 2001           1,184          19,329             73.5             91.9                16.3
            March 2002           1,041          17,383             64.7             87.9                16.7
            March 2003             832          16,341             51.7             79.9                19.6
            March 2004             790          17,728             49.1             95.0                22.4
            March 2005             729          17,397             45.3             92.3                23.9
            March 2006             703          17,521             43.7             96.4                24.9
            March 2007             660          18,267             41.0             93.9                27.7
            March 2008             647          19,794             40.2             98.0                30.6
            March 2009             606          18,906             37.6             93.7                31.2
            March 2010             577          16,730             35.8             95.2                29.0
            March 2011             573          17,753             35.6             99.3                31.0
            March 2012             545          19,014             33.9             95.1                34.9
            March 2013             529          19,072             32.9             97.1                36.1
            March 2014             509          17,581             31.6             96.2                34.5
            March 2015             508          16,712             31.6             99.8                32.9
            March 2016             467          11,469             29.0             91.9                24.6
            March 2017             444          10,388             27.6             95.1                23.4
            March 2018             425           9,979             26.4             95.7                23.5
            March 2019             395           9,953             24.5             92.9                25.2
            March 2020             372           9,614             23.1             94.2                25.8
            March 2021             351           7,577             21.8             94.4                21.6
            March 2022             333           7,226             20.7             94.9                21.7
            March 2023             308           7,562             19.1             92.5                24.6
            March 2024             288           7,369             17.9             93.5                25.6
 
Annual openings
Year ended: March 2000

            March 2000           1,742          18,104            100.0               _                 10.4
            March 2001           1,404          21,163             80.6             80.6                15.1
            March 2002           1,212          20,098             69.6             86.3                16.6
            March 2003           1,044          17,556             59.9             86.1                16.8
            March 2004             951          18,146             54.6             91.1                19.1
            March 2005             884          17,962             50.7             93.0                20.3
            March 2006             820          18,696             47.1             92.8                22.8
            March 2007             790          19,682             45.4             96.3                24.9
            March 2008             753          20,459             43.2             95.3                27.2
            March 2009             722          19,400             41.4             95.9                26.9
            March 2010             675          17,256             38.7             93.5                25.6
            March 2011             660          18,581             37.9             97.8                28.2
            March 2012             639          19,086             36.7             96.8                29.9
            March 2013             589          19,243             33.8             92.2                32.7
            March 2014             565          20,286             32.4             95.9                35.9
            March 2015             521          19,805             29.9             92.2                38.0
            March 2016             485          13,908             27.8             93.1                28.7
            March 2017             445          11,181             25.5             91.8                25.1
            March 2018             411          11,242             23.6             92.4                27.4
            March 2019             392          11,367             22.5             95.4                29.0
            March 2020             356           9,073             20.4             90.8                25.5
            March 2021             343           6,990             19.7             96.3                20.4
            March 2022             321           6,569             18.4             93.6                20.5
            March 2023             296           6,979             17.0             92.2                23.6
            March 2024             276           7,167             15.8             93.2                26.0
 
Annual openings
Year ended: March 2001

            March 2001           1,957          16,756            100.0               _                  8.6
            March 2002           1,529          16,304             78.1             78.1                10.7
            March 2003           1,295          15,237             66.2             84.7                11.8
            March 2004           1,188          16,172             60.7             91.7                13.6
            March 2005           1,130          16,945             57.7             95.1                15.0
            March 2006           1,049          19,143             53.6             92.8                18.2
            March 2007             992          19,538             50.7             94.6                19.7
            March 2008             947          20,132             48.4             95.5                21.3
            March 2009             897          18,129             45.8             94.7                20.2
            March 2010             832          15,770             42.5             92.8                19.0
            March 2011             776          16,759             39.7             93.3                21.6
            March 2012             756          18,159             38.6             97.4                24.0
            March 2013             720          16,644             36.8             95.2                23.1
            March 2014             687          16,060             35.1             95.4                23.4
            March 2015             650          14,648             33.2             94.6                22.5
            March 2016             576          11,513             29.4             88.6                20.0
            March 2017             524          10,809             26.8             91.0                20.6
            March 2018             508          11,130             26.0             96.9                21.9
            March 2019             478          11,356             24.4             94.1                23.8
            March 2020             455          10,668             23.2             95.2                23.4
            March 2021             424           8,677             21.7             93.2                20.5
            March 2022             393           8,478             20.1             92.7                21.6
            March 2023             367           9,097             18.8             93.4                24.8
            March 2024             351           8,119             17.9             95.6                23.1
 
Annual openings
Year ended: March 2002

            March 2002           2,012          16,515            100.0               _                  8.2
            March 2003           1,556          15,071             77.3             77.3                 9.7
            March 2004           1,335          15,885             66.4             85.8                11.9
            March 2005           1,219          17,295             60.6             91.3                14.2
            March 2006           1,121          19,882             55.7             92.0                17.7
            March 2007           1,041          20,892             51.7             92.9                20.1
            March 2008             976          20,619             48.5             93.8                21.1
            March 2009             902          19,661             44.8             92.4                21.8
            March 2010             860          16,648             42.7             95.3                19.4
            March 2011             785          17,809             39.0             91.3                22.7
            March 2012             767          19,652             38.1             97.7                25.6
            March 2013             715          18,142             35.5             93.2                25.4
            March 2014             670          18,843             33.3             93.7                28.1
            March 2015             644          18,522             32.0             96.1                28.8
            March 2016             575          14,463             28.6             89.3                25.2
            March 2017             534          13,756             26.5             92.9                25.8
            March 2018             506          15,333             25.1             94.8                30.3
            March 2019             471          15,037             23.4             93.1                31.9
            March 2020             446          13,524             22.2             94.7                30.3
            March 2021             413          10,704             20.5             92.6                25.9
            March 2022             388          11,238             19.3             93.9                29.0
            March 2023             384          12,226             19.1             99.0                31.8
            March 2024             333          11,409             16.6             86.7                34.3
 
Annual openings
Year ended: March 2003

            March 2003           1,654          13,807            100.0               _                  8.3
            March 2004           1,355          13,662             81.9             81.9                10.1
            March 2005           1,192          13,352             72.1             88.0                11.2
            March 2006           1,084          14,085             65.5             90.9                13.0
            March 2007             990          15,058             59.9             91.3                15.2
            March 2008             909          15,817             55.0             91.8                17.4
            March 2009             840          14,328             50.8             92.4                17.1
            March 2010             774          13,705             46.8             92.1                17.7
            March 2011             745          15,021             45.0             96.3                20.2
            March 2012             715          16,941             43.2             96.0                23.7
            March 2013             673          17,167             40.7             94.1                25.5
            March 2014             636          17,809             38.5             94.5                28.0
            March 2015             606          16,225             36.6             95.3                26.8
            March 2016             542          11,678             32.8             89.4                21.5
            March 2017             501          11,385             30.3             92.4                22.7
            March 2018             478          11,573             28.9             95.4                24.2
            March 2019             462          11,300             27.9             96.7                24.5
            March 2020             448           9,817             27.1             97.0                21.9
            March 2021             399           7,716             24.1             89.1                19.3
            March 2022             364           7,576             22.0             91.2                20.8
            March 2023             347           9,227             21.0             95.3                26.6
            March 2024             329           8,529             19.9             94.8                25.9
 
Annual openings
Year ended: March 2004

            March 2004           1,800          14,929            100.0               _                  8.3
            March 2005           1,512          17,126             84.0             84.0                11.3
            March 2006           1,365          20,520             75.8             90.3                15.0
            March 2007           1,265          22,469             70.3             92.7                17.8
            March 2008           1,174          23,657             65.2             92.8                20.2
            March 2009           1,068          22,904             59.3             91.0                21.4
            March 2010             982          19,434             54.6             91.9                19.8
            March 2011             902          21,523             50.1             91.9                23.9
            March 2012             834          23,728             46.3             92.5                28.5
            March 2013             777          22,387             43.2             93.2                28.8
            March 2014             730          21,365             40.6             94.0                29.3
            March 2015             705          18,682             39.2             96.6                26.5
            March 2016             642          13,422             35.7             91.1                20.9
            March 2017             600          12,971             33.3             93.5                21.6
            March 2018             560          13,521             31.1             93.3                24.1
            March 2019             521          13,645             28.9             93.0                26.2
            March 2020             505          11,630             28.1             96.9                23.0
            March 2021             448           8,494             24.9             88.7                19.0
            March 2022             427           9,359             23.7             95.3                21.9
            March 2023             404           9,613             22.4             94.6                23.8
            March 2024             369           9,177             20.5             91.3                24.9
 
Annual openings
Year ended: March 2005

            March 2005           2,043          15,787            100.0               _                  7.7
            March 2006           1,757          19,125             86.0             86.0                10.9
            March 2007           1,540          20,843             75.4             87.6                13.5
            March 2008           1,399          21,778             68.5             90.8                15.6
            March 2009           1,252          19,540             61.3             89.5                15.6
            March 2010           1,138          16,321             55.7             90.9                14.3
            March 2011           1,038          17,321             50.8             91.2                16.7
            March 2012             995          19,530             48.7             95.9                19.6
            March 2013             909          18,561             44.5             91.4                20.4
            March 2014             855          18,159             41.9             94.1                21.2
            March 2015             792          16,388             38.8             92.6                20.7
            March 2016             686          12,081             33.6             86.6                17.6
            March 2017             623          11,116             30.5             90.8                17.8
            March 2018             572          11,731             28.0             91.8                20.5
            March 2019             534          11,754             26.1             93.4                22.0
            March 2020             499          10,436             24.4             93.4                20.9
            March 2021             453           8,523             22.2             90.8                18.8
            March 2022             432           9,303             21.1             95.4                21.5
            March 2023             422           9,078             20.7             97.7                21.5
            March 2024             378           8,750             18.5             89.6                23.1
 
Annual openings
Year ended: March 2006

            March 2006           2,494          18,220            100.0               _                  7.3
            March 2007           2,041          21,914             81.8             81.8                10.7
            March 2008           1,776          23,632             71.2             87.0                13.3
            March 2009           1,568          20,067             62.9             88.3                12.8
            March 2010           1,342          17,928             53.8             85.6                13.4
            March 2011           1,276          19,914             51.2             95.1                15.6
            March 2012           1,177          22,234             47.2             92.2                18.9
            March 2013           1,071          20,482             42.9             91.0                19.1
            March 2014           1,011          20,812             40.5             94.4                20.6
            March 2015             926          18,865             37.1             91.6                20.4
            March 2016             806          13,406             32.3             87.0                16.6
            March 2017             693          12,956             27.8             86.0                18.7
            March 2018             638          14,250             25.6             92.1                22.3
            March 2019             590          14,242             23.7             92.5                24.1
            March 2020             531          13,051             21.3             90.0                24.6
            March 2021             495           9,403             19.8             93.2                19.0
            March 2022             457          11,625             18.3             92.3                25.4
            March 2023             435          11,338             17.4             95.2                26.1
            March 2024             402          11,413             16.1             92.4                28.4
 
Annual openings
Year ended: March 2007

            March 2007           2,876          23,751            100.0               _                  8.3
            March 2008           2,369          29,205             82.4             82.4                12.3
            March 2009           1,992          25,158             69.3             84.1                12.6
            March 2010           1,704          21,158             59.2             85.5                12.4
            March 2011           1,551          24,520             53.9             91.0                15.8
            March 2012           1,429          27,336             49.7             92.1                19.1
            March 2013           1,300          26,195             45.2             91.0                20.2
            March 2014           1,202          26,539             41.8             92.5                22.1
            March 2015           1,099          24,813             38.2             91.4                22.6
            March 2016             951          18,191             33.1             86.5                19.1
            March 2017             827          16,239             28.8             87.0                19.6
            March 2018             757          17,693             26.3             91.5                23.4
            March 2019             709          17,781             24.7             93.7                25.1
            March 2020             655          14,745             22.8             92.4                22.5
            March 2021             582          11,647             20.2             88.9                20.0
            March 2022             558          12,385             19.4             95.9                22.2
            March 2023             525          13,580             18.3             94.1                25.9
            March 2024             508          13,752             17.7             96.8                27.1
 
Annual openings
Year ended: March 2008

            March 2008           2,756          20,472            100.0               _                  7.4
            March 2009           2,152          20,903             78.1             78.1                 9.7
            March 2010           1,781          19,069             64.6             82.8                10.7
            March 2011           1,590          21,622             57.7             89.3                13.6
            March 2012           1,480          26,094             53.7             93.1                17.6
            March 2013           1,353          25,312             49.1             91.4                18.7
            March 2014           1,263          26,615             45.8             93.3                21.1
            March 2015           1,133          25,111             41.1             89.7                22.2
            March 2016             993          16,878             36.0             87.6                17.0
            March 2017             860          15,823             31.2             86.6                18.4
            March 2018             786          17,097             28.5             91.4                21.8
            March 2019             724          17,620             26.3             92.1                24.3
            March 2020             687          14,387             24.9             94.9                20.9
            March 2021             605          10,427             22.0             88.1                17.2
            March 2022             565          11,168             20.5             93.4                19.8
            March 2023             531          12,366             19.3             94.0                23.3
            March 2024             501          10,896             18.2             94.4                21.7
 
Annual openings
Year ended: March 2009

            March 2009           2,620          17,891            100.0               _                  6.8
            March 2010           2,014          18,413             76.9             76.9                 9.1
            March 2011           1,786          22,568             68.2             88.7                12.6
            March 2012           1,614          25,354             61.6             90.4                15.7
            March 2013           1,463          24,081             55.8             90.6                16.5
            March 2014           1,341          24,624             51.2             91.7                18.4
            March 2015           1,189          22,679             45.4             88.7                19.1
            March 2016             985          15,881             37.6             82.8                16.1
            March 2017             858          14,342             32.7             87.1                16.7
            March 2018             800          14,958             30.5             93.2                18.7
            March 2019             738          15,928             28.2             92.3                21.6
            March 2020             661          13,278             25.2             89.6                20.1
            March 2021             574           9,510             21.9             86.8                16.6
            March 2022             551          10,216             21.0             96.0                18.5
            March 2023             524          10,881             20.0             95.1                20.8
            March 2024             499          10,372             19.0             95.2                20.8
 
Annual openings
Year ended: March 2010

            March 2010           2,046          13,626            100.0               _                  6.7
            March 2011           1,639          19,982             80.1             80.1                12.2
            March 2012           1,416          24,965             69.2             86.4                17.6
            March 2013           1,251          22,841             61.1             88.3                18.3
            March 2014           1,151          22,665             56.3             92.0                19.7
            March 2015           1,005          22,021             49.1             87.3                21.9
            March 2016             879          14,712             43.0             87.5                16.7
            March 2017             746          13,515             36.5             84.9                18.1
            March 2018             675          15,094             33.0             90.5                22.4
            March 2019             635          15,113             31.0             94.1                23.8
            March 2020             581          13,237             28.4             91.5                22.8
            March 2021             488          10,306             23.9             84.0                21.1
            March 2022             447          10,168             21.8             91.6                22.7
            March 2023             423          11,546             20.7             94.6                27.3
            March 2024             395          11,109             19.3             93.4                28.1
 
Annual openings
Year ended: March 2011

            March 2011           2,535          18,573            100.0               _                  7.3
            March 2012           2,115          25,551             83.4             83.4                12.1
            March 2013           1,764          25,802             69.6             83.4                14.6
            March 2014           1,583          27,204             62.4             89.7                17.2
            March 2015           1,401          25,625             55.3             88.5                18.3
            March 2016           1,122          16,791             44.3             80.1                15.0
            March 2017             972          16,360             38.3             86.6                16.8
            March 2018             894          19,060             35.3             92.0                21.3
            March 2019             824          19,398             32.5             92.2                23.5
            March 2020             741          15,851             29.2             89.9                21.4
            March 2021             641          11,419             25.3             86.5                17.8
            March 2022             591          12,150             23.3             92.2                20.6
            March 2023             558          12,428             22.0             94.4                22.3
            March 2024             521          11,496             20.6             93.4                22.1
 
Annual openings
Year ended: March 2012

            March 2012           3,086          23,487            100.0               _                  7.6
            March 2013           2,482          28,975             80.4             80.4                11.7
            March 2014           2,156          30,723             69.9             86.9                14.3
            March 2015           1,885          30,839             61.1             87.4                16.4
            March 2016           1,516          20,510             49.1             80.4                13.5
            March 2017           1,305          21,424             42.3             86.1                16.4
            March 2018           1,182          24,918             38.3             90.6                21.1
            March 2019           1,089          25,137             35.3             92.1                23.1
            March 2020             956          20,646             31.0             87.8                21.6
            March 2021             856          14,751             27.7             89.5                17.2
            March 2022             790          16,229             25.6             92.3                20.5
            March 2023             725          17,456             23.5             91.8                24.1
            March 2024             688          17,180             22.3             94.9                25.0
 
Annual openings
Year ended: March 2013

            March 2013           2,941          20,452            100.0               _                  7.0
            March 2014           2,334          23,728             79.4             79.4                10.2
            March 2015           1,938          22,639             65.9             83.0                11.7
            March 2016           1,488          15,742             50.6             76.8                10.6
            March 2017           1,302          16,496             44.3             87.5                12.7
            March 2018           1,182          17,777             40.2             90.8                15.0
            March 2019           1,077          18,327             36.6             91.1                17.0
            March 2020             973          16,165             33.1             90.3                16.6
            March 2021             828          12,222             28.2             85.1                14.8
            March 2022             773          12,398             26.3             93.4                16.0
            March 2023             719          13,521             24.4             93.0                18.8
            March 2024             676          13,006             23.0             94.0                19.2
 
Annual openings
Year ended: March 2014

            March 2014           2,867          20,205            100.0               _                  7.0
            March 2015           2,215          20,933             77.3             77.3                 9.5
            March 2016           1,666          15,430             58.1             75.2                 9.3
            March 2017           1,343          14,836             46.8             80.6                11.0
            March 2018           1,236          18,316             43.1             92.0                14.8
            March 2019           1,096          18,223             38.2             88.7                16.6
            March 2020             974          15,540             34.0             88.9                16.0
            March 2021             853          11,433             29.8             87.6                13.4
            March 2022             791          12,049             27.6             92.7                15.2
            March 2023             737          13,147             25.7             93.2                17.8
            March 2024             676          12,421             23.6             91.7                18.4
 
Annual openings
Year ended: March 2015

            March 2015           2,865          17,698            100.0               _                  6.2
            March 2016           1,982          14,460             69.2             69.2                 7.3
            March 2017           1,587          15,294             55.4             80.1                 9.6
            March 2018           1,427          17,476             49.8             89.9                12.2
            March 2019           1,321          18,917             46.1             92.6                14.3
            March 2020           1,152          16,564             40.2             87.2                14.4
            March 2021             975          12,597             34.0             84.6                12.9
            March 2022             909          12,902             31.7             93.2                14.2
            March 2023             828          13,676             28.9             91.1                16.5
            March 2024             762          13,205             26.6             92.0                17.3
 
Annual openings
Year ended: March 2016

            March 2016           1,849          10,544            100.0               _                  5.7
            March 2017           1,343          11,222             72.6             72.6                 8.4
            March 2018           1,200          13,623             64.9             89.4                11.4
            March 2019           1,066          13,940             57.7             88.8                13.1
            March 2020             937          11,814             50.7             87.9                12.6
            March 2021             771           8,892             41.7             82.3                11.5
            March 2022             689           9,363             37.3             89.4                13.6
            March 2023             636           9,572             34.4             92.3                15.1
            March 2024             596           9,554             32.2             93.7                16.0
 
Annual openings
Year ended: March 2017

            March 2017           1,939          13,369            100.0               _                  6.9
            March 2018           1,582          18,071             81.6             81.6                11.4
            March 2019           1,390          20,166             71.7             87.9                14.5
            March 2020           1,204          18,034             62.1             86.6                15.0
            March 2021           1,034          12,772             53.3             85.9                12.4
            March 2022             930          13,357             48.0             89.9                14.4
            March 2023             848          13,952             43.7             91.2                16.5
            March 2024             774          12,622             39.9             91.3                16.3
 
Annual openings
Year ended: March 2018

            March 2018           2,354          17,913            100.0               _                  7.6
            March 2019           1,913          23,261             81.3             81.3                12.2
            March 2020           1,540          20,795             65.4             80.5                13.5
            March 2021           1,250          15,501             53.1             81.2                12.4
            March 2022           1,158          17,655             49.2             92.6                15.2
            March 2023           1,049          20,172             44.6             90.6                19.2
            March 2024             938          19,606             39.8             89.4                20.9
 
Annual openings
Year ended: March 2019

            March 2019           2,476          15,396            100.0               _                  6.2
            March 2020           1,882          14,567             76.0             76.0                 7.7
            March 2021           1,558          11,331             62.9             82.8                 7.3
            March 2022           1,375          12,307             55.5             88.3                 9.0
            March 2023           1,225          13,951             49.5             89.1                11.4
            March 2024           1,129          13,511             45.6             92.2                12.0
 
Annual openings
Year ended: March 2020

            March 2020           1,917          12,094            100.0               _                  6.3
            March 2021           1,445           9,404             75.4             75.4                 6.5
            March 2022           1,265          11,129             66.0             87.5                 8.8
            March 2023           1,151          12,827             60.0             91.0                11.1
            March 2024           1,026          12,228             53.5             89.1                11.9
 
Annual openings
Year ended: March 2021

            March 2021           1,615           8,929            100.0               _                  5.5
            March 2022           1,261          10,099             78.1             78.1                 8.0
            March 2023           1,081          11,793             66.9             85.7                10.9
            March 2024             958          11,931             59.3             88.6                12.5
 
Annual openings
Year ended: March 2022

            March 2022           2,127          12,110            100.0               _                  5.7
            March 2023           1,612          14,644             75.8             75.8                 9.1
            March 2024           1,418          13,427             66.7             88.0                 9.5
 
Annual openings
Year ended: March 2023

            March 2023           2,174          13,353            100.0               _                  6.1
            March 2024           1,693          12,879             77.9             77.9                 7.6
 
Annual openings
Year ended: March 2024

            March 2024           1,915          10,072            100.0               _                  5.3
 
NOTE: A '_' indicates that the data are not available and a 'N' indicates that the data do not meet BLS disclosure standards.
