Table 7. Survival of private sector establishments by opening year

Real Estate and Rental and Leasing

                          Surviving       Total Employment   Survival Rates   Survival Rates of   Average Employment
                          Establishments  of Survivors       Since Birth      Previous Year's     of Survivors
                                                                              Survivors

Annual openings
Year ended: March 1994

            March 1994          25,403         108,616            100.0               _                  4.3
            March 1995          20,389         101,120             80.3             80.3                 5.0
            March 1996          17,733          96,489             69.8             87.0                 5.4
            March 1997          15,987          91,241             62.9             90.2                 5.7
            March 1998          14,412          89,329             56.7             90.1                 6.2
            March 1999          13,147          84,663             51.8             91.2                 6.4
            March 2000          11,882          83,190             46.8             90.4                 7.0
            March 2001          10,980          79,648             43.2             92.4                 7.3
            March 2002          10,309          72,726             40.6             93.9                 7.1
            March 2003           9,675          69,327             38.1             93.9                 7.2
            March 2004           9,199          67,129             36.2             95.1                 7.3
            March 2005           8,737          64,603             34.4             95.0                 7.4
            March 2006           8,264          63,905             32.5             94.6                 7.7
            March 2007           7,819          61,664             30.8             94.6                 7.9
            March 2008           7,414          60,298             29.2             94.8                 8.1
            March 2009           6,935          54,798             27.3             93.5                 7.9
            March 2010           6,588          52,940             25.9             95.0                 8.0
            March 2011           6,118          49,829             24.1             92.9                 8.1
            March 2012           5,789          48,168             22.8             94.6                 8.3
            March 2013           5,518          47,089             21.7             95.3                 8.5
            March 2014           5,341          46,362             21.0             96.8                 8.7
            March 2015           5,159          47,206             20.3             96.6                 9.2
            March 2016           4,897          46,264             19.3             94.9                 9.4
            March 2017           4,719          45,114             18.6             96.4                 9.6
            March 2018           4,490          43,692             17.7             95.1                 9.7
            March 2019           4,278          43,292             16.8             95.3                10.1
            March 2020           4,105          42,490             16.2             96.0                10.4
            March 2021           3,910          39,639             15.4             95.2                10.1
            March 2022           3,809          39,915             15.0             97.4                10.5
            March 2023           3,565          39,930             14.0             93.6                11.2
            March 2024           3,463          39,316             13.6             97.1                11.4
 
Annual openings
Year ended: March 1995

            March 1995          25,522         103,786            100.0               _                  4.1
            March 1996          20,709          97,661             81.1             81.1                 4.7
            March 1997          18,106          94,634             70.9             87.4                 5.2
            March 1998          16,015          90,952             62.7             88.5                 5.7
            March 1999          14,550          87,686             57.0             90.9                 6.0
            March 2000          13,067          83,572             51.2             89.8                 6.4
            March 2001          12,067          80,900             47.3             92.3                 6.7
            March 2002          11,112          74,828             43.5             92.1                 6.7
            March 2003          10,553          72,393             41.3             95.0                 6.9
            March 2004           9,828          68,867             38.5             93.1                 7.0
            March 2005           9,147          65,875             35.8             93.1                 7.2
            March 2006           8,603          63,460             33.7             94.1                 7.4
            March 2007           8,070          61,201             31.6             93.8                 7.6
            March 2008           7,649          57,931             30.0             94.8                 7.6
            March 2009           7,045          53,006             27.6             92.1                 7.5
            March 2010           6,654          48,711             26.1             94.4                 7.3
            March 2011           6,225          46,890             24.4             93.6                 7.5
            March 2012           5,927          45,635             23.2             95.2                 7.7
            March 2013           5,735          44,854             22.5             96.8                 7.8
            March 2014           5,497          43,716             21.5             95.9                 8.0
            March 2015           5,276          43,817             20.7             96.0                 8.3
            March 2016           5,125          45,085             20.1             97.1                 8.8
            March 2017           5,116          43,604             20.0             99.8                 8.5
            March 2018           4,854          42,184             19.0             94.9                 8.7
            March 2019           4,676          41,485             18.3             96.3                 8.9
            March 2020           4,522          39,543             17.7             96.7                 8.7
            March 2021           4,229          35,361             16.6             93.5                 8.4
            March 2022           4,114          36,267             16.1             97.3                 8.8
            March 2023           3,887          35,496             15.2             94.5                 9.1
            March 2024           3,763          33,944             14.7             96.8                 9.0
 
Annual openings
Year ended: March 1996

            March 1996          24,445         101,583            100.0               _                  4.2
            March 1997          19,773          96,725             80.9             80.9                 4.9
            March 1998          17,086          92,496             69.9             86.4                 5.4
            March 1999          15,508          91,197             63.4             90.8                 5.9
            March 2000          13,885          88,872             56.8             89.5                 6.4
            March 2001          12,612          85,759             51.6             90.8                 6.8
            March 2002          11,599          78,903             47.4             92.0                 6.8
            March 2003          10,874          75,531             44.5             93.7                 6.9
            March 2004          10,246          70,839             41.9             94.2                 6.9
            March 2005           9,578          69,486             39.2             93.5                 7.3
            March 2006           9,060          67,155             37.1             94.6                 7.4
            March 2007           8,519          65,170             34.8             94.0                 7.6
            March 2008           7,961          60,794             32.6             93.4                 7.6
            March 2009           7,460          55,508             30.5             93.7                 7.4
            March 2010           7,263          50,858             29.7             97.4                 7.0
            March 2011           6,754          46,941             27.6             93.0                 7.0
            March 2012           6,406          46,368             26.2             94.8                 7.2
            March 2013           6,340          47,504             25.9             99.0                 7.5
            March 2014           6,182          45,977             25.3             97.5                 7.4
            March 2015           5,884          45,096             24.1             95.2                 7.7
            March 2016           5,632          45,113             23.0             95.7                 8.0
            March 2017           5,394          41,195             22.1             95.8                 7.6
            March 2018           5,119          38,345             20.9             94.9                 7.5
            March 2019           4,908          37,918             20.1             95.9                 7.7
            March 2020           4,765          37,383             19.5             97.1                 7.8
            March 2021           4,523          33,068             18.5             94.9                 7.3
            March 2022           4,479          33,295             18.3             99.0                 7.4
            March 2023           4,184          33,336             17.1             93.4                 8.0
            March 2024           3,998          32,897             16.4             95.6                 8.2
 
Annual openings
Year ended: March 1997

            March 1997          26,274         109,138            100.0               _                  4.2
            March 1998          21,421         108,881             81.5             81.5                 5.1
            March 1999          18,990         102,388             72.3             88.7                 5.4
            March 2000          16,927          97,056             64.4             89.1                 5.7
            March 2001          15,237          92,631             58.0             90.0                 6.1
            March 2002          13,836          87,290             52.7             90.8                 6.3
            March 2003          12,759          82,908             48.6             92.2                 6.5
            March 2004          11,982          80,800             45.6             93.9                 6.7
            March 2005          11,283          77,040             42.9             94.2                 6.8
            March 2006          10,787          75,207             41.1             95.6                 7.0
            March 2007          10,217          71,442             38.9             94.7                 7.0
            March 2008           9,373          66,787             35.7             91.7                 7.1
            March 2009           8,660          60,401             33.0             92.4                 7.0
            March 2010           8,134          54,920             31.0             93.9                 6.8
            March 2011           7,608          51,430             29.0             93.5                 6.8
            March 2012           7,224          50,389             27.5             95.0                 7.0
            March 2013           7,181          48,661             27.3             99.4                 6.8
            March 2014           6,818          46,657             25.9             94.9                 6.8
            March 2015           6,497          45,360             24.7             95.3                 7.0
            March 2016           6,159          44,595             23.4             94.8                 7.2
            March 2017           5,910          44,696             22.5             96.0                 7.6
            March 2018           5,648          42,935             21.5             95.6                 7.6
            March 2019           5,410          42,070             20.6             95.8                 7.8
            March 2020           5,165          40,786             19.7             95.5                 7.9
            March 2021           4,849          36,845             18.5             93.9                 7.6
            March 2022           4,622          35,711             17.6             95.3                 7.7
            March 2023           4,395          35,504             16.7             95.1                 8.1
            March 2024           4,238          34,839             16.1             96.4                 8.2
 
Annual openings
Year ended: March 1998

            March 1998          25,683         108,663            100.0               _                  4.2
            March 1999          21,430         108,997             83.4             83.4                 5.1
            March 2000          18,826         107,688             73.3             87.8                 5.7
            March 2001          16,631          99,392             64.8             88.3                 6.0
            March 2002          15,033          92,101             58.5             90.4                 6.1
            March 2003          13,833          86,600             53.9             92.0                 6.3
            March 2004          12,861          83,336             50.1             93.0                 6.5
            March 2005          12,056          80,287             46.9             93.7                 6.7
            March 2006          11,414          79,094             44.4             94.7                 6.9
            March 2007          10,654          76,189             41.5             93.3                 7.2
            March 2008           9,897          72,024             38.5             92.9                 7.3
            March 2009           9,003          64,974             35.1             91.0                 7.2
            March 2010           8,374          59,802             32.6             93.0                 7.1
            March 2011           7,904          57,003             30.8             94.4                 7.2
            March 2012           7,532          55,721             29.3             95.3                 7.4
            March 2013           7,215          54,944             28.1             95.8                 7.6
            March 2014           6,948          53,983             27.1             96.3                 7.8
            March 2015           6,644          53,237             25.9             95.6                 8.0
            March 2016           6,360          52,922             24.8             95.7                 8.3
            March 2017           6,205          51,425             24.2             97.6                 8.3
            March 2018           5,905          50,713             23.0             95.2                 8.6
            March 2019           5,735          49,116             22.3             97.1                 8.6
            March 2020           5,540          47,487             21.6             96.6                 8.6
            March 2021           5,305          42,644             20.7             95.8                 8.0
            March 2022           5,069          42,676             19.7             95.6                 8.4
            March 2023           4,816          42,322             18.8             95.0                 8.8
            March 2024           4,543          41,533             17.7             94.3                 9.1
 
Annual openings
Year ended: March 1999

            March 1999          25,766         119,520            100.0               _                  4.6
            March 2000          21,298         113,536             82.7             82.7                 5.3
            March 2001          18,598         108,597             72.2             87.3                 5.8
            March 2002          16,638          99,457             64.6             89.5                 6.0
            March 2003          15,312          94,736             59.4             92.0                 6.2
            March 2004          14,295          90,889             55.5             93.4                 6.4
            March 2005          13,189          85,862             51.2             92.3                 6.5
            March 2006          12,295          82,016             47.7             93.2                 6.7
            March 2007          11,424          80,102             44.3             92.9                 7.0
            March 2008          10,448          74,817             40.5             91.5                 7.2
            March 2009           9,400          64,975             36.5             90.0                 6.9
            March 2010           8,830          58,633             34.3             93.9                 6.6
            March 2011           8,242          55,009             32.0             93.3                 6.7
            March 2012           7,690          55,098             29.8             93.3                 7.2
            March 2013           7,400          55,458             28.7             96.2                 7.5
            March 2014           7,103          53,436             27.6             96.0                 7.5
            March 2015           6,787          52,281             26.3             95.6                 7.7
            March 2016           6,534          49,075             25.4             96.3                 7.5
            March 2017           6,245          47,846             24.2             95.6                 7.7
            March 2018           6,011          47,118             23.3             96.3                 7.8
            March 2019           5,763          46,942             22.4             95.9                 8.1
            March 2020           5,444          45,242             21.1             94.5                 8.3
            March 2021           5,205          41,510             20.2             95.6                 8.0
            March 2022           4,927          41,378             19.1             94.7                 8.4
            March 2023           4,813          42,174             18.7             97.7                 8.8
            March 2024           4,615          42,044             17.9             95.9                 9.1
 
Annual openings
Year ended: March 2000

            March 2000          25,430         111,595            100.0               _                  4.4
            March 2001          21,430         111,425             84.3             84.3                 5.2
            March 2002          18,748         102,283             73.7             87.5                 5.5
            March 2003          17,094          98,719             67.2             91.2                 5.8
            March 2004          15,715          94,045             61.8             91.9                 6.0
            March 2005          14,571          90,732             57.3             92.7                 6.2
            March 2006          13,508          86,876             53.1             92.7                 6.4
            March 2007          12,472          81,629             49.0             92.3                 6.5
            March 2008          11,350          77,488             44.6             91.0                 6.8
            March 2009          10,222          68,228             40.2             90.1                 6.7
            March 2010           9,406          62,243             37.0             92.0                 6.6
            March 2011           8,823          58,178             34.7             93.8                 6.6
            March 2012           8,420          55,844             33.1             95.4                 6.6
            March 2013           8,254          54,877             32.5             98.0                 6.6
            March 2014           7,903          53,601             31.1             95.7                 6.8
            March 2015           7,604          53,331             29.9             96.2                 7.0
            March 2016           7,282          53,300             28.6             95.8                 7.3
            March 2017           6,957          52,619             27.4             95.5                 7.6
            March 2018           6,653          52,736             26.2             95.6                 7.9
            March 2019           6,316          51,827             24.8             94.9                 8.2
            March 2020           6,009          49,819             23.6             95.1                 8.3
            March 2021           5,660          45,001             22.3             94.2                 8.0
            March 2022           5,501          46,097             21.6             97.2                 8.4
            March 2023           5,222          46,155             20.5             94.9                 8.8
            March 2024           4,951          44,593             19.5             94.8                 9.0
 
Annual openings
Year ended: March 2001

            March 2001          24,200          96,952            100.0               _                  4.0
            March 2002          19,799          91,909             81.8             81.8                 4.6
            March 2003          17,637          86,499             72.9             89.1                 4.9
            March 2004          16,112          82,778             66.6             91.4                 5.1
            March 2005          14,782          80,672             61.1             91.7                 5.5
            March 2006          13,687          77,284             56.6             92.6                 5.6
            March 2007          12,561          73,760             51.9             91.8                 5.9
            March 2008          11,440          69,788             47.3             91.1                 6.1
            March 2009          10,154          61,437             42.0             88.8                 6.1
            March 2010           9,344          56,712             38.6             92.0                 6.1
            March 2011           8,640          53,542             35.7             92.5                 6.2
            March 2012           8,176          51,889             33.8             94.6                 6.3
            March 2013           7,790          51,428             32.2             95.3                 6.6
            March 2014           7,383          49,472             30.5             94.8                 6.7
            March 2015           7,087          49,909             29.3             96.0                 7.0
            March 2016           6,819          48,851             28.2             96.2                 7.2
            March 2017           6,488          47,541             26.8             95.1                 7.3
            March 2018           6,151          45,925             25.4             94.8                 7.5
            March 2019           5,859          44,902             24.2             95.3                 7.7
            March 2020           5,608          44,170             23.2             95.7                 7.9
            March 2021           5,291          39,053             21.9             94.3                 7.4
            March 2022           5,019          39,196             20.7             94.9                 7.8
            March 2023           4,821          39,150             19.9             96.1                 8.1
            March 2024           4,629          39,495             19.1             96.0                 8.5
 
Annual openings
Year ended: March 2002

            March 2002          25,224         107,954            100.0               _                  4.3
            March 2003          20,974         101,595             83.2             83.2                 4.8
            March 2004          18,662          95,608             74.0             89.0                 5.1
            March 2005          16,892          91,848             67.0             90.5                 5.4
            March 2006          15,416          88,632             61.1             91.3                 5.7
            March 2007          14,069          84,923             55.8             91.3                 6.0
            March 2008          12,712          79,695             50.4             90.4                 6.3
            March 2009          11,333          70,708             44.9             89.2                 6.2
            March 2010          10,438          64,959             41.4             92.1                 6.2
            March 2011           9,604          60,905             38.1             92.0                 6.3
            March 2012           9,093          60,429             36.0             94.7                 6.6
            March 2013           8,730          60,091             34.6             96.0                 6.9
            March 2014           8,242          59,417             32.7             94.4                 7.2
            March 2015           7,795          57,666             30.9             94.6                 7.4
            March 2016           7,480          56,785             29.7             96.0                 7.6
            March 2017           7,106          55,615             28.2             95.0                 7.8
            March 2018           6,776          54,243             26.9             95.4                 8.0
            March 2019           6,516          54,664             25.8             96.2                 8.4
            March 2020           6,202          53,337             24.6             95.2                 8.6
            March 2021           6,000          48,345             23.8             96.7                 8.1
            March 2022           5,774          48,321             22.9             96.2                 8.4
            March 2023           5,564          48,632             22.1             96.4                 8.7
            March 2024           5,329          47,767             21.1             95.8                 9.0
 
Annual openings
Year ended: March 2003

            March 2003          27,495         103,668            100.0               _                  3.8
            March 2004          23,042          99,534             83.8             83.8                 4.3
            March 2005          20,364          97,119             74.1             88.4                 4.8
            March 2006          18,392          91,565             66.9             90.3                 5.0
            March 2007          16,362          85,549             59.5             89.0                 5.2
            March 2008          14,546          77,947             52.9             88.9                 5.4
            March 2009          12,555          67,749             45.7             86.3                 5.4
            March 2010          11,466          62,319             41.7             91.3                 5.4
            March 2011          10,473          59,715             38.1             91.3                 5.7
            March 2012           9,758          56,844             35.5             93.2                 5.8
            March 2013           9,338          55,301             34.0             95.7                 5.9
            March 2014           8,876          54,456             32.3             95.1                 6.1
            March 2015           8,498          53,883             30.9             95.7                 6.3
            March 2016           8,061          52,484             29.3             94.9                 6.5
            March 2017           7,671          51,344             27.9             95.2                 6.7
            March 2018           7,294          49,975             26.5             95.1                 6.9
            March 2019           6,924          48,660             25.2             94.9                 7.0
            March 2020           6,540          47,326             23.8             94.5                 7.2
            March 2021           6,221          41,830             22.6             95.1                 6.7
            March 2022           5,872          40,817             21.4             94.4                 7.0
            March 2023           5,503          40,318             20.0             93.7                 7.3
            March 2024           5,148          39,572             18.7             93.5                 7.7
 
Annual openings
Year ended: March 2004

            March 2004          28,469         100,973            100.0               _                  3.5
            March 2005          23,518         100,000             82.6             82.6                 4.3
            March 2006          21,047          97,800             73.9             89.5                 4.6
            March 2007          18,475          92,756             64.9             87.8                 5.0
            March 2008          15,979          85,987             56.1             86.5                 5.4
            March 2009          13,854          75,812             48.7             86.7                 5.5
            March 2010          12,511          69,695             43.9             90.3                 5.6
            March 2011          11,336          65,593             39.8             90.6                 5.8
            March 2012          10,515          63,345             36.9             92.8                 6.0
            March 2013          10,159          62,356             35.7             96.6                 6.1
            March 2014           9,666          60,680             34.0             95.1                 6.3
            March 2015           9,157          60,065             32.2             94.7                 6.6
            March 2016           8,718          57,704             30.6             95.2                 6.6
            March 2017           8,232          57,206             28.9             94.4                 6.9
            March 2018           7,880          55,462             27.7             95.7                 7.0
            March 2019           7,462          54,223             26.2             94.7                 7.3
            March 2020           6,963          52,367             24.5             93.3                 7.5
            March 2021           6,623          46,215             23.3             95.1                 7.0
            March 2022           6,262          47,382             22.0             94.5                 7.6
            March 2023           5,965          46,865             21.0             95.3                 7.9
            March 2024           5,684          45,281             20.0             95.3                 8.0
 
Annual openings
Year ended: March 2005

            March 2005          31,174         103,697            100.0               _                  3.3
            March 2006          25,642         102,084             82.3             82.3                 4.0
            March 2007          21,709          93,726             69.6             84.7                 4.3
            March 2008          18,180          84,739             58.3             83.7                 4.7
            March 2009          15,073          73,396             48.4             82.9                 4.9
            March 2010          13,465          67,965             43.2             89.3                 5.0
            March 2011          12,367          63,545             39.7             91.8                 5.1
            March 2012          11,472          61,117             36.8             92.8                 5.3
            March 2013          10,897          60,194             35.0             95.0                 5.5
            March 2014          10,311          59,779             33.1             94.6                 5.8
            March 2015           9,723          57,896             31.2             94.3                 6.0
            March 2016           9,251          55,749             29.7             95.1                 6.0
            March 2017           8,762          54,924             28.1             94.7                 6.3
            March 2018           8,292          53,788             26.6             94.6                 6.5
            March 2019           7,847          52,609             25.2             94.6                 6.7
            March 2020           7,411          51,023             23.8             94.4                 6.9
            March 2021           7,098          46,607             22.8             95.8                 6.6
            March 2022           6,834          47,258             21.9             96.3                 6.9
            March 2023           6,319          48,047             20.3             92.5                 7.6
            March 2024           6,025          47,482             19.3             95.3                 7.9
 
Annual openings
Year ended: March 2006

            March 2006          34,990         107,419            100.0               _                  3.1
            March 2007          27,289          99,897             78.0             78.0                 3.7
            March 2008          21,700          88,459             62.0             79.5                 4.1
            March 2009          17,766          75,172             50.8             81.9                 4.2
            March 2010          15,541          68,817             44.4             87.5                 4.4
            March 2011          14,018          64,796             40.1             90.2                 4.6
            March 2012          12,861          61,336             36.8             91.7                 4.8
            March 2013          12,193          60,357             34.8             94.8                 5.0
            March 2014          11,554          59,192             33.0             94.8                 5.1
            March 2015          10,801          57,284             30.9             93.5                 5.3
            March 2016          10,183          54,847             29.1             94.3                 5.4
            March 2017           9,581          53,874             27.4             94.1                 5.6
            March 2018           9,092          52,954             26.0             94.9                 5.8
            March 2019           8,604          51,709             24.6             94.6                 6.0
            March 2020           8,149          50,553             23.3             94.7                 6.2
            March 2021           7,839          45,796             22.4             96.2                 5.8
            March 2022           7,356          44,981             21.0             93.8                 6.1
            March 2023           6,923          44,375             19.8             94.1                 6.4
            March 2024           6,586          43,942             18.8             95.1                 6.7
 
Annual openings
Year ended: March 2007

            March 2007          31,546         101,864            100.0               _                  3.2
            March 2008          23,798          92,268             75.4             75.4                 3.9
            March 2009          19,095          79,997             60.5             80.2                 4.2
            March 2010          16,513          71,717             52.3             86.5                 4.3
            March 2011          14,837          66,967             47.0             89.9                 4.5
            March 2012          13,499          63,035             42.8             91.0                 4.7
            March 2013          12,683          61,492             40.2             94.0                 4.8
            March 2014          11,890          60,250             37.7             93.7                 5.1
            March 2015          11,040          58,862             35.0             92.9                 5.3
            March 2016          10,410          57,099             33.0             94.3                 5.5
            March 2017           9,810          55,673             31.1             94.2                 5.7
            March 2018           9,189          53,229             29.1             93.7                 5.8
            March 2019           8,730          51,599             27.7             95.0                 5.9
            March 2020           8,270          50,018             26.2             94.7                 6.0
            March 2021           7,833          45,194             24.8             94.7                 5.8
            March 2022           7,465          45,808             23.7             95.3                 6.1
            March 2023           6,995          45,211             22.2             93.7                 6.5
            March 2024           6,679          43,816             21.2             95.5                 6.6
 
Annual openings
Year ended: March 2008

            March 2008          27,323          93,038            100.0               _                  3.4
            March 2009          20,452          80,223             74.9             74.9                 3.9
            March 2010          17,448          72,386             63.9             85.3                 4.1
            March 2011          15,467          70,690             56.6             88.6                 4.6
            March 2012          14,002          68,210             51.2             90.5                 4.9
            March 2013          12,861          67,045             47.1             91.9                 5.2
            March 2014          11,970          64,825             43.8             93.1                 5.4
            March 2015          11,177          62,603             40.9             93.4                 5.6
            March 2016          10,533          60,673             38.5             94.2                 5.8
            March 2017           9,983          60,211             36.5             94.8                 6.0
            March 2018           9,294          59,586             34.0             93.1                 6.4
            March 2019           8,772          58,480             32.1             94.4                 6.7
            March 2020           8,310          56,365             30.4             94.7                 6.8
            March 2021           7,960          51,220             29.1             95.8                 6.4
            March 2022           7,548          52,139             27.6             94.8                 6.9
            March 2023           7,041          50,180             25.8             93.3                 7.1
            March 2024           6,717          48,288             24.6             95.4                 7.2
 
Annual openings
Year ended: March 2009

            March 2009          21,406          72,391            100.0               _                  3.4
            March 2010          17,094          67,143             79.9             79.9                 3.9
            March 2011          15,005          63,683             70.1             87.8                 4.2
            March 2012          13,416          62,262             62.7             89.4                 4.6
            March 2013          12,483          61,055             58.3             93.0                 4.9
            March 2014          11,660          59,807             54.5             93.4                 5.1
            March 2015          10,754          57,562             50.2             92.2                 5.4
            March 2016          10,094          55,474             47.2             93.9                 5.5
            March 2017           9,398          54,379             43.9             93.1                 5.8
            March 2018           8,761          52,496             40.9             93.2                 6.0
            March 2019           8,194          51,076             38.3             93.5                 6.2
            March 2020           7,653          48,756             35.8             93.4                 6.4
            March 2021           7,328          44,902             34.2             95.8                 6.1
            March 2022           6,950          44,723             32.5             94.8                 6.4
            March 2023           6,409          43,288             29.9             92.2                 6.8
            March 2024           6,056          41,715             28.3             94.5                 6.9
 
Annual openings
Year ended: March 2010

            March 2010          19,358          63,986            100.0               _                  3.3
            March 2011          15,674          60,816             81.0             81.0                 3.9
            March 2012          13,815          60,117             71.4             88.1                 4.4
            March 2013          12,484          59,437             64.5             90.4                 4.8
            March 2014          11,420          57,693             59.0             91.5                 5.1
            March 2015          10,538          56,069             54.4             92.3                 5.3
            March 2016           9,834          57,029             50.8             93.3                 5.8
            March 2017           9,196          56,248             47.5             93.5                 6.1
            March 2018           8,559          55,522             44.2             93.1                 6.5
            March 2019           8,075          55,379             41.7             94.3                 6.9
            March 2020           7,496          54,045             38.7             92.8                 7.2
            March 2021           7,115          48,273             36.8             94.9                 6.8
            March 2022           6,760          49,119             34.9             95.0                 7.3
            March 2023           6,292          49,336             32.5             93.1                 7.8
            March 2024           6,031          47,115             31.2             95.9                 7.8
 
Annual openings
Year ended: March 2011

            March 2011          20,187          66,630            100.0               _                  3.3
            March 2012          16,620          67,266             82.3             82.3                 4.0
            March 2013          14,799          64,992             73.3             89.0                 4.4
            March 2014          13,420          62,603             66.5             90.7                 4.7
            March 2015          12,314          61,596             61.0             91.8                 5.0
            March 2016          11,383          59,273             56.4             92.4                 5.2
            March 2017          10,634          59,713             52.7             93.4                 5.6
            March 2018           9,890          57,582             49.0             93.0                 5.8
            March 2019           9,168          56,003             45.4             92.7                 6.1
            March 2020           8,535          54,377             42.3             93.1                 6.4
            March 2021           8,119          49,796             40.2             95.1                 6.1
            March 2022           7,626          50,522             37.8             93.9                 6.6
            March 2023           7,124          49,589             35.3             93.4                 7.0
            March 2024           6,781          48,088             33.6             95.2                 7.1
 
Annual openings
Year ended: March 2012

            March 2012          22,163          70,176            100.0               _                  3.2
            March 2013          18,362          71,118             82.8             82.8                 3.9
            March 2014          16,318          69,819             73.6             88.9                 4.3
            March 2015          14,674          68,050             66.2             89.9                 4.6
            March 2016          13,573          66,406             61.2             92.5                 4.9
            March 2017          12,629          65,623             57.0             93.0                 5.2
            March 2018          11,720          63,780             52.9             92.8                 5.4
            March 2019          10,884          62,530             49.1             92.9                 5.7
            March 2020          10,044          60,389             45.3             92.3                 6.0
            March 2021           9,529          53,615             43.0             94.9                 5.6
            March 2022           9,029          54,091             40.7             94.8                 6.0
            March 2023           8,441          52,059             38.1             93.5                 6.2
            March 2024           7,950          50,288             35.9             94.2                 6.3
 
Annual openings
Year ended: March 2013

            March 2013          23,569          74,039            100.0               _                  3.1
            March 2014          19,776          76,284             83.9             83.9                 3.9
            March 2015          17,898          74,151             75.9             90.5                 4.1
            March 2016          16,362          73,564             69.4             91.4                 4.5
            March 2017          15,099          71,466             64.1             92.3                 4.7
            March 2018          13,841          70,477             58.7             91.7                 5.1
            March 2019          12,820          67,947             54.4             92.6                 5.3
            March 2020          11,876          66,676             50.4             92.6                 5.6
            March 2021          11,323          61,170             48.0             95.3                 5.4
            March 2022          10,728          60,835             45.5             94.7                 5.7
            March 2023           9,909          58,744             42.0             92.4                 5.9
            March 2024           9,418          55,924             40.0             95.0                 5.9
 
Annual openings
Year ended: March 2014

            March 2014          23,090          72,799            100.0               _                  3.2
            March 2015          20,913          77,930             90.6             90.6                 3.7
            March 2016          18,824          76,308             81.5             90.0                 4.1
            March 2017          17,288          75,429             74.9             91.8                 4.4
            March 2018          15,962          75,407             69.1             92.3                 4.7
            March 2019          14,579          73,440             63.1             91.3                 5.0
            March 2020          13,463          71,052             58.3             92.3                 5.3
            March 2021          12,757          63,811             55.2             94.8                 5.0
            March 2022          11,934          63,924             51.7             93.5                 5.4
            March 2023          11,029          63,038             47.8             92.4                 5.7
            March 2024          10,375          61,221             44.9             94.1                 5.9
 
Annual openings
Year ended: March 2015

            March 2015          24,027          77,097            100.0               _                  3.2
            March 2016          21,707          81,615             90.3             90.3                 3.8
            March 2017          20,046          81,208             83.4             92.3                 4.1
            March 2018          18,249          80,992             76.0             91.0                 4.4
            March 2019          16,736          80,803             69.7             91.7                 4.8
            March 2020          15,321          78,847             63.8             91.5                 5.1
            March 2021          14,551          73,284             60.6             95.0                 5.0
            March 2022          13,553          76,380             56.4             93.1                 5.6
            March 2023          12,551          74,334             52.2             92.6                 5.9
            March 2024          11,756          70,757             48.9             93.7                 6.0
 
Annual openings
Year ended: March 2016

            March 2016          25,629          79,255            100.0               _                  3.1
            March 2017          23,008          86,529             89.8             89.8                 3.8
            March 2018          21,410          85,160             83.5             93.1                 4.0
            March 2019          19,351          82,416             75.5             90.4                 4.3
            March 2020          17,432          80,508             68.0             90.1                 4.6
            March 2021          16,649          74,707             65.0             95.5                 4.5
            March 2022          15,380          76,301             60.0             92.4                 5.0
            March 2023          14,169          72,852             55.3             92.1                 5.1
            March 2024          13,174          71,224             51.4             93.0                 5.4
 
Annual openings
Year ended: March 2017

            March 2017          26,478          78,138            100.0               _                  3.0
            March 2018          24,558          83,523             92.7             92.7                 3.4
            March 2019          22,039          82,840             83.2             89.7                 3.8
            March 2020          19,692          79,806             74.4             89.4                 4.1
            March 2021          18,647          74,249             70.4             94.7                 4.0
            March 2022          17,123          74,451             64.7             91.8                 4.3
            March 2023          15,713          70,993             59.3             91.8                 4.5
            March 2024          14,492          67,502             54.7             92.2                 4.7
 
Annual openings
Year ended: March 2018

            March 2018          29,477          84,107            100.0               _                  2.9
            March 2019          25,331          87,217             85.9             85.9                 3.4
            March 2020          22,246          84,890             75.5             87.8                 3.8
            March 2021          20,855          79,087             70.8             93.7                 3.8
            March 2022          19,052          79,578             64.6             91.4                 4.2
            March 2023          17,373          76,616             58.9             91.2                 4.4
            March 2024          16,056          72,704             54.5             92.4                 4.5
 
Annual openings
Year ended: March 2019

            March 2019          30,566          88,375            100.0               _                  2.9
            March 2020          26,002          89,479             85.1             85.1                 3.4
            March 2021          24,272          84,652             79.4             93.3                 3.5
            March 2022          22,125          87,771             72.4             91.2                 4.0
            March 2023          19,946          83,518             65.3             90.2                 4.2
            March 2024          18,478          79,302             60.5             92.6                 4.3
 
Annual openings
Year ended: March 2020

            March 2020          30,256          90,445            100.0               _                  3.0
            March 2021          26,827          87,305             88.7             88.7                 3.3
            March 2022          24,027          90,816             79.4             89.6                 3.8
            March 2023          21,274          88,230             70.3             88.5                 4.1
            March 2024          19,492          82,784             64.4             91.6                 4.2
 
Annual openings
Year ended: March 2021

            March 2021          32,371          81,493            100.0               _                  2.5
            March 2022          26,998          83,960             83.4             83.4                 3.1
            March 2023          23,094          79,924             71.3             85.5                 3.5
            March 2024          21,003          76,094             64.9             90.9                 3.6
 
Annual openings
Year ended: March 2022

            March 2022          38,748         106,533            100.0               _                  2.7
            March 2023          32,062         103,835             82.7             82.7                 3.2
            March 2024          28,456          98,146             73.4             88.8                 3.4
 
Annual openings
Year ended: March 2023

            March 2023          37,304         103,545            100.0               _                  2.8
            March 2024          30,912          97,700             82.9             82.9                 3.2
 
Annual openings
Year ended: March 2024

            March 2024          31,379          87,246            100.0               _                  2.8
 
NOTE: A '_' indicates that the data are not available and a 'N' indicates that the data do not meet BLS disclosure standards.
