Table 7. Survival of private sector establishments by opening year

Administrative and Waste Services

                          Surviving       Total Employment   Survival Rates   Survival Rates of   Average Employment
                          Establishments  of Survivors       Since Birth      Previous Year's     of Survivors
                                                                              Survivors

Annual openings
Year ended: March 1994

            March 1994          35,254         346,946            100.0               _                  9.8
            March 1995          27,312         371,464             77.5             77.5                13.6
            March 1996          23,000         375,218             65.2             84.2                16.3
            March 1997          20,254         381,331             57.5             88.1                18.8
            March 1998          17,696         374,480             50.2             87.4                21.2
            March 1999          16,031         362,119             45.5             90.6                22.6
            March 2000          14,508         350,907             41.2             90.5                24.2
            March 2001          13,263         326,106             37.6             91.4                24.6
            March 2002          12,148         302,684             34.5             91.6                24.9
            March 2003          11,203         290,891             31.8             92.2                26.0
            March 2004          10,468         278,122             29.7             93.4                26.6
            March 2005           9,798         271,037             27.8             93.6                27.7
            March 2006           9,310         249,981             26.4             95.0                26.9
            March 2007           8,926         255,714             25.3             95.9                28.6
            March 2008           8,469         244,703             24.0             94.9                28.9
            March 2009           7,873         208,029             22.3             93.0                26.4
            March 2010           7,377         208,573             20.9             93.7                28.3
            March 2011           7,035         217,354             20.0             95.4                30.9
            March 2012           6,744         216,189             19.1             95.9                32.1
            March 2013           6,493         219,012             18.4             96.3                33.7
            March 2014           6,274         221,662             17.8             96.6                35.3
            March 2015           6,063         217,327             17.2             96.6                35.8
            March 2016           5,846         214,562             16.6             96.4                36.7
            March 2017           5,623         215,842             15.9             96.2                38.4
            March 2018           5,395         215,666             15.3             95.9                40.0
            March 2019           5,161         208,081             14.6             95.7                40.3
            March 2020           4,892         199,358             13.9             94.8                40.8
            March 2021           4,564         188,166             12.9             93.3                41.2
            March 2022           4,415         190,253             12.5             96.7                43.1
            March 2023           4,251         182,097             12.1             96.3                42.8
            March 2024           4,082         165,607             11.6             96.0                40.6
 
Annual openings
Year ended: March 1995

            March 1995          37,516         388,321            100.0               _                 10.4
            March 1996          28,891         428,093             77.0             77.0                14.8
            March 1997          24,456         438,938             65.2             84.6                17.9
            March 1998          21,105         451,089             56.3             86.3                21.4
            March 1999          18,741         481,082             50.0             88.8                25.7
            March 2000          16,843         489,868             44.9             89.9                29.1
            March 2001          15,136         457,506             40.3             89.9                30.2
            March 2002          13,731         384,846             36.6             90.7                28.0
            March 2003          12,621         354,317             33.6             91.9                28.1
            March 2004          11,777         348,454             31.4             93.3                29.6
            March 2005          10,912         327,156             29.1             92.7                30.0
            March 2006          10,357         333,376             27.6             94.9                32.2
            March 2007           9,835         307,451             26.2             95.0                31.3
            March 2008           9,388         292,471             25.0             95.5                31.2
            March 2009           8,686         235,531             23.2             92.5                27.1
            March 2010           8,147         225,547             21.7             93.8                27.7
            March 2011           7,788         231,983             20.8             95.6                29.8
            March 2012           7,509         235,149             20.0             96.4                31.3
            March 2013           7,194         237,051             19.2             95.8                33.0
            March 2014           6,952         231,566             18.5             96.6                33.3
            March 2015           6,668         227,895             17.8             95.9                34.2
            March 2016           6,350         229,407             16.9             95.2                36.1
            March 2017           6,100         222,116             16.3             96.1                36.4
            March 2018           5,885         222,488             15.7             96.5                37.8
            March 2019           5,543         218,488             14.8             94.2                39.4
            March 2020           5,275         211,122             14.1             95.2                40.0
            March 2021           4,987         198,284             13.3             94.5                39.8
            March 2022           4,845         192,720             12.9             97.2                39.8
            March 2023           4,653         185,467             12.4             96.0                39.9
            March 2024           4,455         171,642             11.9             95.7                38.5
 
Annual openings
Year ended: March 1996

            March 1996          39,234         414,807            100.0               _                 10.6
            March 1997          29,869         455,144             76.1             76.1                15.2
            March 1998          24,912         466,882             63.5             83.4                18.7
            March 1999          21,918         487,171             55.9             88.0                22.2
            March 2000          19,287         499,440             49.2             88.0                25.9
            March 2001          17,166         464,118             43.8             89.0                27.0
            March 2002          15,416         403,548             39.3             89.8                26.2
            March 2003          14,175         379,309             36.1             91.9                26.8
            March 2004          13,079         364,052             33.3             92.3                27.8
            March 2005          12,123         359,006             30.9             92.7                29.6
            March 2006          11,333         361,803             28.9             93.5                31.9
            March 2007          10,828         357,558             27.6             95.5                33.0
            March 2008          10,231         334,351             26.1             94.5                32.7
            March 2009           9,736         258,302             24.8             95.2                26.5
            March 2010           8,975         257,575             22.9             92.2                28.7
            March 2011           8,595         273,504             21.9             95.8                31.8
            March 2012           8,385         272,958             21.4             97.6                32.6
            March 2013           7,864         277,762             20.0             93.8                35.3
            March 2014           7,476         268,580             19.1             95.1                35.9
            March 2015           7,122         275,413             18.2             95.3                38.7
            March 2016           6,906         272,503             17.6             97.0                39.5
            March 2017           6,686         266,015             17.0             96.8                39.8
            March 2018           6,338         263,230             16.2             94.8                41.5
            March 2019           6,066         263,557             15.5             95.7                43.4
            March 2020           5,759         253,027             14.7             94.9                43.9
            March 2021           5,409         224,958             13.8             93.9                41.6
            March 2022           5,189         232,449             13.2             95.9                44.8
            March 2023           4,959         228,017             12.6             95.6                46.0
            March 2024           4,771         218,033             12.2             96.2                45.7
 
Annual openings
Year ended: March 1997

            March 1997          41,567         500,015            100.0               _                 12.0
            March 1998          31,415         568,842             75.6             75.6                18.1
            March 1999          26,924         587,898             64.8             85.7                21.8
            March 2000          23,492         603,278             56.5             87.3                25.7
            March 2001          20,205         546,941             48.6             86.0                27.1
            March 2002          17,913         475,143             43.1             88.7                26.5
            March 2003          16,293         412,606             39.2             91.0                25.3
            March 2004          15,034         399,040             36.2             92.3                26.5
            March 2005          13,874         408,939             33.4             92.3                29.5
            March 2006          13,064         411,558             31.4             94.2                31.5
            March 2007          12,382         402,136             29.8             94.8                32.5
            March 2008          11,683         379,495             28.1             94.4                32.5
            March 2009          10,836         306,896             26.1             92.8                28.3
            March 2010          10,261         293,239             24.7             94.7                28.6
            March 2011           9,786         300,457             23.5             95.4                30.7
            March 2012           9,430         297,160             22.7             96.4                31.5
            March 2013           9,028         300,015             21.7             95.7                33.2
            March 2014           8,715         300,335             21.0             96.5                34.5
            March 2015           8,249         293,121             19.8             94.7                35.5
            March 2016           8,162         289,279             19.6             98.9                35.4
            March 2017           7,591         278,685             18.3             93.0                36.7
            March 2018           7,280         273,562             17.5             95.9                37.6
            March 2019           6,948         256,337             16.7             95.4                36.9
            March 2020           6,564         242,697             15.8             94.5                37.0
            March 2021           6,135         215,803             14.8             93.5                35.2
            March 2022           5,938         217,174             14.3             96.8                36.6
            March 2023           5,640         201,675             13.6             95.0                35.8
            March 2024           5,360         190,163             12.9             95.0                35.5
 
Annual openings
Year ended: March 1998

            March 1998          40,036         491,132            100.0               _                 12.3
            March 1999          31,495         533,438             78.7             78.7                16.9
            March 2000          26,538         563,777             66.3             84.3                21.2
            March 2001          22,614         519,534             56.5             85.2                23.0
            March 2002          19,835         459,116             49.5             87.7                23.1
            March 2003          17,699         407,476             44.2             89.2                23.0
            March 2004          16,189         391,362             40.4             91.5                24.2
            March 2005          14,935         379,652             37.3             92.3                25.4
            March 2006          13,881         363,660             34.7             92.9                26.2
            March 2007          13,209         356,958             33.0             95.2                27.0
            March 2008          12,290         330,823             30.7             93.0                26.9
            March 2009          11,286         280,652             28.2             91.8                24.9
            March 2010          10,508         266,619             26.2             93.1                25.4
            March 2011           9,942         270,266             24.8             94.6                27.2
            March 2012           9,397         269,232             23.5             94.5                28.7
            March 2013           8,973         270,876             22.4             95.5                30.2
            March 2014           8,586         266,423             21.4             95.7                31.0
            March 2015           8,217         263,210             20.5             95.7                32.0
            March 2016           7,934         255,726             19.8             96.6                32.2
            March 2017           7,616         251,677             19.0             96.0                33.0
            March 2018           7,376         246,230             18.4             96.8                33.4
            March 2019           6,989         239,483             17.5             94.8                34.3
            March 2020           6,622         228,995             16.5             94.7                34.6
            March 2021           6,282         209,377             15.7             94.9                33.3
            March 2022           6,099         210,440             15.2             97.1                34.5
            March 2023           5,793         199,298             14.5             95.0                34.4
            March 2024           5,491         182,404             13.7             94.8                33.2
 
Annual openings
Year ended: March 1999

            March 1999          40,478         509,896            100.0               _                 12.6
            March 2000          31,613         539,957             78.1             78.1                17.1
            March 2001          26,485         502,751             65.4             83.8                19.0
            March 2002          22,824         445,650             56.4             86.2                19.5
            March 2003          20,066         417,909             49.6             87.9                20.8
            March 2004          18,227         389,156             45.0             90.8                21.4
            March 2005          16,478         376,121             40.7             90.4                22.8
            March 2006          15,284         370,395             37.8             92.8                24.2
            March 2007          14,370         355,426             35.5             94.0                24.7
            March 2008          13,491         334,094             33.3             93.9                24.8
            March 2009          12,344         280,956             30.5             91.5                22.8
            March 2010          11,466         270,738             28.3             92.9                23.6
            March 2011          10,935         274,020             27.0             95.4                25.1
            March 2012          10,401         268,369             25.7             95.1                25.8
            March 2013           9,758         264,743             24.1             93.8                27.1
            March 2014           9,661         266,696             23.9             99.0                27.6
            March 2015           9,190         262,734             22.7             95.1                28.6
            March 2016           8,815         252,356             21.8             95.9                28.6
            March 2017           8,497         248,403             21.0             96.4                29.2
            March 2018           8,168         242,861             20.2             96.1                29.7
            March 2019           7,818         233,403             19.3             95.7                29.9
            March 2020           7,118         221,723             17.6             91.0                31.1
            March 2021           7,081         205,257             17.5             99.5                29.0
            March 2022           6,860         204,172             16.9             96.9                29.8
            March 2023           6,559         198,114             16.2             95.6                30.2
            March 2024           6,497         190,728             16.1             99.1                29.4
 
Annual openings
Year ended: March 2000

            March 2000          41,264         447,869            100.0               _                 10.9
            March 2001          32,054         455,407             77.7             77.7                14.2
            March 2002          26,506         416,553             64.2             82.7                15.7
            March 2003          22,943         423,682             55.6             86.6                18.5
            March 2004          20,394         396,272             49.4             88.9                19.4
            March 2005          18,473         385,290             44.8             90.6                20.9
            March 2006          17,030         394,297             41.3             92.2                23.2
            March 2007          15,921         384,926             38.6             93.5                24.2
            March 2008          14,830         363,139             35.9             93.1                24.5
            March 2009          13,674         305,421             33.1             92.2                22.3
            March 2010          12,556         300,642             30.4             91.8                23.9
            March 2011          11,873         299,533             28.8             94.6                25.2
            March 2012          11,243         296,657             27.2             94.7                26.4
            March 2013          10,610         290,317             25.7             94.4                27.4
            March 2014          10,199         297,166             24.7             96.1                29.1
            March 2015           9,678         296,483             23.5             94.9                30.6
            March 2016           9,287         290,347             22.5             96.0                31.3
            March 2017           8,799         289,558             21.3             94.7                32.9
            March 2018           8,452         287,643             20.5             96.1                34.0
            March 2019           8,093         281,720             19.6             95.8                34.8
            March 2020           7,633         267,084             18.5             94.3                35.0
            March 2021           7,303         257,766             17.7             95.7                35.3
            March 2022           7,069         256,399             17.1             96.8                36.3
            March 2023           6,731         244,449             16.3             95.2                36.3
            March 2024           6,417         226,955             15.6             95.3                35.4
 
Annual openings
Year ended: March 2001

            March 2001          43,145         443,384            100.0               _                 10.3
            March 2002          31,871         401,152             73.9             73.9                12.6
            March 2003          26,274         420,156             60.9             82.4                16.0
            March 2004          22,989         442,364             53.3             87.5                19.2
            March 2005          20,883         409,773             48.4             90.8                19.6
            March 2006          19,083         409,398             44.2             91.4                21.5
            March 2007          17,638         378,711             40.9             92.4                21.5
            March 2008          16,263         330,224             37.7             92.2                20.3
            March 2009          14,701         269,522             34.1             90.4                18.3
            March 2010          13,556         263,139             31.4             92.2                19.4
            March 2011          12,873         273,735             29.8             95.0                21.3
            March 2012          12,182         270,456             28.2             94.6                22.2
            March 2013          11,439         262,554             26.5             93.9                23.0
            March 2014          10,894         259,233             25.2             95.2                23.8
            March 2015          10,350         258,515             24.0             95.0                25.0
            March 2016           9,804         251,139             22.7             94.7                25.6
            March 2017           9,300         244,976             21.6             94.9                26.3
            March 2018           8,848         241,209             20.5             95.1                27.3
            March 2019           8,450         235,213             19.6             95.5                27.8
            March 2020           8,073         227,184             18.7             95.5                28.1
            March 2021           7,567         204,007             17.5             93.7                27.0
            March 2022           7,290         206,921             16.9             96.3                28.4
            March 2023           7,001         200,056             16.2             96.0                28.6
            March 2024           6,659         186,040             15.4             95.1                27.9
 
Annual openings
Year ended: March 2002

            March 2002          42,775         429,013            100.0               _                 10.0
            March 2003          32,372         411,241             75.7             75.7                12.7
            March 2004          27,420         407,012             64.1             84.7                14.8
            March 2005          23,917         429,104             55.9             87.2                17.9
            March 2006          21,702         449,601             50.7             90.7                20.7
            March 2007          19,874         412,349             46.5             91.6                20.7
            March 2008          17,984         370,112             42.0             90.5                20.6
            March 2009          16,209         315,557             37.9             90.1                19.5
            March 2010          14,766         293,985             34.5             91.1                19.9
            March 2011          13,793         302,326             32.2             93.4                21.9
            March 2012          13,003         302,044             30.4             94.3                23.2
            March 2013          12,213         301,486             28.6             93.9                24.7
            March 2014          11,541         291,147             27.0             94.5                25.2
            March 2015          10,939         286,982             25.6             94.8                26.2
            March 2016          10,506         278,695             24.6             96.0                26.5
            March 2017           9,829         273,337             23.0             93.6                27.8
            March 2018           9,354         269,715             21.9             95.2                28.8
            March 2019           8,793         259,754             20.6             94.0                29.5
            March 2020           8,400         243,805             19.6             95.5                29.0
            March 2021           8,028         233,352             18.8             95.6                29.1
            March 2022           7,795         237,818             18.2             97.1                30.5
            March 2023           7,374         225,198             17.2             94.6                30.5
            March 2024           6,982         212,651             16.3             94.7                30.5
 
Annual openings
Year ended: March 2003

            March 2003          42,584         392,234            100.0               _                  9.2
            March 2004          32,566         392,264             76.5             76.5                12.0
            March 2005          27,092         399,980             63.6             83.2                14.8
            March 2006          24,336         378,184             57.1             89.8                15.5
            March 2007          21,967         379,803             51.6             90.3                17.3
            March 2008          19,959         348,662             46.9             90.9                17.5
            March 2009          17,682         296,153             41.5             88.6                16.7
            March 2010          15,920         281,857             37.4             90.0                17.7
            March 2011          14,713         286,192             34.6             92.4                19.5
            March 2012          13,783         286,252             32.4             93.7                20.8
            March 2013          13,075         283,374             30.7             94.9                21.7
            March 2014          12,352         285,296             29.0             94.5                23.1
            March 2015          11,651         279,820             27.4             94.3                24.0
            March 2016          11,081         282,075             26.0             95.1                25.5
            March 2017          10,479         273,605             24.6             94.6                26.1
            March 2018          10,030         264,612             23.6             95.7                26.4
            March 2019           9,486         258,462             22.3             94.6                27.2
            March 2020           9,086         247,706             21.3             95.8                27.3
            March 2021           8,633         235,913             20.3             95.0                27.3
            March 2022           8,300         239,434             19.5             96.1                28.8
            March 2023           7,739         228,070             18.2             93.2                29.5
            March 2024           7,299         214,520             17.1             94.3                29.4
 
Annual openings
Year ended: March 2004

            March 2004          40,688         338,271            100.0               _                  8.3
            March 2005          31,132         356,930             76.5             76.5                11.5
            March 2006          26,873         362,775             66.0             86.3                13.5
            March 2007          23,828         353,168             58.6             88.7                14.8
            March 2008          21,294         333,912             52.3             89.4                15.7
            March 2009          18,749         283,911             46.1             88.0                15.1
            March 2010          16,778         273,689             41.2             89.5                16.3
            March 2011          15,559         277,816             38.2             92.7                17.9
            March 2012          14,440         273,199             35.5             92.8                18.9
            March 2013          13,562         268,452             33.3             93.9                19.8
            March 2014          12,911         270,546             31.7             95.2                21.0
            March 2015          12,176         266,490             29.9             94.3                21.9
            March 2016          11,597         253,593             28.5             95.2                21.9
            March 2017          11,002         251,028             27.0             94.9                22.8
            March 2018          10,364         252,796             25.5             94.2                24.4
            March 2019           9,881         253,887             24.3             95.3                25.7
            March 2020           9,326         232,229             22.9             94.4                24.9
            March 2021           8,970         223,614             22.0             96.2                24.9
            March 2022           8,608         235,703             21.2             96.0                27.4
            March 2023           8,229         224,515             20.2             95.6                27.3
            March 2024           7,789         209,157             19.1             94.7                26.9
 
Annual openings
Year ended: March 2005

            March 2005          41,156         314,989            100.0               _                  7.7
            March 2006          32,396         339,799             78.7             78.7                10.5
            March 2007          28,162         340,712             68.4             86.9                12.1
            March 2008          24,623         320,951             59.8             87.4                13.0
            March 2009          21,349         273,083             51.9             86.7                12.8
            March 2010          18,879         261,284             45.9             88.4                13.8
            March 2011          17,406         269,555             42.3             92.2                15.5
            March 2012          16,148         264,519             39.2             92.8                16.4
            March 2013          14,966         255,973             36.4             92.7                17.1
            March 2014          14,169         253,309             34.4             94.7                17.9
            March 2015          13,412         255,494             32.6             94.7                19.0
            March 2016          12,712         250,123             30.9             94.8                19.7
            March 2017          11,987         246,133             29.1             94.3                20.5
            March 2018          11,371         238,667             27.6             94.9                21.0
            March 2019          10,743         233,222             26.1             94.5                21.7
            March 2020          10,113         225,454             24.6             94.1                22.3
            March 2021           9,546         212,032             23.2             94.4                22.2
            March 2022           9,282         220,368             22.6             97.2                23.7
            March 2023           8,855         206,002             21.5             95.4                23.3
            March 2024           8,393         194,694             20.4             94.8                23.2
 
Annual openings
Year ended: March 2006

            March 2006          42,791         305,852            100.0               _                  7.1
            March 2007          33,242         318,080             77.7             77.7                 9.6
            March 2008          28,036         298,780             65.5             84.3                10.7
            March 2009          23,759         251,766             55.5             84.7                10.6
            March 2010          20,646         237,263             48.2             86.9                11.5
            March 2011          18,863         244,859             44.1             91.4                13.0
            March 2012          17,417         242,418             40.7             92.3                13.9
            March 2013          16,065         238,984             37.5             92.2                14.9
            March 2014          15,086         236,694             35.3             93.9                15.7
            March 2015          14,068         240,281             32.9             93.3                17.1
            March 2016          13,351         236,212             31.2             94.9                17.7
            March 2017          12,638         226,884             29.5             94.7                18.0
            March 2018          12,049         225,179             28.2             95.3                18.7
            March 2019          11,214         219,921             26.2             93.1                19.6
            March 2020          10,554         207,667             24.7             94.1                19.7
            March 2021           9,925         202,397             23.2             94.0                20.4
            March 2022           9,500         213,329             22.2             95.7                22.5
            March 2023           9,005         203,083             21.0             94.8                22.6
            March 2024           8,534         190,408             19.9             94.8                22.3
 
Annual openings
Year ended: March 2007

            March 2007          42,942         274,016            100.0               _                  6.4
            March 2008          32,919         281,032             76.7             76.7                 8.5
            March 2009          26,845         243,767             62.5             81.5                 9.1
            March 2010          23,066         233,859             53.7             85.9                10.1
            March 2011          20,866         238,720             48.6             90.5                11.4
            March 2012          19,101         241,152             44.5             91.5                12.6
            March 2013          17,438         239,415             40.6             91.3                13.7
            March 2014          16,196         232,261             37.7             92.9                14.3
            March 2015          14,990         235,069             34.9             92.6                15.7
            March 2016          14,168         233,490             33.0             94.5                16.5
            March 2017          13,198         233,831             30.7             93.2                17.7
            March 2018          12,398         230,176             28.9             93.9                18.6
            March 2019          11,680         225,956             27.2             94.2                19.3
            March 2020          10,945         224,621             25.5             93.7                20.5
            March 2021          10,309         222,664             24.0             94.2                21.6
            March 2022           9,915         227,988             23.1             96.2                23.0
            March 2023           9,364         214,089             21.8             94.4                22.9
            March 2024           8,840         197,400             20.6             94.4                22.3
 
Annual openings
Year ended: March 2008

            March 2008          42,607         266,516            100.0               _                  6.3
            March 2009          31,104         244,925             73.0             73.0                 7.9
            March 2010          25,806         233,198             60.6             83.0                 9.0
            March 2011          22,878         236,490             53.7             88.7                10.3
            March 2012          20,618         241,831             48.4             90.1                11.7
            March 2013          18,782         238,736             44.1             91.1                12.7
            March 2014          17,242         233,966             40.5             91.8                13.6
            March 2015          15,808         227,881             37.1             91.7                14.4
            March 2016          14,825         225,694             34.8             93.8                15.2
            March 2017          13,980         220,947             32.8             94.3                15.8
            March 2018          13,087         217,276             30.7             93.6                16.6
            March 2019          12,309         211,571             28.9             94.1                17.2
            March 2020          11,431         197,594             26.8             92.9                17.3
            March 2021          10,761         195,132             25.3             94.1                18.1
            March 2022          10,224         196,992             24.0             95.0                19.3
            March 2023           9,674         188,109             22.7             94.6                19.4
            March 2024           9,205         174,631             21.6             95.2                19.0
 
Annual openings
Year ended: March 2009

            March 2009          37,398         215,246            100.0               _                  5.8
            March 2010          27,573         210,173             73.7             73.7                 7.6
            March 2011          23,795         216,994             63.6             86.3                 9.1
            March 2012          21,106         225,371             56.4             88.7                10.7
            March 2013          18,910         217,657             50.6             89.6                11.5
            March 2014          17,227         217,975             46.1             91.1                12.7
            March 2015          15,785         217,899             42.2             91.6                13.8
            March 2016          14,671         217,690             39.2             92.9                14.8
            March 2017          13,602         214,809             36.4             92.7                15.8
            March 2018          12,791         213,760             34.2             94.0                16.7
            March 2019          11,862         206,565             31.7             92.7                17.4
            March 2020          11,058         198,482             29.6             93.2                17.9
            March 2021          10,327         186,780             27.6             93.4                18.1
            March 2022           9,897         188,103             26.5             95.8                19.0
            March 2023           9,330         181,875             24.9             94.3                19.5
            March 2024           8,784         173,532             23.5             94.1                19.8
 
Annual openings
Year ended: March 2010

            March 2010          34,138         207,258            100.0               _                  6.1
            March 2011          26,353         226,236             77.2             77.2                 8.6
            March 2012          22,715         229,256             66.5             86.2                10.1
            March 2013          20,028         231,151             58.7             88.2                11.5
            March 2014          18,093         228,463             53.0             90.3                12.6
            March 2015          16,324         227,216             47.8             90.2                13.9
            March 2016          15,100         223,996             44.2             92.5                14.8
            March 2017          13,971         223,778             40.9             92.5                16.0
            March 2018          13,015         218,553             38.1             93.2                16.8
            March 2019          12,200         218,317             35.7             93.7                17.9
            March 2020          11,211         208,776             32.8             91.9                18.6
            March 2021          10,470         197,740             30.7             93.4                18.9
            March 2022          10,033         213,525             29.4             95.8                21.3
            March 2023           9,384         203,697             27.5             93.5                21.7
            March 2024           8,910         189,167             26.1             94.9                21.2
 
Annual openings
Year ended: March 2011

            March 2011          36,628         218,350            100.0               _                  6.0
            March 2012          28,383         231,807             77.5             77.5                 8.2
            March 2013          24,370         234,856             66.5             85.9                 9.6
            March 2014          21,871         241,800             59.7             89.7                11.1
            March 2015          19,630         242,743             53.6             89.8                12.4
            March 2016          17,925         243,277             48.9             91.3                13.6
            March 2017          16,537         237,027             45.1             92.3                14.3
            March 2018          15,231         231,043             41.6             92.1                15.2
            March 2019          14,061         228,109             38.4             92.3                16.2
            March 2020          12,950         216,475             35.4             92.1                16.7
            March 2021          12,131         207,604             33.1             93.7                17.1
            March 2022          11,563         222,926             31.6             95.3                19.3
            March 2023          10,885         213,007             29.7             94.1                19.6
            March 2024          10,248         197,426             28.0             94.1                19.3
 
Annual openings
Year ended: March 2012

            March 2012          38,844         225,817            100.0               _                  5.8
            March 2013          29,808         235,392             76.7             76.7                 7.9
            March 2014          25,632         244,305             66.0             86.0                 9.5
            March 2015          22,799         251,094             58.7             88.9                11.0
            March 2016          20,553         252,811             52.9             90.1                12.3
            March 2017          18,709         249,358             48.2             91.0                13.3
            March 2018          17,131         250,505             44.1             91.6                14.6
            March 2019          15,803         244,074             40.7             92.2                15.4
            March 2020          14,584         240,018             37.5             92.3                16.5
            March 2021          13,707         224,963             35.3             94.0                16.4
            March 2022          13,039         231,073             33.6             95.1                17.7
            March 2023          12,233         219,968             31.5             93.8                18.0
            March 2024          11,498         206,965             29.6             94.0                18.0
 
Annual openings
Year ended: March 2013

            March 2013          38,413         232,963            100.0               _                  6.1
            March 2014          29,547         248,775             76.9             76.9                 8.4
            March 2015          25,889         266,399             67.4             87.6                10.3
            March 2016          23,080         265,749             60.1             89.1                11.5
            March 2017          20,708         257,770             53.9             89.7                12.4
            March 2018          18,801         264,311             48.9             90.8                14.1
            March 2019          17,157         245,520             44.7             91.3                14.3
            March 2020          15,835         240,012             41.2             92.3                15.2
            March 2021          14,727         225,766             38.3             93.0                15.3
            March 2022          13,970         245,511             36.4             94.9                17.6
            March 2023          13,107         233,095             34.1             93.8                17.8
            March 2024          12,250         215,280             31.9             93.5                17.6
 
Annual openings
Year ended: March 2014

            March 2014          36,213         226,800            100.0               _                  6.3
            March 2015          29,838         241,479             82.4             82.4                 8.1
            March 2016          26,103         252,588             72.1             87.5                 9.7
            March 2017          23,311         251,203             64.4             89.3                10.8
            March 2018          20,954         256,256             57.9             89.9                12.2
            March 2019          18,920         262,251             52.2             90.3                13.9
            March 2020          17,267         254,959             47.7             91.3                14.8
            March 2021          16,115         246,295             44.5             93.3                15.3
            March 2022          15,265         267,866             42.2             94.7                17.5
            March 2023          14,320         262,472             39.5             93.8                18.3
            March 2024          13,369         248,250             36.9             93.4                18.6
 
Annual openings
Year ended: March 2015

            March 2015          37,726         233,903            100.0               _                  6.2
            March 2016          31,031         258,560             82.3             82.3                 8.3
            March 2017          27,091         265,985             71.8             87.3                 9.8
            March 2018          24,238         267,712             64.2             89.5                11.0
            March 2019          21,835         264,259             57.9             90.1                12.1
            March 2020          19,684         251,157             52.2             90.1                12.8
            March 2021          18,148         240,853             48.1             92.2                13.3
            March 2022          17,187         260,541             45.6             94.7                15.2
            March 2023          16,094         248,536             42.7             93.6                15.4
            March 2024          14,985         232,019             39.7             93.1                15.5
 
Annual openings
Year ended: March 2016

            March 2016          41,660         257,620            100.0               _                  6.2
            March 2017          33,098         276,925             79.4             79.4                 8.4
            March 2018          29,589         287,943             71.0             89.4                 9.7
            March 2019          26,127         292,279             62.7             88.3                11.2
            March 2020          23,471         290,956             56.3             89.8                12.4
            March 2021          21,235         280,388             51.0             90.5                13.2
            March 2022          20,168         296,478             48.4             95.0                14.7
            March 2023          18,704         285,985             44.9             92.7                15.3
            March 2024          17,324         271,165             41.6             92.6                15.7
 
Annual openings
Year ended: March 2017

            March 2017          40,149         229,854            100.0               _                  5.7
            March 2018          33,194         248,885             82.7             82.7                 7.5
            March 2019          28,575         247,605             71.2             86.1                 8.7
            March 2020          25,099         242,385             62.5             87.8                 9.7
            March 2021          22,767         239,458             56.7             90.7                10.5
            March 2022          21,379         262,897             53.2             93.9                12.3
            March 2023          19,672         255,440             49.0             92.0                13.0
            March 2024          17,937         237,568             44.7             91.2                13.2
 
Annual openings
Year ended: March 2018

            March 2018          43,536         231,041            100.0               _                  5.3
            March 2019          34,001         244,542             78.1             78.1                 7.2
            March 2020          29,106         248,801             66.9             85.6                 8.5
            March 2021          26,023         252,757             59.8             89.4                 9.7
            March 2022          24,278         276,203             55.8             93.3                11.4
            March 2023          22,149         264,393             50.9             91.2                11.9
            March 2024          20,115         246,937             46.2             90.8                12.3
 
Annual openings
Year ended: March 2019

            March 2019          45,518         230,852            100.0               _                  5.1
            March 2020          34,511         239,565             75.8             75.8                 6.9
            March 2021          30,347         248,578             66.7             87.9                 8.2
            March 2022          27,997         276,923             61.5             92.3                 9.9
            March 2023          25,337         269,730             55.7             90.5                10.6
            March 2024          22,949         243,746             50.4             90.6                10.6
 
Annual openings
Year ended: March 2020

            March 2020          44,425         230,608            100.0               _                  5.2
            March 2021          35,278         248,245             79.4             79.4                 7.0
            March 2022          31,748         288,487             71.5             90.0                 9.1
            March 2023          28,271         277,358             63.6             89.0                 9.8
            March 2024          25,428         265,668             57.2             89.9                10.4
 
Annual openings
Year ended: March 2021

            March 2021          50,387         255,192            100.0               _                  5.1
            March 2022          38,940         287,188             77.3             77.3                 7.4
            March 2023          33,542         290,680             66.6             86.1                 8.7
            March 2024          29,271         285,184             58.1             87.3                 9.7
 
Annual openings
Year ended: March 2022

            March 2022          64,211         298,646            100.0               _                  4.7
            March 2023          48,723         306,456             75.9             75.9                 6.3
            March 2024          41,165         290,386             64.1             84.5                 7.1
 
Annual openings
Year ended: March 2023

            March 2023          63,220         276,171            100.0               _                  4.4
            March 2024          47,422         266,899             75.0             75.0                 5.6
 
Annual openings
Year ended: March 2024

            March 2024          55,112         238,130            100.0               _                  4.3
 
NOTE: A '_' indicates that the data are not available and a 'N' indicates that the data do not meet BLS disclosure standards.
