Table 7. Survival of private sector establishments by opening year

Other Services (except Public Administration)

                          Surviving       Total Employment   Survival Rates   Survival Rates of   Average Employment
                          Establishments  of Survivors       Since Birth      Previous Year's     of Survivors
                                                                              Survivors

Annual openings
Year ended: March 1994

            March 1994          39,583         155,292            100.0               _                  3.9
            March 1995          31,958         151,718             80.7             80.7                 4.7
            March 1996          27,854         145,796             70.4             87.2                 5.2
            March 1997          24,998         140,588             63.2             89.7                 5.6
            March 1998          22,396         131,445             56.6             89.6                 5.9
            March 1999          20,455         128,646             51.7             91.3                 6.3
            March 2000          18,841         124,185             47.6             92.1                 6.6
            March 2001          17,364         120,787             43.9             92.2                 7.0
            March 2002          16,017         113,007             40.5             92.2                 7.1
            March 2003          14,900         107,813             37.6             93.0                 7.2
            March 2004          13,943         101,254             35.2             93.6                 7.3
            March 2005          13,138          96,179             33.2             94.2                 7.3
            March 2006          12,435          92,677             31.4             94.6                 7.5
            March 2007          11,684          89,924             29.5             94.0                 7.7
            March 2008          11,075          87,014             28.0             94.8                 7.9
            March 2009          10,399          81,164             26.3             93.9                 7.8
            March 2010           9,889          76,658             25.0             95.1                 7.8
            March 2011           9,518          75,780             24.0             96.2                 8.0
            March 2012           9,129          74,233             23.1             95.9                 8.1
            March 2013           8,767          72,524             22.1             96.0                 8.3
            March 2014           8,383          70,721             21.2             95.6                 8.4
            March 2015           8,053          69,049             20.3             96.1                 8.6
            March 2016           7,701          67,076             19.5             95.6                 8.7
            March 2017           7,435          65,187             18.8             96.5                 8.8
            March 2018           7,110          63,077             18.0             95.6                 8.9
            March 2019           6,794          60,783             17.2             95.6                 8.9
            March 2020           6,405          58,703             16.2             94.3                 9.2
            March 2021           6,017          52,078             15.2             93.9                 8.7
            March 2022           5,739          52,420             14.5             95.4                 9.1
            March 2023           5,450          52,376             13.8             95.0                 9.6
            March 2024           5,227          52,143             13.2             95.9                10.0
 
Annual openings
Year ended: March 1995

            March 1995          40,106         161,380            100.0               _                  4.0
            March 1996          32,389         154,001             80.8             80.8                 4.8
            March 1997          28,386         147,973             70.8             87.6                 5.2
            March 1998          25,221         140,459             62.9             88.9                 5.6
            March 1999          22,904         135,156             57.1             90.8                 5.9
            March 2000          20,927         131,125             52.2             91.4                 6.3
            March 2001          19,164         126,694             47.8             91.6                 6.6
            March 2002          17,721         119,764             44.2             92.5                 6.8
            March 2003          16,492         113,589             41.1             93.1                 6.9
            March 2004          15,421         106,973             38.5             93.5                 6.9
            March 2005          14,363         102,343             35.8             93.1                 7.1
            March 2006          13,536          98,130             33.8             94.2                 7.2
            March 2007          12,785          95,976             31.9             94.5                 7.5
            March 2008          12,037          92,634             30.0             94.1                 7.7
            March 2009          11,417          86,270             28.5             94.8                 7.6
            March 2010          10,773          81,361             26.9             94.4                 7.6
            March 2011          10,319          80,200             25.7             95.8                 7.8
            March 2012           9,880          78,103             24.6             95.7                 7.9
            March 2013           9,424          76,912             23.5             95.4                 8.2
            March 2014           9,050          75,142             22.6             96.0                 8.3
            March 2015           8,697          73,308             21.7             96.1                 8.4
            March 2016           8,337          71,348             20.8             95.9                 8.6
            March 2017           8,029          69,601             20.0             96.3                 8.7
            March 2018           7,642          66,789             19.1             95.2                 8.7
            March 2019           7,268          64,705             18.1             95.1                 8.9
            March 2020           6,878          62,198             17.1             94.6                 9.0
            March 2021           6,552          53,687             16.3             95.3                 8.2
            March 2022           6,238          54,784             15.6             95.2                 8.8
            March 2023           5,922          55,599             14.8             94.9                 9.4
            March 2024           5,630          54,631             14.0             95.1                 9.7
 
Annual openings
Year ended: March 1996

            March 1996          40,476         164,003            100.0               _                  4.1
            March 1997          32,420         152,215             80.1             80.1                 4.7
            March 1998          28,176         146,942             69.6             86.9                 5.2
            March 1999          25,456         141,666             62.9             90.3                 5.6
            March 2000          23,130         137,595             57.1             90.9                 5.9
            March 2001          20,916         131,449             51.7             90.4                 6.3
            March 2002          19,403         124,969             47.9             92.8                 6.4
            March 2003          17,889         117,980             44.2             92.2                 6.6
            March 2004          16,630         113,142             41.1             93.0                 6.8
            March 2005          15,380         107,895             38.0             92.5                 7.0
            March 2006          14,402         103,178             35.6             93.6                 7.2
            March 2007          13,629         100,215             33.7             94.6                 7.4
            March 2008          12,898          95,560             31.9             94.6                 7.4
            March 2009          12,166          89,113             30.1             94.3                 7.3
            March 2010          11,489          84,684             28.4             94.4                 7.4
            March 2011          10,992          82,440             27.2             95.7                 7.5
            March 2012          10,499          81,862             25.9             95.5                 7.8
            March 2013           9,954          80,927             24.6             94.8                 8.1
            March 2014           9,555          79,092             23.6             96.0                 8.3
            March 2015           9,198          76,609             22.7             96.3                 8.3
            March 2016           8,783          75,144             21.7             95.5                 8.6
            March 2017           8,454          73,691             20.9             96.3                 8.7
            March 2018           8,126          72,118             20.1             96.1                 8.9
            March 2019           7,756          70,397             19.2             95.4                 9.1
            March 2020           7,261          66,091             17.9             93.6                 9.1
            March 2021           6,784          56,662             16.8             93.4                 8.4
            March 2022           6,545          58,641             16.2             96.5                 9.0
            March 2023           6,199          59,120             15.3             94.7                 9.5
            March 2024           5,810          58,357             14.4             93.7                10.0
 
Annual openings
Year ended: March 1997

            March 1997          41,750         167,409            100.0               _                  4.0
            March 1998          33,634         157,573             80.6             80.6                 4.7
            March 1999          29,823         153,430             71.4             88.7                 5.1
            March 2000          26,725         150,809             64.0             89.6                 5.6
            March 2001          23,744         142,819             56.9             88.8                 6.0
            March 2002          21,641         135,795             51.8             91.1                 6.3
            March 2003          19,943         130,458             47.8             92.2                 6.5
            March 2004          18,483         124,795             44.3             92.7                 6.8
            March 2005          17,088         115,987             40.9             92.5                 6.8
            March 2006          16,001         110,865             38.3             93.6                 6.9
            March 2007          14,897         107,279             35.7             93.1                 7.2
            March 2008          14,080         102,493             33.7             94.5                 7.3
            March 2009          13,224          95,547             31.7             93.9                 7.2
            March 2010          12,502          89,628             29.9             94.5                 7.2
            March 2011          11,900          87,609             28.5             95.2                 7.4
            March 2012          11,364          85,954             27.2             95.5                 7.6
            March 2013          10,908          84,587             26.1             96.0                 7.8
            March 2014          10,454          81,909             25.0             95.8                 7.8
            March 2015          10,038          80,328             24.0             96.0                 8.0
            March 2016           9,639          80,143             23.1             96.0                 8.3
            March 2017           9,230          76,486             22.1             95.8                 8.3
            March 2018           8,814          74,481             21.1             95.5                 8.5
            March 2019           8,418          71,773             20.2             95.5                 8.5
            March 2020           7,902          68,945             18.9             93.9                 8.7
            March 2021           7,447          60,265             17.8             94.2                 8.1
            March 2022           7,141          61,550             17.1             95.9                 8.6
            March 2023           6,743          61,974             16.2             94.4                 9.2
            March 2024           6,384          61,385             15.3             94.7                 9.6
 
Annual openings
Year ended: March 1998

            March 1998          40,953         175,317            100.0               _                  4.3
            March 1999          33,756         171,060             82.4             82.4                 5.1
            March 2000          29,639         167,221             72.4             87.8                 5.6
            March 2001          26,398         160,137             64.5             89.1                 6.1
            March 2002          23,800         152,031             58.1             90.2                 6.4
            March 2003          21,864         143,817             53.4             91.9                 6.6
            March 2004          20,420         138,144             49.9             93.4                 6.8
            March 2005          18,920         131,028             46.2             92.7                 6.9
            March 2006          17,523         124,156             42.8             92.6                 7.1
            March 2007          16,440         121,349             40.1             93.8                 7.4
            March 2008          15,388         116,690             37.6             93.6                 7.6
            March 2009          14,341         109,610             35.0             93.2                 7.6
            March 2010          13,670         102,815             33.4             95.3                 7.5
            March 2011          13,018         100,487             31.8             95.2                 7.7
            March 2012          12,498          98,379             30.5             96.0                 7.9
            March 2013          11,933          96,198             29.1             95.5                 8.1
            March 2014          11,450          93,082             28.0             96.0                 8.1
            March 2015          10,977          90,192             26.8             95.9                 8.2
            March 2016          10,579          86,829             25.8             96.4                 8.2
            March 2017          10,146          83,839             24.8             95.9                 8.3
            March 2018           9,721          83,177             23.7             95.8                 8.6
            March 2019           9,293          80,844             22.7             95.6                 8.7
            March 2020           8,774          77,464             21.4             94.4                 8.8
            March 2021           8,346          68,328             20.4             95.1                 8.2
            March 2022           8,106          70,145             19.8             97.1                 8.7
            March 2023           7,749          68,984             18.9             95.6                 8.9
            March 2024           7,496          67,663             18.3             96.7                 9.0
 
Annual openings
Year ended: March 1999

            March 1999          38,301         158,369            100.0               _                  4.1
            March 2000          31,489         156,518             82.2             82.2                 5.0
            March 2001          27,457         149,877             71.7             87.2                 5.5
            March 2002          24,423         142,294             63.8             88.9                 5.8
            March 2003          22,394         134,834             58.5             91.7                 6.0
            March 2004          20,556         127,810             53.7             91.8                 6.2
            March 2005          18,975         122,414             49.5             92.3                 6.5
            March 2006          17,657         118,209             46.1             93.1                 6.7
            March 2007          16,508         114,418             43.1             93.5                 6.9
            March 2008          15,409         110,553             40.2             93.3                 7.2
            March 2009          14,338         102,345             37.4             93.0                 7.1
            March 2010          13,497          96,318             35.2             94.1                 7.1
            March 2011          12,937          95,283             33.8             95.9                 7.4
            March 2012          12,249          93,221             32.0             94.7                 7.6
            March 2013          11,730          90,084             30.6             95.8                 7.7
            March 2014          11,197          87,507             29.2             95.5                 7.8
            March 2015          10,755          86,522             28.1             96.1                 8.0
            March 2016          10,370          84,171             27.1             96.4                 8.1
            March 2017           9,899          82,704             25.8             95.5                 8.4
            March 2018           9,434          80,032             24.6             95.3                 8.5
            March 2019           8,976          78,636             23.4             95.1                 8.8
            March 2020           8,350          73,381             21.8             93.0                 8.8
            March 2021           7,845          63,105             20.5             94.0                 8.0
            March 2022           7,475          64,229             19.5             95.3                 8.6
            March 2023           7,048          64,393             18.4             94.3                 9.1
            March 2024           6,681          63,435             17.4             94.8                 9.5
 
Annual openings
Year ended: March 2000

            March 2000          39,011         164,368            100.0               _                  4.2
            March 2001          31,833         160,722             81.6             81.6                 5.0
            March 2002          27,592         149,423             70.7             86.7                 5.4
            March 2003          24,833         143,027             63.7             90.0                 5.8
            March 2004          22,547         136,803             57.8             90.8                 6.1
            March 2005          20,628         131,151             52.9             91.5                 6.4
            March 2006          18,871         125,331             48.4             91.5                 6.6
            March 2007          17,647         123,901             45.2             93.5                 7.0
            March 2008          16,532         120,242             42.4             93.7                 7.3
            March 2009          15,260         110,050             39.1             92.3                 7.2
            March 2010          14,275         103,749             36.6             93.5                 7.3
            March 2011          13,614         102,877             34.9             95.4                 7.6
            March 2012          12,925         100,321             33.1             94.9                 7.8
            March 2013          12,324          98,568             31.6             95.4                 8.0
            March 2014          11,910          96,421             30.5             96.6                 8.1
            March 2015          11,348          95,146             29.1             95.3                 8.4
            March 2016          10,825          93,765             27.7             95.4                 8.7
            March 2017          10,447          92,454             26.8             96.5                 8.8
            March 2018           9,910          89,331             25.4             94.9                 9.0
            March 2019           9,404          87,144             24.1             94.9                 9.3
            March 2020           8,814          82,313             22.6             93.7                 9.3
            March 2021           8,403          70,440             21.5             95.3                 8.4
            March 2022           8,064          72,649             20.7             96.0                 9.0
            March 2023           7,625          72,702             19.5             94.6                 9.5
            March 2024           7,224          71,872             18.5             94.7                 9.9
 
Annual openings
Year ended: March 2001

            March 2001          37,445         156,994            100.0               _                  4.2
            March 2002          30,122         147,710             80.4             80.4                 4.9
            March 2003          26,142         135,298             69.8             86.8                 5.2
            March 2004          23,409         127,287             62.5             89.5                 5.4
            March 2005          21,383         123,980             57.1             91.3                 5.8
            March 2006          19,559         119,569             52.2             91.5                 6.1
            March 2007          18,029         117,385             48.1             92.2                 6.5
            March 2008          16,694         111,902             44.6             92.6                 6.7
            March 2009          15,461         103,964             41.3             92.6                 6.7
            March 2010          14,471          98,738             38.6             93.6                 6.8
            March 2011          13,634          95,378             36.4             94.2                 7.0
            March 2012          12,975          92,867             34.7             95.2                 7.2
            March 2013          12,336          90,934             32.9             95.1                 7.4
            March 2014          11,727          88,856             31.3             95.1                 7.6
            March 2015          11,201          87,624             29.9             95.5                 7.8
            March 2016          10,651          85,945             28.4             95.1                 8.1
            March 2017          10,123          82,923             27.0             95.0                 8.2
            March 2018           9,583          80,733             25.6             94.7                 8.4
            March 2019           9,068          77,889             24.2             94.6                 8.6
            March 2020           8,442          73,942             22.5             93.1                 8.8
            March 2021           7,932          63,530             21.2             94.0                 8.0
            March 2022           7,563          66,128             20.2             95.3                 8.7
            March 2023           7,206          66,533             19.2             95.3                 9.2
            March 2024           6,838          66,243             18.3             94.9                 9.7
 
Annual openings
Year ended: March 2002

            March 2002          38,677         158,667            100.0               _                  4.1
            March 2003          31,050         147,265             80.3             80.3                 4.7
            March 2004          27,279         140,100             70.5             87.9                 5.1
            March 2005          24,380         134,203             63.0             89.4                 5.5
            March 2006          22,066         128,699             57.1             90.5                 5.8
            March 2007          20,293         126,281             52.5             92.0                 6.2
            March 2008          18,725         121,427             48.4             92.3                 6.5
            March 2009          17,125         110,049             44.3             91.5                 6.4
            March 2010          16,037         103,188             41.5             93.6                 6.4
            March 2011          15,140         100,667             39.1             94.4                 6.6
            March 2012          14,399          98,258             37.2             95.1                 6.8
            March 2013          13,639          96,569             35.3             94.7                 7.1
            March 2014          12,998          94,218             33.6             95.3                 7.2
            March 2015          12,417          91,137             32.1             95.5                 7.3
            March 2016          11,861          88,689             30.7             95.5                 7.5
            March 2017          11,296          86,986             29.2             95.2                 7.7
            March 2018          10,785          84,788             27.9             95.5                 7.9
            March 2019          10,260          85,092             26.5             95.1                 8.3
            March 2020           9,530          82,561             24.6             92.9                 8.7
            March 2021           8,993          73,681             23.3             94.4                 8.2
            March 2022           8,640          74,350             22.3             96.1                 8.6
            March 2023           8,318          74,163             21.5             96.3                 8.9
            March 2024           7,859          72,108             20.3             94.5                 9.2
 
Annual openings
Year ended: March 2003

            March 2003          38,526         159,894            100.0               _                  4.2
            March 2004          31,305         151,508             81.3             81.3                 4.8
            March 2005          27,411         143,232             71.1             87.6                 5.2
            March 2006          24,451         138,442             63.5             89.2                 5.7
            March 2007          22,203         133,976             57.6             90.8                 6.0
            March 2008          20,165         126,072             52.3             90.8                 6.3
            March 2009          18,385         115,870             47.7             91.2                 6.3
            March 2010          16,997         108,967             44.1             92.5                 6.4
            March 2011          15,929         105,425             41.3             93.7                 6.6
            March 2012          15,021         102,793             39.0             94.3                 6.8
            March 2013          14,161          99,548             36.8             94.3                 7.0
            March 2014          13,455          98,762             34.9             95.0                 7.3
            March 2015          12,749          97,395             33.1             94.8                 7.6
            March 2016          12,132          94,861             31.5             95.2                 7.8
            March 2017          11,449          92,758             29.7             94.4                 8.1
            March 2018          10,886          89,283             28.3             95.1                 8.2
            March 2019          10,383          87,331             27.0             95.4                 8.4
            March 2020           9,741          84,160             25.3             93.8                 8.6
            March 2021           9,215          73,083             23.9             94.6                 7.9
            March 2022           8,875          74,965             23.0             96.3                 8.4
            March 2023           8,473          75,382             22.0             95.5                 8.9
            March 2024           7,987          74,172             20.7             94.3                 9.3
 
Annual openings
Year ended: March 2004

            March 2004          37,747         155,712            100.0               _                  4.1
            March 2005          30,397         146,646             80.5             80.5                 4.8
            March 2006          26,485         140,506             70.2             87.1                 5.3
            March 2007          23,644         135,411             62.6             89.3                 5.7
            March 2008          21,233         129,414             56.3             89.8                 6.1
            March 2009          19,004         117,204             50.3             89.5                 6.2
            March 2010          17,441         108,063             46.2             91.8                 6.2
            March 2011          16,339         105,480             43.3             93.7                 6.5
            March 2012          15,367         104,193             40.7             94.1                 6.8
            March 2013          14,514         101,991             38.5             94.4                 7.0
            March 2014          13,649         100,160             36.2             94.0                 7.3
            March 2015          12,852          98,030             34.0             94.2                 7.6
            March 2016          12,325          97,227             32.7             95.9                 7.9
            March 2017          11,640          92,182             30.8             94.4                 7.9
            March 2018          11,010          88,978             29.2             94.6                 8.1
            March 2019          10,366          86,445             27.5             94.2                 8.3
            March 2020           9,627          82,039             25.5             92.9                 8.5
            March 2021           9,050          71,262             24.0             94.0                 7.9
            March 2022           8,696          72,795             23.0             96.1                 8.4
            March 2023           8,319          72,005             22.0             95.7                 8.7
            March 2024           7,853          69,893             20.8             94.4                 8.9
 
Annual openings
Year ended: March 2005

            March 2005          38,324         150,406            100.0               _                  3.9
            March 2006          31,432         145,606             82.0             82.0                 4.6
            March 2007          27,452         139,638             71.6             87.3                 5.1
            March 2008          24,576         133,191             64.1             89.5                 5.4
            March 2009          21,799         119,512             56.9             88.7                 5.5
            March 2010          19,817         111,406             51.7             90.9                 5.6
            March 2011          18,384         108,434             48.0             92.8                 5.9
            March 2012          17,241         106,656             45.0             93.8                 6.2
            March 2013          16,262         103,799             42.4             94.3                 6.4
            March 2014          15,416         100,853             40.2             94.8                 6.5
            March 2015          14,501          98,698             37.8             94.1                 6.8
            March 2016          13,639          96,711             35.6             94.1                 7.1
            March 2017          12,880          94,664             33.6             94.4                 7.3
            March 2018          12,108          91,750             31.6             94.0                 7.6
            March 2019          11,460          89,167             29.9             94.6                 7.8
            March 2020          10,609          85,440             27.7             92.6                 8.1
            March 2021          10,024          74,782             26.2             94.5                 7.5
            March 2022           9,639          76,962             25.2             96.2                 8.0
            March 2023           9,141          77,609             23.9             94.8                 8.5
            March 2024           8,729          75,975             22.8             95.5                 8.7
 
Annual openings
Year ended: March 2006

            March 2006          39,990         150,833            100.0               _                  3.8
            March 2007          32,363         143,042             80.9             80.9                 4.4
            March 2008          28,242         136,738             70.6             87.3                 4.8
            March 2009          24,713         124,454             61.8             87.5                 5.0
            March 2010          22,153         116,348             55.4             89.6                 5.3
            March 2011          20,467         113,096             51.2             92.4                 5.5
            March 2012          19,112         111,371             47.8             93.4                 5.8
            March 2013          17,833         109,549             44.6             93.3                 6.1
            March 2014          16,810         106,513             42.0             94.3                 6.3
            March 2015          15,817         104,169             39.6             94.1                 6.6
            March 2016          14,928         103,451             37.3             94.4                 6.9
            March 2017          14,120          99,978             35.3             94.6                 7.1
            March 2018          13,364          96,929             33.4             94.6                 7.3
            March 2019          12,619          95,202             31.6             94.4                 7.5
            March 2020          11,637          91,157             29.1             92.2                 7.8
            March 2021          10,888          78,978             27.2             93.6                 7.3
            March 2022          10,442          80,205             26.1             95.9                 7.7
            March 2023           9,905          79,471             24.8             94.9                 8.0
            March 2024           9,376          78,883             23.4             94.7                 8.4
 
Annual openings
Year ended: March 2007

            March 2007          38,907         146,812            100.0               _                  3.8
            March 2008          31,526         142,185             81.0             81.0                 4.5
            March 2009          26,901         127,141             69.1             85.3                 4.7
            March 2010          23,750         118,262             61.0             88.3                 5.0
            March 2011          21,701         115,647             55.8             91.4                 5.3
            March 2012          20,075         115,619             51.6             92.5                 5.8
            March 2013          18,641         112,427             47.9             92.9                 6.0
            March 2014          17,539         111,071             45.1             94.1                 6.3
            March 2015          16,405         108,241             42.2             93.5                 6.6
            March 2016          15,479         106,748             39.8             94.4                 6.9
            March 2017          14,536         104,084             37.4             93.9                 7.2
            March 2018          13,611         100,241             35.0             93.6                 7.4
            March 2019          12,816          97,623             32.9             94.2                 7.6
            March 2020          11,736          93,104             30.2             91.6                 7.9
            March 2021          11,031          80,423             28.4             94.0                 7.3
            March 2022          10,570          81,548             27.2             95.8                 7.7
            March 2023          10,014          81,609             25.7             94.7                 8.1
            March 2024           9,489          79,764             24.4             94.8                 8.4
 
Annual openings
Year ended: March 2008

            March 2008          37,834         141,145            100.0               _                  3.7
            March 2009          29,714         126,578             78.5             78.5                 4.3
            March 2010          25,819         119,226             68.2             86.9                 4.6
            March 2011          23,543         117,589             62.2             91.2                 5.0
            March 2012          21,484         114,715             56.8             91.3                 5.3
            March 2013          19,931         112,672             52.7             92.8                 5.7
            March 2014          18,552         111,355             49.0             93.1                 6.0
            March 2015          17,359         108,662             45.9             93.6                 6.3
            March 2016          16,139         105,489             42.7             93.0                 6.5
            March 2017          15,209         103,133             40.2             94.2                 6.8
            March 2018          14,190          97,882             37.5             93.3                 6.9
            March 2019          13,369          94,748             35.3             94.2                 7.1
            March 2020          12,326          89,396             32.6             92.2                 7.3
            March 2021          11,568          78,418             30.6             93.9                 6.8
            March 2022          11,055          79,580             29.2             95.6                 7.2
            March 2023          10,422          79,014             27.5             94.3                 7.6
            March 2024           9,865          76,704             26.1             94.7                 7.8
 
Annual openings
Year ended: March 2009

            March 2009          34,145         126,255            100.0               _                  3.7
            March 2010          27,463         116,051             80.4             80.4                 4.2
            March 2011          24,300         113,170             71.2             88.5                 4.7
            March 2012          22,006         110,885             64.4             90.6                 5.0
            March 2013          20,066         106,270             58.8             91.2                 5.3
            March 2014          18,556         104,095             54.3             92.5                 5.6
            March 2015          17,267         103,076             50.6             93.1                 6.0
            March 2016          16,022          99,622             46.9             92.8                 6.2
            March 2017          14,955          97,028             43.8             93.3                 6.5
            March 2018          13,974          94,798             40.9             93.4                 6.8
            March 2019          13,128          90,915             38.4             93.9                 6.9
            March 2020          12,184          87,906             35.7             92.8                 7.2
            March 2021          11,372          76,902             33.3             93.3                 6.8
            March 2022          10,950          79,193             32.1             96.3                 7.2
            March 2023          10,251          78,969             30.0             93.6                 7.7
            March 2024           9,722          75,753             28.5             94.8                 7.8
 
Annual openings
Year ended: March 2010

            March 2010          32,811         118,366            100.0               _                  3.6
            March 2011          26,641         112,770             81.2             81.2                 4.2
            March 2012          23,610         110,394             72.0             88.6                 4.7
            March 2013          21,226         107,157             64.7             89.9                 5.0
            March 2014          19,442         103,075             59.3             91.6                 5.3
            March 2015          17,907         101,895             54.6             92.1                 5.7
            March 2016          16,584         100,807             50.5             92.6                 6.1
            March 2017          15,476          97,544             47.2             93.3                 6.3
            March 2018          14,452          96,101             44.0             93.4                 6.6
            March 2019          13,505          93,066             41.2             93.4                 6.9
            March 2020          12,397          87,539             37.8             91.8                 7.1
            March 2021          11,580          74,827             35.3             93.4                 6.5
            March 2022          11,082          77,348             33.8             95.7                 7.0
            March 2023          10,536          78,246             32.1             95.1                 7.4
            March 2024           9,936          76,684             30.3             94.3                 7.7
 
Annual openings
Year ended: March 2011

            March 2011          33,811         118,730            100.0               _                  3.5
            March 2012          27,627         115,824             81.7             81.7                 4.2
            March 2013          24,589         112,890             72.7             89.0                 4.6
            March 2014          22,279         112,447             65.9             90.6                 5.0
            March 2015          20,370         110,355             60.2             91.4                 5.4
            March 2016          18,599         107,125             55.0             91.3                 5.8
            March 2017          17,344         104,605             51.3             93.3                 6.0
            March 2018          16,219         101,502             48.0             93.5                 6.3
            March 2019          15,077          97,719             44.6             93.0                 6.5
            March 2020          13,763          92,851             40.7             91.3                 6.7
            March 2021          12,945          81,679             38.3             94.1                 6.3
            March 2022          12,430          84,306             36.8             96.0                 6.8
            March 2023          11,727          83,975             34.7             94.3                 7.2
            March 2024          11,065          82,091             32.7             94.4                 7.4
 
Annual openings
Year ended: March 2012

            March 2012          36,072         126,974            100.0               _                  3.5
            March 2013          29,613         124,228             82.1             82.1                 4.2
            March 2014          26,216         121,583             72.7             88.5                 4.6
            March 2015          23,748         119,323             65.8             90.6                 5.0
            March 2016          21,762         118,360             60.3             91.6                 5.4
            March 2017          20,052         113,939             55.6             92.1                 5.7
            March 2018          18,590         110,992             51.5             92.7                 6.0
            March 2019          17,257         108,466             47.8             92.8                 6.3
            March 2020          15,699         103,889             43.5             91.0                 6.6
            March 2021          14,739          92,787             40.9             93.9                 6.3
            March 2022          14,142          94,959             39.2             95.9                 6.7
            March 2023          13,293          95,041             36.9             94.0                 7.1
            March 2024          12,507          92,281             34.7             94.1                 7.4
 
Annual openings
Year ended: March 2013

            March 2013          35,296         122,302            100.0               _                  3.5
            March 2014          29,129         121,070             82.5             82.5                 4.2
            March 2015          26,191         121,053             74.2             89.9                 4.6
            March 2016          23,690         119,763             67.1             90.5                 5.1
            March 2017          21,839         117,263             61.9             92.2                 5.4
            March 2018          20,075         112,950             56.9             91.9                 5.6
            March 2019          18,546         110,475             52.5             92.4                 6.0
            March 2020          16,657         104,426             47.2             89.8                 6.3
            March 2021          15,633          91,763             44.3             93.9                 5.9
            March 2022          14,946          94,884             42.3             95.6                 6.3
            March 2023          13,997          94,439             39.7             93.7                 6.7
            March 2024          13,074          90,596             37.0             93.4                 6.9
 
Annual openings
Year ended: March 2014

            March 2014          33,226         126,338            100.0               _                  3.8
            March 2015          29,421         127,857             88.5             88.5                 4.3
            March 2016          26,402         129,228             79.5             89.7                 4.9
            March 2017          23,856         125,959             71.8             90.4                 5.3
            March 2018          21,785         120,469             65.6             91.3                 5.5
            March 2019          19,984         117,482             60.1             91.7                 5.9
            March 2020          17,828         110,755             53.7             89.2                 6.2
            March 2021          16,608          98,232             50.0             93.2                 5.9
            March 2022          15,827         101,425             47.6             95.3                 6.4
            March 2023          14,864          99,405             44.7             93.9                 6.7
            March 2024          13,867          96,694             41.7             93.3                 7.0
 
Annual openings
Year ended: March 2015

            March 2015          35,859         130,705            100.0               _                  3.6
            March 2016          31,449         138,963             87.7             87.7                 4.4
            March 2017          28,357         137,816             79.1             90.2                 4.9
            March 2018          25,734         137,630             71.8             90.8                 5.3
            March 2019          23,526         133,322             65.6             91.4                 5.7
            March 2020          20,865         125,731             58.2             88.7                 6.0
            March 2021          19,380         110,388             54.0             92.9                 5.7
            March 2022          18,494         115,261             51.6             95.4                 6.2
            March 2023          17,303         114,807             48.3             93.6                 6.6
            March 2024          16,152         110,869             45.0             93.3                 6.9
 
Annual openings
Year ended: March 2016

            March 2016          36,779         134,857            100.0               _                  3.7
            March 2017          32,202         139,684             87.6             87.6                 4.3
            March 2018          29,423         140,172             80.0             91.4                 4.8
            March 2019          26,770         137,329             72.8             91.0                 5.1
            March 2020          23,574         131,079             64.1             88.1                 5.6
            March 2021          21,834         119,018             59.4             92.6                 5.5
            March 2022          20,679         121,911             56.2             94.7                 5.9
            March 2023          19,255         120,355             52.4             93.1                 6.3
            March 2024          17,931         116,456             48.8             93.1                 6.5
 
Annual openings
Year ended: March 2017

            March 2017          36,383         131,983            100.0               _                  3.6
            March 2018          33,197         141,159             91.2             91.2                 4.3
            March 2019          29,679         140,153             81.6             89.4                 4.7
            March 2020          25,788         133,325             70.9             86.9                 5.2
            March 2021          23,850         120,205             65.6             92.5                 5.0
            March 2022          22,629         125,678             62.2             94.9                 5.6
            March 2023          20,967         124,016             57.6             92.7                 5.9
            March 2024          19,482         119,642             53.5             92.9                 6.1
 
Annual openings
Year ended: March 2018

            March 2018          39,713         142,844            100.0               _                  3.6
            March 2019          33,983         147,295             85.6             85.6                 4.3
            March 2020          29,346         141,855             73.9             86.4                 4.8
            March 2021          26,826         129,134             67.5             91.4                 4.8
            March 2022          25,255         135,661             63.6             94.1                 5.4
            March 2023          23,324         134,795             58.7             92.4                 5.8
            March 2024          21,550         130,157             54.3             92.4                 6.0
 
Annual openings
Year ended: March 2019

            March 2019          40,687         146,555            100.0               _                  3.6
            March 2020          33,298         145,775             81.8             81.8                 4.4
            March 2021          30,382         136,106             74.7             91.2                 4.5
            March 2022          28,376         143,909             69.7             93.4                 5.1
            March 2023          25,906         140,624             63.7             91.3                 5.4
            March 2024          23,717         135,127             58.3             91.6                 5.7
 
Annual openings
Year ended: March 2020

            March 2020          40,638         151,540            100.0               _                  3.7
            March 2021          34,617         141,213             85.2             85.2                 4.1
            March 2022          32,122         153,456             79.0             92.8                 4.8
            March 2023          29,196         151,596             71.8             90.9                 5.2
            March 2024          26,630         146,189             65.5             91.2                 5.5
 
Annual openings
Year ended: March 2021

            March 2021          43,039         135,132            100.0               _                  3.1
            March 2022          35,835         146,168             83.3             83.3                 4.1
            March 2023          32,002         144,980             74.4             89.3                 4.5
            March 2024          28,932         141,274             67.2             90.4                 4.9
 
Annual openings
Year ended: March 2022

            March 2022          50,727         166,592            100.0               _                  3.3
            March 2023          43,178         172,277             85.1             85.1                 4.0
            March 2024          38,422         172,396             75.7             89.0                 4.5
 
Annual openings
Year ended: March 2023

            March 2023          52,757         177,483            100.0               _                  3.4
            March 2024          44,489         180,418             84.3             84.3                 4.1
 
Annual openings
Year ended: March 2024

            March 2024          48,032         164,008            100.0               _                  3.4
 
NOTE: A '_' indicates that the data are not available and a 'N' indicates that the data do not meet BLS disclosure standards.
