Table 7. Survival of private sector establishments by opening year

Accommodation and Food Services

                          Surviving       Total Employment   Survival Rates   Survival Rates of   Average Employment
                          Establishments  of Survivors       Since Birth      Previous Year's     of Survivors
                                                                              Survivors

Annual openings
Year ended: March 1994

            March 1994          45,971         673,544            100.0               _                 14.7
            March 1995          36,717         623,147             79.9             79.9                17.0
            March 1996          31,355         567,786             68.2             85.4                18.1
            March 1997          28,035         543,163             61.0             89.4                19.4
            March 1998          24,993         514,327             54.4             89.1                20.6
            March 1999          22,707         485,676             49.4             90.9                21.4
            March 2000          20,847         466,466             45.3             91.8                22.4
            March 2001          19,326         442,400             42.0             92.7                22.9
            March 2002          17,817         420,237             38.8             92.2                23.6
            March 2003          16,903         401,770             36.8             94.9                23.8
            March 2004          15,900         388,376             34.6             94.1                24.4
            March 2005          15,183         379,826             33.0             95.5                25.0
            March 2006          14,513         366,949             31.6             95.6                25.3
            March 2007          13,760         355,910             29.9             94.8                25.9
            March 2008          13,119         347,398             28.5             95.3                26.5
            March 2009          12,458         326,046             27.1             95.0                26.2
            March 2010          12,025         310,230             26.2             96.5                25.8
            March 2011          11,617         303,767             25.3             96.6                26.1
            March 2012          11,236         300,505             24.4             96.7                26.7
            March 2013          10,911         297,998             23.7             97.1                27.3
            March 2014          10,538         294,695             22.9             96.6                28.0
            March 2015          10,144         289,461             22.1             96.3                28.5
            March 2016           9,797         285,400             21.3             96.6                29.1
            March 2017           9,510         280,650             20.7             97.1                29.5
            March 2018           9,240         273,132             20.1             97.2                29.6
            March 2019           8,866         266,385             19.3             96.0                30.0
            March 2020           8,444         248,956             18.4             95.2                29.5
            March 2021           7,957         195,073             17.3             94.2                24.5
            March 2022           7,737         214,371             16.8             97.2                27.7
            March 2023           7,387         219,074             16.1             95.5                29.7
            March 2024           7,039         213,302             15.3             95.3                30.3
 
Annual openings
Year ended: March 1995

            March 1995          48,758         712,276            100.0               _                 14.6
            March 1996          38,859         634,343             79.7             79.7                16.3
            March 1997          33,491         583,606             68.7             86.2                17.4
            March 1998          29,363         541,810             60.2             87.7                18.5
            March 1999          26,380         504,822             54.1             89.8                19.1
            March 2000          24,081         484,374             49.4             91.3                20.1
            March 2001          22,101         461,955             45.3             91.8                20.9
            March 2002          20,523         439,079             42.1             92.9                21.4
            March 2003          19,493         421,710             40.0             95.0                21.6
            March 2004          18,272         409,438             37.5             93.7                22.4
            March 2005          17,219         398,446             35.3             94.2                23.1
            March 2006          16,243         385,338             33.3             94.3                23.7
            March 2007          15,443         376,352             31.7             95.1                24.4
            March 2008          14,707         361,802             30.2             95.2                24.6
            March 2009          14,214         340,904             29.2             96.6                24.0
            March 2010          13,825         326,917             28.4             97.3                23.6
            March 2011          13,303         324,739             27.3             96.2                24.4
            March 2012          12,861         319,298             26.4             96.7                24.8
            March 2013          12,442         315,256             25.5             96.7                25.3
            March 2014          12,075         310,255             24.8             97.1                25.7
            March 2015          11,618         304,045             23.8             96.2                26.2
            March 2016          11,306         301,663             23.2             97.3                26.7
            March 2017          10,901         295,246             22.4             96.4                27.1
            March 2018          10,427         288,998             21.4             95.7                27.7
            March 2019          10,000         279,763             20.5             95.9                28.0
            March 2020           9,565         262,099             19.6             95.7                27.4
            March 2021           8,983         209,506             18.4             93.9                23.3
            March 2022           8,755         227,467             18.0             97.5                26.0
            March 2023           8,413         229,877             17.3             96.1                27.3
            March 2024           8,044         222,691             16.5             95.6                27.7
 
Annual openings
Year ended: March 1996

            March 1996          48,428         696,425            100.0               _                 14.4
            March 1997          38,308         615,865             79.1             79.1                16.1
            March 1998          32,687         564,627             67.5             85.3                17.3
            March 1999          28,932         536,026             59.7             88.5                18.5
            March 2000          26,192         510,128             54.1             90.5                19.5
            March 2001          23,751         483,207             49.0             90.7                20.3
            March 2002          21,869         450,464             45.2             92.1                20.6
            March 2003          20,536         429,341             42.4             93.9                20.9
            March 2004          19,302         418,813             39.9             94.0                21.7
            March 2005          18,188         405,829             37.6             94.2                22.3
            March 2006          17,141         396,514             35.4             94.2                23.1
            March 2007          16,281         384,529             33.6             95.0                23.6
            March 2008          15,509         372,548             32.0             95.3                24.0
            March 2009          15,136         352,486             31.3             97.6                23.3
            March 2010          14,635         336,728             30.2             96.7                23.0
            March 2011          14,110         330,277             29.1             96.4                23.4
            March 2012          13,596         326,720             28.1             96.4                24.0
            March 2013          13,206         321,365             27.3             97.1                24.3
            March 2014          12,781         320,006             26.4             96.8                25.0
            March 2015          12,268         314,182             25.3             96.0                25.6
            March 2016          11,763         306,454             24.3             95.9                26.1
            March 2017          11,344         298,695             23.4             96.4                26.3
            March 2018          10,895         291,714             22.5             96.0                26.8
            March 2019          10,462         284,468             21.6             96.0                27.2
            March 2020           9,965         271,607             20.6             95.2                27.3
            March 2021           9,374         213,773             19.4             94.1                22.8
            March 2022           9,129         233,840             18.9             97.4                25.6
            March 2023           8,677         237,029             17.9             95.0                27.3
            March 2024           8,286         231,159             17.1             95.5                27.9
 
Annual openings
Year ended: March 1997

            March 1997          49,607         710,560            100.0               _                 14.3
            March 1998          39,323         625,854             79.3             79.3                15.9
            March 1999          34,098         588,286             68.7             86.7                17.3
            March 2000          30,454         568,515             61.4             89.3                18.7
            March 2001          27,273         537,554             55.0             89.6                19.7
            March 2002          24,658         494,410             49.7             90.4                20.1
            March 2003          22,967         471,686             46.3             93.1                20.5
            March 2004          21,437         457,962             43.2             93.3                21.4
            March 2005          19,994         445,883             40.3             93.3                22.3
            March 2006          18,877         432,189             38.1             94.4                22.9
            March 2007          17,942         424,916             36.2             95.0                23.7
            March 2008          17,013         409,108             34.3             94.8                24.0
            March 2009          16,215         379,402             32.7             95.3                23.4
            March 2010          15,942         362,793             32.1             98.3                22.8
            March 2011          15,369         357,905             31.0             96.4                23.3
            March 2012          14,803         356,764             29.8             96.3                24.1
            March 2013          14,279         351,759             28.8             96.5                24.6
            March 2014          13,868         347,599             28.0             97.1                25.1
            March 2015          13,403         341,001             27.0             96.6                25.4
            March 2016          12,880         337,847             26.0             96.1                26.2
            March 2017          12,334         326,957             24.9             95.8                26.5
            March 2018          11,877         318,881             23.9             96.3                26.8
            March 2019          11,371         310,995             22.9             95.7                27.3
            March 2020          10,861         294,403             21.9             95.5                27.1
            March 2021          10,242         232,945             20.6             94.3                22.7
            March 2022           9,948         257,116             20.1             97.1                25.8
            March 2023           9,517         261,047             19.2             95.7                27.4
            March 2024           9,141         252,582             18.4             96.0                27.6
 
Annual openings
Year ended: March 1998

            March 1998          47,390         683,202            100.0               _                 14.4
            March 1999          38,633         618,714             81.5             81.5                16.0
            March 2000          33,359         584,876             70.4             86.3                17.5
            March 2001          29,612         546,865             62.5             88.8                18.5
            March 2002          26,447         500,560             55.8             89.3                18.9
            March 2003          24,152         473,875             51.0             91.3                19.6
            March 2004          22,547         465,105             47.6             93.4                20.6
            March 2005          20,972         447,165             44.3             93.0                21.3
            March 2006          19,584         433,822             41.3             93.4                22.2
            March 2007          18,533         422,547             39.1             94.6                22.8
            March 2008          17,443         404,845             36.8             94.1                23.2
            March 2009          16,565         376,995             35.0             95.0                22.8
            March 2010          16,210         363,125             34.2             97.9                22.4
            March 2011          15,542         355,804             32.8             95.9                22.9
            March 2012          14,930         354,740             31.5             96.1                23.8
            March 2013          14,499         351,637             30.6             97.1                24.3
            March 2014          14,030         349,322             29.6             96.8                24.9
            March 2015          13,564         343,600             28.6             96.7                25.3
            March 2016          13,112         342,735             27.7             96.7                26.1
            March 2017          12,685         336,655             26.8             96.7                26.5
            March 2018          12,141         324,783             25.6             95.7                26.8
            March 2019          11,725         316,324             24.7             96.6                27.0
            March 2020          11,192         299,758             23.6             95.5                26.8
            March 2021          10,461         230,997             22.1             93.5                22.1
            March 2022          10,220         254,312             21.6             97.7                24.9
            March 2023           9,779         258,459             20.6             95.7                26.4
            March 2024           9,325         252,760             19.7             95.4                27.1
 
Annual openings
Year ended: March 1999

            March 1999          45,964         685,344            100.0               _                 14.9
            March 2000          38,034         622,733             82.7             82.7                16.4
            March 2001          32,892         576,885             71.6             86.5                17.5
            March 2002          28,918         528,287             62.9             87.9                18.3
            March 2003          26,481         502,098             57.6             91.6                19.0
            March 2004          24,296         490,462             52.9             91.7                20.2
            March 2005          22,411         478,618             48.8             92.2                21.4
            March 2006          20,986         463,970             45.7             93.6                22.1
            March 2007          19,751         451,387             43.0             94.1                22.9
            March 2008          18,603         433,181             40.5             94.2                23.3
            March 2009          17,602         406,548             38.3             94.6                23.1
            March 2010          16,893         387,876             36.8             96.0                23.0
            March 2011          16,212         383,688             35.3             96.0                23.7
            March 2012          15,585         380,414             33.9             96.1                24.4
            March 2013          15,053         374,334             32.7             96.6                24.9
            March 2014          14,591         373,298             31.7             96.9                25.6
            March 2015          14,121         368,262             30.7             96.8                26.1
            March 2016          13,594         364,519             29.6             96.3                26.8
            March 2017          13,056         355,009             28.4             96.0                27.2
            March 2018          12,567         347,176             27.3             96.3                27.6
            March 2019          12,022         336,559             26.2             95.7                28.0
            March 2020          11,406         315,126             24.8             94.9                27.6
            March 2021          10,771         244,558             23.4             94.4                22.7
            March 2022          10,476         268,479             22.8             97.3                25.6
            March 2023          10,027         274,746             21.8             95.7                27.4
            March 2024           9,527         266,194             20.7             95.0                27.9
 
Annual openings
Year ended: March 2000

            March 2000          45,826         660,575            100.0               _                 14.4
            March 2001          37,800         598,541             82.5             82.5                15.8
            March 2002          32,528         544,578             71.0             86.1                16.7
            March 2003          29,288         515,230             63.9             90.0                17.6
            March 2004          26,793         498,309             58.5             91.5                18.6
            March 2005          24,561         482,036             53.6             91.7                19.6
            March 2006          22,769         469,680             49.7             92.7                20.6
            March 2007          21,397         455,697             46.7             94.0                21.3
            March 2008          20,071         439,740             43.8             93.8                21.9
            March 2009          18,985         407,001             41.4             94.6                21.4
            March 2010          17,996         388,230             39.3             94.8                21.6
            March 2011          17,384         383,253             37.9             96.6                22.0
            March 2012          16,812         380,370             36.7             96.7                22.6
            March 2013          16,313         379,236             35.6             97.0                23.2
            March 2014          15,687         377,280             34.2             96.2                24.1
            March 2015          14,999         372,829             32.7             95.6                24.9
            March 2016          14,330         368,000             31.3             95.5                25.7
            March 2017          13,864         360,556             30.3             96.7                26.0
            March 2018          13,303         352,221             29.0             96.0                26.5
            March 2019          12,716         342,629             27.7             95.6                26.9
            March 2020          11,978         324,094             26.1             94.2                27.1
            March 2021          11,272         255,233             24.6             94.1                22.6
            March 2022          10,972         281,381             23.9             97.3                25.6
            March 2023          10,498         286,249             22.9             95.7                27.3
            March 2024          10,051         277,625             21.9             95.7                27.6
 
Annual openings
Year ended: March 2001

            March 2001          46,340         650,799            100.0               _                 14.0
            March 2002          37,221         567,418             80.3             80.3                15.2
            March 2003          32,459         521,287             70.0             87.2                16.1
            March 2004          29,068         504,166             62.7             89.6                17.3
            March 2005          26,512         486,714             57.2             91.2                18.4
            March 2006          24,333         471,587             52.5             91.8                19.4
            March 2007          22,697         453,637             49.0             93.3                20.0
            March 2008          21,268         437,200             45.9             93.7                20.6
            March 2009          19,920         404,299             43.0             93.7                20.3
            March 2010          18,818         380,859             40.6             94.5                20.2
            March 2011          17,979         373,773             38.8             95.5                20.8
            March 2012          17,332         371,033             37.4             96.4                21.4
            March 2013          16,836         369,354             36.3             97.1                21.9
            March 2014          16,136         365,566             34.8             95.8                22.7
            March 2015          15,456         361,285             33.4             95.8                23.4
            March 2016          14,781         355,824             31.9             95.6                24.1
            March 2017          14,202         346,805             30.6             96.1                24.4
            March 2018          13,666         337,214             29.5             96.2                24.7
            March 2019          13,057         327,604             28.2             95.5                25.1
            March 2020          12,335         309,765             26.6             94.5                25.1
            March 2021          11,557         248,210             24.9             93.7                21.5
            March 2022          11,285         269,044             24.4             97.6                23.8
            March 2023          10,750         273,721             23.2             95.3                25.5
            March 2024          10,181         264,213             22.0             94.7                26.0
 
Annual openings
Year ended: March 2002

            March 2002          49,262         681,075            100.0               _                 13.8
            March 2003          39,777         595,128             80.7             80.7                15.0
            March 2004          35,069         571,584             71.2             88.2                16.3
            March 2005          31,476         546,516             63.9             89.8                17.4
            March 2006          28,706         524,347             58.3             91.2                18.3
            March 2007          26,632         517,802             54.1             92.8                19.4
            March 2008          24,786         493,668             50.3             93.1                19.9
            March 2009          23,315         465,394             47.3             94.1                20.0
            March 2010          21,928         436,808             44.5             94.1                19.9
            March 2011          20,997         428,675             42.6             95.8                20.4
            March 2012          19,974         424,283             40.5             95.1                21.2
            March 2013          19,344         418,545             39.3             96.8                21.6
            March 2014          18,496         412,049             37.5             95.6                22.3
            March 2015          17,619         405,403             35.8             95.3                23.0
            March 2016          16,849         400,892             34.2             95.6                23.8
            March 2017          16,102         391,845             32.7             95.6                24.3
            March 2018          15,477         380,721             31.4             96.1                24.6
            March 2019          14,823         371,790             30.1             95.8                25.1
            March 2020          14,078         349,528             28.6             95.0                24.8
            March 2021          13,169         275,720             26.7             93.5                20.9
            March 2022          12,694         302,693             25.8             96.4                23.8
            March 2023          12,055         306,970             24.5             95.0                25.5
            March 2024          11,538         300,083             23.4             95.7                26.0
 
Annual openings
Year ended: March 2003

            March 2003          49,804         652,974            100.0               _                 13.1
            March 2004          40,528         583,250             81.4             81.4                14.4
            March 2005          34,887         548,537             70.0             86.1                15.7
            March 2006          31,294         529,594             62.8             89.7                16.9
            March 2007          28,520         506,574             57.3             91.1                17.8
            March 2008          25,986         481,843             52.2             91.1                18.5
            March 2009          23,988         442,724             48.2             92.3                18.5
            March 2010          22,438         415,014             45.1             93.5                18.5
            March 2011          21,228         407,707             42.6             94.6                19.2
            March 2012          19,925         401,316             40.0             93.9                20.1
            March 2013          19,124         395,515             38.4             96.0                20.7
            March 2014          18,193         390,221             36.5             95.1                21.4
            March 2015          17,391         385,519             34.9             95.6                22.2
            March 2016          16,581         381,604             33.3             95.3                23.0
            March 2017          15,948         372,853             32.0             96.2                23.4
            March 2018          15,180         359,543             30.5             95.2                23.7
            March 2019          14,449         349,098             29.0             95.2                24.2
            March 2020          13,728         330,803             27.6             95.0                24.1
            March 2021          12,954         268,518             26.0             94.4                20.7
            March 2022          12,570         290,990             25.2             97.0                23.1
            March 2023          11,834         291,970             23.8             94.1                24.7
            March 2024          11,311         281,841             22.7             95.6                24.9
 
Annual openings
Year ended: March 2004

            March 2004          49,044         632,433            100.0               _                 12.9
            March 2005          39,493         564,482             80.5             80.5                14.3
            March 2006          34,142         530,587             69.6             86.5                15.5
            March 2007          30,275         502,252             61.7             88.7                16.6
            March 2008          27,370         472,955             55.8             90.4                17.3
            March 2009          24,898         433,161             50.8             91.0                17.4
            March 2010          23,112         405,804             47.1             92.8                17.6
            March 2011          21,687         398,918             44.2             93.8                18.4
            March 2012          20,415         392,956             41.6             94.1                19.2
            March 2013          19,311         388,264             39.4             94.6                20.1
            March 2014          18,363         383,264             37.4             95.1                20.9
            March 2015          17,462         374,618             35.6             95.1                21.5
            March 2016          16,657         368,514             34.0             95.4                22.1
            March 2017          15,972         358,359             32.6             95.9                22.4
            March 2018          15,143         342,698             30.9             94.8                22.6
            March 2019          14,443         331,312             29.4             95.4                22.9
            March 2020          13,580         311,189             27.7             94.0                22.9
            March 2021          12,727         250,013             26.0             93.7                19.6
            March 2022          12,384         273,499             25.3             97.3                22.1
            March 2023          11,717         274,067             23.9             94.6                23.4
            March 2024          11,087         263,941             22.6             94.6                23.8
 
Annual openings
Year ended: March 2005

            March 2005          51,603         641,306            100.0               _                 12.4
            March 2006          42,038         573,375             81.5             81.5                13.6
            March 2007          36,227         532,896             70.2             86.2                14.7
            March 2008          32,228         499,807             62.5             89.0                15.5
            March 2009          28,755         447,524             55.7             89.2                15.6
            March 2010          26,146         415,665             50.7             90.9                15.9
            March 2011          24,273         409,700             47.0             92.8                16.9
            March 2012          22,698         406,373             44.0             93.5                17.9
            March 2013          21,400         397,695             41.5             94.3                18.6
            March 2014          20,170         391,591             39.1             94.3                19.4
            March 2015          18,951         385,345             36.7             94.0                20.3
            March 2016          18,038         382,738             35.0             95.2                21.2
            March 2017          17,271         377,066             33.5             95.7                21.8
            March 2018          16,492         363,290             32.0             95.5                22.0
            March 2019          15,723         351,665             30.5             95.3                22.4
            March 2020          14,719         329,720             28.5             93.6                22.4
            March 2021          13,702         265,642             26.6             93.1                19.4
            March 2022          13,243         292,922             25.7             96.7                22.1
            March 2023          12,588         294,387             24.4             95.1                23.4
            March 2024          12,145         285,730             23.5             96.5                23.5
 
Annual openings
Year ended: March 2006

            March 2006          53,485         666,265            100.0               _                 12.5
            March 2007          43,669         595,555             81.6             81.6                13.6
            March 2008          37,361         536,816             69.9             85.6                14.4
            March 2009          32,576         478,471             60.9             87.2                14.7
            March 2010          29,366         443,265             54.9             90.1                15.1
            March 2011          26,890         432,964             50.3             91.6                16.1
            March 2012          24,853         425,276             46.5             92.4                17.1
            March 2013          23,089         416,588             43.2             92.9                18.0
            March 2014          21,832         413,654             40.8             94.6                18.9
            March 2015          20,494         408,288             38.3             93.9                19.9
            March 2016          19,258         399,733             36.0             94.0                20.8
            March 2017          18,334         389,848             34.3             95.2                21.3
            March 2018          17,479         377,871             32.7             95.3                21.6
            March 2019          16,659         363,752             31.1             95.3                21.8
            March 2020          15,618         340,708             29.2             93.8                21.8
            March 2021          14,586         272,858             27.3             93.4                18.7
            March 2022          14,023         300,563             26.2             96.1                21.4
            March 2023          13,300         303,501             24.9             94.8                22.8
            March 2024          12,617         293,615             23.6             94.9                23.3
 
Annual openings
Year ended: March 2007

            March 2007          52,327         651,892            100.0               _                 12.5
            March 2008          42,097         570,161             80.4             80.4                13.5
            March 2009          35,588         496,887             68.0             84.5                14.0
            March 2010          31,644         466,180             60.5             88.9                14.7
            March 2011          28,732         448,477             54.9             90.8                15.6
            March 2012          26,333         442,683             50.3             91.7                16.8
            March 2013          24,462         436,061             46.7             92.9                17.8
            March 2014          23,033         430,411             44.0             94.2                18.7
            March 2015          21,630         423,370             41.3             93.9                19.6
            March 2016          20,547         417,801             39.3             95.0                20.3
            March 2017          19,441         405,271             37.2             94.6                20.8
            March 2018          18,413         393,811             35.2             94.7                21.4
            March 2019          17,522         382,191             33.5             95.2                21.8
            March 2020          16,356         356,688             31.3             93.3                21.8
            March 2021          15,326         291,211             29.3             93.7                19.0
            March 2022          14,789         318,517             28.3             96.5                21.5
            March 2023          13,977         318,577             26.7             94.5                22.8
            March 2024          13,312         307,522             25.4             95.2                23.1
 
Annual openings
Year ended: March 2008

            March 2008          51,277         649,158            100.0               _                 12.7
            March 2009          40,515         530,225             79.0             79.0                13.1
            March 2010          34,876         483,427             68.0             86.1                13.9
            March 2011          31,448         468,025             61.3             90.2                14.9
            March 2012          28,678         459,494             55.9             91.2                16.0
            March 2013          26,427         451,660             51.5             92.2                17.1
            March 2014          24,707         445,330             48.2             93.5                18.0
            March 2015          23,144         437,915             45.1             93.7                18.9
            March 2016          21,849         431,702             42.6             94.4                19.8
            March 2017          20,644         423,262             40.3             94.5                20.5
            March 2018          19,387         408,889             37.8             93.9                21.1
            March 2019          18,334         396,609             35.8             94.6                21.6
            March 2020          17,200         368,944             33.5             93.8                21.5
            March 2021          16,138         297,739             31.5             93.8                18.4
            March 2022          15,616         329,106             30.5             96.8                21.1
            March 2023          14,762         331,630             28.8             94.5                22.5
            March 2024          14,031         318,632             27.4             95.0                22.7
 
Annual openings
Year ended: March 2009

            March 2009          46,578         569,043            100.0               _                 12.2
            March 2010          37,609         487,199             80.7             80.7                13.0
            March 2011          32,796         464,472             70.4             87.2                14.2
            March 2012          29,375         454,487             63.1             89.6                15.5
            March 2013          26,820         443,501             57.6             91.3                16.5
            March 2014          24,659         434,189             52.9             91.9                17.6
            March 2015          22,994         425,970             49.4             93.2                18.5
            March 2016          21,643         416,895             46.5             94.1                19.3
            March 2017          20,461         408,884             43.9             94.5                20.0
            March 2018          19,337         395,341             41.5             94.5                20.4
            March 2019          18,092         380,414             38.8             93.6                21.0
            March 2020          16,842         354,984             36.2             93.1                21.1
            March 2021          15,674         283,774             33.7             93.1                18.1
            March 2022          15,177         314,855             32.6             96.8                20.7
            March 2023          14,272         313,107             30.6             94.0                21.9
            March 2024          13,557         300,959             29.1             95.0                22.2
 
Annual openings
Year ended: March 2010

            March 2010          44,944         505,067            100.0               _                 11.2
            March 2011          36,622         446,061             81.5             81.5                12.2
            March 2012          31,865         426,526             70.9             87.0                13.4
            March 2013          28,351         412,722             63.1             89.0                14.6
            March 2014          25,874         401,505             57.6             91.3                15.5
            March 2015          23,714         391,280             52.8             91.7                16.5
            March 2016          22,093         383,536             49.2             93.2                17.4
            March 2017          20,700         374,417             46.1             93.7                18.1
            March 2018          19,382         357,846             43.1             93.6                18.5
            March 2019          18,118         346,472             40.3             93.5                19.1
            March 2020          16,656         322,086             37.1             91.9                19.3
            March 2021          15,430         258,622             34.3             92.6                16.8
            March 2022          14,951         283,410             33.3             96.9                19.0
            March 2023          14,091         283,013             31.4             94.2                20.1
            March 2024          13,367         274,910             29.7             94.9                20.6
 
Annual openings
Year ended: March 2011

            March 2011          46,512         522,476            100.0               _                 11.2
            March 2012          37,610         467,474             80.9             80.9                12.4
            March 2013          32,940         443,824             70.8             87.6                13.5
            March 2014          29,505         429,784             63.4             89.6                14.6
            March 2015          26,816         415,921             57.7             90.9                15.5
            March 2016          24,468         403,766             52.6             91.2                16.5
            March 2017          22,763         390,889             48.9             93.0                17.2
            March 2018          21,124         374,051             45.4             92.8                17.7
            March 2019          19,881         360,271             42.7             94.1                18.1
            March 2020          18,040         329,182             38.8             90.7                18.2
            March 2021          16,596         262,946             35.7             92.0                15.8
            March 2022          15,929         291,764             34.2             96.0                18.3
            March 2023          14,987         291,795             32.2             94.1                19.5
            March 2024          14,058         280,388             30.2             93.8                19.9
 
Annual openings
Year ended: March 2012

            March 2012          48,171         569,639            100.0               _                 11.8
            March 2013          39,483         508,869             82.0             82.0                12.9
            March 2014          34,441         486,151             71.5             87.2                14.1
            March 2015          30,978         475,359             64.3             89.9                15.3
            March 2016          28,304         464,275             58.8             91.4                16.4
            March 2017          26,113         447,286             54.2             92.3                17.1
            March 2018          24,248         427,782             50.3             92.9                17.6
            March 2019          22,578         413,265             46.9             93.1                18.3
            March 2020          20,790         381,429             43.2             92.1                18.3
            March 2021          19,040         306,230             39.5             91.6                16.1
            March 2022          18,245         336,746             37.9             95.8                18.5
            March 2023          17,117         337,574             35.5             93.8                19.7
            March 2024          16,081         324,098             33.4             93.9                20.2
 
Annual openings
Year ended: March 2013

            March 2013          47,346         570,808            100.0               _                 12.1
            March 2014          39,038         520,342             82.5             82.5                13.3
            March 2015          34,338         499,791             72.5             88.0                14.6
            March 2016          31,071         486,530             65.6             90.5                15.7
            March 2017          28,567         469,772             60.3             91.9                16.4
            March 2018          26,182         451,345             55.3             91.7                17.2
            March 2019          24,264         430,431             51.2             92.7                17.7
            March 2020          22,084         396,887             46.6             91.0                18.0
            March 2021          20,298         318,889             42.9             91.9                15.7
            March 2022          19,445         351,708             41.1             95.8                18.1
            March 2023          18,121         348,930             38.3             93.2                19.3
            March 2024          17,050         333,130             36.0             94.1                19.5
 
Annual openings
Year ended: March 2014

            March 2014          45,171         590,699            100.0               _                 13.1
            March 2015          39,291         553,494             87.0             87.0                14.1
            March 2016          35,208         534,982             77.9             89.6                15.2
            March 2017          32,170         523,012             71.2             91.4                16.3
            March 2018          29,335         497,955             64.9             91.2                17.0
            March 2019          26,759         479,678             59.2             91.2                17.9
            March 2020          24,279         438,451             53.7             90.7                18.1
            March 2021          22,483         350,559             49.8             92.6                15.6
            March 2022          21,512         390,836             47.6             95.7                18.2
            March 2023          20,026         388,107             44.3             93.1                19.4
            March 2024          18,656         369,107             41.3             93.2                19.8
 
Annual openings
Year ended: March 2015

            March 2015          47,077         614,832            100.0               _                 13.1
            March 2016          41,529         587,379             88.2             88.2                14.1
            March 2017          37,468         563,547             79.6             90.2                15.0
            March 2018          33,784         536,663             71.8             90.2                15.9
            March 2019          30,716         510,438             65.2             90.9                16.6
            March 2020          27,547         471,713             58.5             89.7                17.1
            March 2021          25,206         379,339             53.5             91.5                15.0
            March 2022          24,194         427,080             51.4             96.0                17.7
            March 2023          22,505         424,406             47.8             93.0                18.9
            March 2024          21,013         404,604             44.6             93.4                19.3
 
Annual openings
Year ended: March 2016

            March 2016          48,681         640,188            100.0               _                 13.2
            March 2017          43,971         612,076             90.3             90.3                13.9
            March 2018          39,406         583,749             80.9             89.6                14.8
            March 2019          35,674         559,037             73.3             90.5                15.7
            March 2020          31,793         513,184             65.3             89.1                16.1
            March 2021          29,008         419,521             59.6             91.2                14.5
            March 2022          27,808         469,477             57.1             95.9                16.9
            March 2023          25,886         466,790             53.2             93.1                18.0
            March 2024          24,055         445,467             49.4             92.9                18.5
 
Annual openings
Year ended: March 2017

            March 2017          50,383         662,547            100.0               _                 13.2
            March 2018          44,927         625,024             89.2             89.2                13.9
            March 2019          39,965         592,806             79.3             89.0                14.8
            March 2020          35,203         543,361             69.9             88.1                15.4
            March 2021          31,947         442,624             63.4             90.8                13.9
            March 2022          30,409         492,987             60.4             95.2                16.2
            March 2023          28,095         491,884             55.8             92.4                17.5
            March 2024          26,080         469,290             51.8             92.8                18.0
 
Annual openings
Year ended: March 2018

            March 2018          53,286         661,389            100.0               _                 12.4
            March 2019          45,414         618,813             85.2             85.2                13.6
            March 2020          38,964         558,342             73.1             85.8                14.3
            March 2021          35,090         462,197             65.9             90.1                13.2
            March 2022          33,228         515,306             62.4             94.7                15.5
            March 2023          30,430         508,201             57.1             91.6                16.7
            March 2024          28,057         482,023             52.7             92.2                17.2
 
Annual openings
Year ended: March 2019

            March 2019          52,926         639,331            100.0               _                 12.1
            March 2020          43,702         566,041             82.6             82.6                13.0
            March 2021          38,861         467,402             73.4             88.9                12.0
            March 2022          36,802         525,268             69.5             94.7                14.3
            March 2023          33,393         513,789             63.1             90.7                15.4
            March 2024          30,394         481,272             57.4             91.0                15.8
 
Annual openings
Year ended: March 2020

            March 2020          50,259         594,751            100.0               _                 11.8
            March 2021          42,947         494,449             85.5             85.5                11.5
            March 2022          40,269         555,378             80.1             93.8                13.8
            March 2023          36,261         545,709             72.1             90.0                15.0
            March 2024          32,946         513,209             65.6             90.9                15.6
 
Annual openings
Year ended: March 2021

            March 2021          43,571         445,528            100.0               _                 10.2
            March 2022          37,728         482,805             86.6             86.6                12.8
            March 2023          33,286         469,863             76.4             88.2                14.1
            March 2024          29,817         442,180             68.4             89.6                14.8
 
Annual openings
Year ended: March 2022

            March 2022          53,659         601,970            100.0               _                 11.2
            March 2023          46,258         594,660             86.2             86.2                12.9
            March 2024          40,927         558,448             76.3             88.5                13.6
 
Annual openings
Year ended: March 2023

            March 2023          58,006         669,745            100.0               _                 11.5
            March 2024          50,115         631,360             86.4             86.4                12.6
 
Annual openings
Year ended: March 2024

            March 2024          55,631         665,439            100.0               _                 12.0
 
NOTE: A '_' indicates that the data are not available and a 'N' indicates that the data do not meet BLS disclosure standards.
