Table 7. Survival of private sector establishments by opening year

Total Private

Utah

                          Surviving       Total Employment   Survival Rates   Survival Rates of   Average Employment
                          Establishments  of Survivors       Since Birth      Previous Year's     of Survivors
                                                                              Survivors

Annual openings
Year ended: March 1994

            March 1994           5,686          36,008            100.0               _                  6.3
            March 1995           4,469          38,612             78.6             78.6                 8.6
            March 1996           3,827          39,374             67.3             85.6                10.3
            March 1997           3,367          37,472             59.2             88.0                11.1
            March 1998           2,984          36,063             52.5             88.6                12.1
            March 1999           2,673          34,678             47.0             89.6                13.0
            March 2000           2,436          32,145             42.8             91.1                13.2
            March 2001           2,247          31,336             39.5             92.2                13.9
            March 2002           2,048          30,581             36.0             91.1                14.9
            March 2003           1,896          28,788             33.3             92.6                15.2
            March 2004           1,767          28,634             31.1             93.2                16.2
            March 2005           1,665          28,853             29.3             94.2                17.3
            March 2006           1,575          28,772             27.7             94.6                18.3
            March 2007           1,511          28,995             26.6             95.9                19.2
            March 2008           1,440          28,371             25.3             95.3                19.7
            March 2009           1,363          25,872             24.0             94.7                19.0
            March 2010           1,263          24,715             22.2             92.7                19.6
            March 2011           1,195          24,720             21.0             94.6                20.7
            March 2012           1,149          25,032             20.2             96.2                21.8
            March 2013           1,095          24,950             19.3             95.3                22.8
            March 2014           1,074          25,611             18.9             98.1                23.8
            March 2015           1,053          25,789             18.5             98.0                24.5
            March 2016           1,015          26,307             17.9             96.4                25.9
            March 2017             981          26,147             17.3             96.7                26.7
            March 2018             944          25,745             16.6             96.2                27.3
            March 2019             917          25,121             16.1             97.1                27.4
            March 2020             873          24,772             15.4             95.2                28.4
            March 2021             835          23,578             14.7             95.6                28.2
            March 2022             804          23,712             14.1             96.3                29.5
            March 2023             775          23,341             13.6             96.4                30.1
            March 2024             739          23,087             13.0             95.4                31.2
 
Annual openings
Year ended: March 1995

            March 1995           5,939          37,370            100.0               _                  6.3
            March 1996           4,723          39,219             79.5             79.5                 8.3
            March 1997           3,999          38,650             67.3             84.7                 9.7
            March 1998           3,517          36,739             59.2             87.9                10.4
            March 1999           3,074          33,909             51.8             87.4                11.0
            March 2000           2,707          32,278             45.6             88.1                11.9
            March 2001           2,451          29,980             41.3             90.5                12.2
            March 2002           2,179          27,157             36.7             88.9                12.5
            March 2003           2,017          26,148             34.0             92.6                13.0
            March 2004           1,903          25,422             32.0             94.3                13.4
            March 2005           1,773          25,064             29.9             93.2                14.1
            March 2006           1,665          25,254             28.0             93.9                15.2
            March 2007           1,589          25,539             26.8             95.4                16.1
            March 2008           1,504          23,964             25.3             94.7                15.9
            March 2009           1,429          20,918             24.1             95.0                14.6
            March 2010           1,290          19,928             21.7             90.3                15.4
            March 2011           1,206          19,623             20.3             93.5                16.3
            March 2012           1,169          19,831             19.7             96.9                17.0
            March 2013           1,118          19,585             18.8             95.6                17.5
            March 2014           1,106          19,420             18.6             98.9                17.6
            March 2015           1,098          19,847             18.5             99.3                18.1
            March 2016           1,050          19,771             17.7             95.6                18.8
            March 2017           1,018          19,376             17.1             97.0                19.0
            March 2018             987          19,751             16.6             97.0                20.0
            March 2019             939          19,633             15.8             95.1                20.9
            March 2020             906          18,869             15.3             96.5                20.8
            March 2021             887          17,103             14.9             97.9                19.3
            March 2022             854          17,363             14.4             96.3                20.3
            March 2023             817          17,800             13.8             95.7                21.8
            March 2024             790          17,587             13.3             96.7                22.3
 
Annual openings
Year ended: March 1996

            March 1996           6,663          42,454            100.0               _                  6.4
            March 1997           5,105          42,540             76.6             76.6                 8.3
            March 1998           4,319          42,033             64.8             84.6                 9.7
            March 1999           3,696          39,286             55.5             85.6                10.6
            March 2000           3,265          38,120             49.0             88.3                11.7
            March 2001           2,878          35,996             43.2             88.1                12.5
            March 2002           2,585          34,148             38.8             89.8                13.2
            March 2003           2,359          31,780             35.4             91.3                13.5
            March 2004           2,210          30,839             33.2             93.7                14.0
            March 2005           2,058          30,850             30.9             93.1                15.0
            March 2006           1,899          28,924             28.5             92.3                15.2
            March 2007           1,831          30,238             27.5             96.4                16.5
            March 2008           1,721          29,149             25.8             94.0                16.9
            March 2009           1,610          25,941             24.2             93.6                16.1
            March 2010           1,464          25,137             22.0             90.9                17.2
            March 2011           1,376          24,825             20.7             94.0                18.0
            March 2012           1,337          25,309             20.1             97.2                18.9
            March 2013           1,288          25,400             19.3             96.3                19.7
            March 2014           1,270          25,551             19.1             98.6                20.1
            March 2015           1,211          26,039             18.2             95.4                21.5
            March 2016           1,178          26,408             17.7             97.3                22.4
            March 2017           1,141          26,550             17.1             96.9                23.3
            March 2018           1,104          26,313             16.6             96.8                23.8
            March 2019           1,049          26,540             15.7             95.0                25.3
            March 2020           1,018          26,271             15.3             97.0                25.8
            March 2021             974          25,818             14.6             95.7                26.5
            March 2022             945          25,519             14.2             97.0                27.0
            March 2023             877          24,294             13.2             92.8                27.7
            March 2024             853          23,766             12.8             97.3                27.9
 
Annual openings
Year ended: March 1997

            March 1997           6,887          49,468            100.0               _                  7.2
            March 1998           5,335          48,249             77.5             77.5                 9.0
            March 1999           4,505          47,284             65.4             84.4                10.5
            March 2000           3,926          45,252             57.0             87.1                11.5
            March 2001           3,454          41,984             50.2             88.0                12.2
            March 2002           3,036          37,320             44.1             87.9                12.3
            March 2003           2,737          34,745             39.7             90.2                12.7
            March 2004           2,522          34,555             36.6             92.1                13.7
            March 2005           2,372          33,982             34.4             94.1                14.3
            March 2006           2,244          32,837             32.6             94.6                14.6
            March 2007           2,130          32,082             30.9             94.9                15.1
            March 2008           2,006          30,658             29.1             94.2                15.3
            March 2009           1,893          27,351             27.5             94.4                14.4
            March 2010           1,745          25,849             25.3             92.2                14.8
            March 2011           1,663          25,538             24.1             95.3                15.4
            March 2012           1,595          25,748             23.2             95.9                16.1
            March 2013           1,537          27,189             22.3             96.4                17.7
            March 2014           1,500          26,711             21.8             97.6                17.8
            March 2015           1,444          26,911             21.0             96.3                18.6
            March 2016           1,404          27,451             20.4             97.2                19.6
            March 2017           1,340          27,762             19.5             95.4                20.7
            March 2018           1,297          27,162             18.8             96.8                20.9
            March 2019           1,247          26,203             18.1             96.1                21.0
            March 2020           1,202          25,565             17.5             96.4                21.3
            March 2021           1,153          24,403             16.7             95.9                21.2
            March 2022           1,112          23,936             16.1             96.4                21.5
            March 2023           1,081          23,368             15.7             97.2                21.6
            March 2024           1,026          22,512             14.9             94.9                21.9
 
Annual openings
Year ended: March 1998

            March 1998           7,110          44,151            100.0               _                  6.2
            March 1999           5,474          45,612             77.0             77.0                 8.3
            March 2000           4,586          43,698             64.5             83.8                 9.5
            March 2001           3,921          40,918             55.1             85.5                10.4
            March 2002           3,354          34,693             47.2             85.5                10.3
            March 2003           3,018          32,996             42.4             90.0                10.9
            March 2004           2,783          32,486             39.1             92.2                11.7
            March 2005           2,595          32,992             36.5             93.2                12.7
            March 2006           2,424          32,130             34.1             93.4                13.3
            March 2007           2,312          32,866             32.5             95.4                14.2
            March 2008           2,160          31,881             30.4             93.4                14.8
            March 2009           2,019          29,793             28.4             93.5                14.8
            March 2010           1,845          29,029             25.9             91.4                15.7
            March 2011           1,766          28,306             24.8             95.7                16.0
            March 2012           1,671          27,983             23.5             94.6                16.7
            March 2013           1,608          28,024             22.6             96.2                17.4
            March 2014           1,592          28,312             22.4             99.0                17.8
            March 2015           1,547          28,284             21.8             97.2                18.3
            March 2016           1,494          28,437             21.0             96.6                19.0
            March 2017           1,442          29,034             20.3             96.5                20.1
            March 2018           1,392          30,095             19.6             96.5                21.6
            March 2019           1,344          30,571             18.9             96.6                22.7
            March 2020           1,287          30,162             18.1             95.8                23.4
            March 2021           1,217          30,450             17.1             94.6                25.0
            March 2022           1,165          29,894             16.4             95.7                25.7
            March 2023           1,104          29,001             15.5             94.8                26.3
            March 2024           1,055          29,155             14.8             95.6                27.6
 
Annual openings
Year ended: March 1999

            March 1999           7,599          49,345            100.0               _                  6.5
            March 2000           5,943          48,309             78.2             78.2                 8.1
            March 2001           4,861          47,217             64.0             81.8                 9.7
            March 2002           4,147          40,734             54.6             85.3                 9.8
            March 2003           3,675          38,564             48.4             88.6                10.5
            March 2004           3,301          38,364             43.4             89.8                11.6
            March 2005           3,084          38,677             40.6             93.4                12.5
            March 2006           2,894          38,943             38.1             93.8                13.5
            March 2007           2,724          38,908             35.8             94.1                14.3
            March 2008           2,529          37,169             33.3             92.8                14.7
            March 2009           2,371          32,620             31.2             93.8                13.8
            March 2010           2,160          31,269             28.4             91.1                14.5
            March 2011           2,036          31,260             26.8             94.3                15.4
            March 2012           1,961          31,647             25.8             96.3                16.1
            March 2013           1,873          32,062             24.6             95.5                17.1
            March 2014           1,844          31,248             24.3             98.5                16.9
            March 2015           1,773          31,868             23.3             96.1                18.0
            March 2016           1,704          32,288             22.4             96.1                18.9
            March 2017           1,638          31,815             21.6             96.1                19.4
            March 2018           1,582          31,718             20.8             96.6                20.0
            March 2019           1,516          30,718             19.9             95.8                20.3
            March 2020           1,444          30,070             19.0             95.3                20.8
            March 2021           1,405          27,992             18.5             97.3                19.9
            March 2022           1,339          28,298             17.6             95.3                21.1
            March 2023           1,265          27,364             16.6             94.5                21.6
            March 2024           1,208          26,275             15.9             95.5                21.8
 
Annual openings
Year ended: March 2000

            March 2000           7,466          45,533            100.0               _                  6.1
            March 2001           5,603          44,683             75.0             75.0                 8.0
            March 2002           4,669          41,252             62.5             83.3                 8.8
            March 2003           4,057          38,437             54.3             86.9                 9.5
            March 2004           3,666          37,449             49.1             90.4                10.2
            March 2005           3,377          36,802             45.2             92.1                10.9
            March 2006           3,141          36,931             42.1             93.0                11.8
            March 2007           2,958          37,301             39.6             94.2                12.6
            March 2008           2,732          36,257             36.6             92.4                13.3
            March 2009           2,594          33,545             34.7             94.9                12.9
            March 2010           2,316          32,717             31.0             89.3                14.1
            March 2011           2,187          31,736             29.3             94.4                14.5
            March 2012           2,102          32,340             28.2             96.1                15.4
            March 2013           2,017          31,947             27.0             96.0                15.8
            March 2014           1,958          31,553             26.2             97.1                16.1
            March 2015           1,881          31,068             25.2             96.1                16.5
            March 2016           1,803          31,673             24.1             95.9                17.6
            March 2017           1,710          31,218             22.9             94.8                18.3
            March 2018           1,660          31,353             22.2             97.1                18.9
            March 2019           1,595          30,731             21.4             96.1                19.3
            March 2020           1,522          30,168             20.4             95.4                19.8
            March 2021           1,465          30,007             19.6             96.3                20.5
            March 2022           1,401          29,654             18.8             95.6                21.2
            March 2023           1,341          29,150             18.0             95.7                21.7
            March 2024           1,274          28,818             17.1             95.0                22.6
 
Annual openings
Year ended: March 2001

            March 2001           7,654          43,309            100.0               _                  5.7
            March 2002           5,709          41,310             74.6             74.6                 7.2
            March 2003           4,830          38,101             63.1             84.6                 7.9
            March 2004           4,295          37,177             56.1             88.9                 8.7
            March 2005           3,865          37,262             50.5             90.0                 9.6
            March 2006           3,559          37,256             46.5             92.1                10.5
            March 2007           3,330          37,611             43.5             93.6                11.3
            March 2008           3,077          36,813             40.2             92.4                12.0
            March 2009           2,882          33,519             37.7             93.7                11.6
            March 2010           2,591          30,799             33.9             89.9                11.9
            March 2011           2,446          29,528             32.0             94.4                12.1
            March 2012           2,344          29,773             30.6             95.8                12.7
            March 2013           2,253          30,528             29.4             96.1                13.5
            March 2014           2,204          30,121             28.8             97.8                13.7
            March 2015           2,109          30,821             27.6             95.7                14.6
            March 2016           2,042          32,196             26.7             96.8                15.8
            March 2017           1,931          32,328             25.2             94.6                16.7
            March 2018           1,873          32,265             24.5             97.0                17.2
            March 2019           1,794          31,686             23.4             95.8                17.7
            March 2020           1,698          31,199             22.2             94.6                18.4
            March 2021           1,623          30,435             21.2             95.6                18.8
            March 2022           1,522          29,761             19.9             93.8                19.6
            March 2023           1,466          29,269             19.2             96.3                20.0
            March 2024           1,395          29,422             18.2             95.2                21.1
 
Annual openings
Year ended: March 2002

            March 2002           7,070          41,371            100.0               _                  5.9
            March 2003           5,343          37,404             75.6             75.6                 7.0
            March 2004           4,661          37,907             65.9             87.2                 8.1
            March 2005           4,135          36,999             58.5             88.7                 8.9
            March 2006           3,808          38,756             53.9             92.1                10.2
            March 2007           3,539          38,992             50.1             92.9                11.0
            March 2008           3,249          36,746             46.0             91.8                11.3
            March 2009           3,009          32,647             42.6             92.6                10.8
            March 2010           2,664          30,103             37.7             88.5                11.3
            March 2011           2,471          29,893             35.0             92.8                12.1
            March 2012           2,339          30,599             33.1             94.7                13.1
            March 2013           2,203          30,304             31.2             94.2                13.8
            March 2014           2,147          30,822             30.4             97.5                14.4
            March 2015           2,082          31,256             29.4             97.0                15.0
            March 2016           2,003          32,307             28.3             96.2                16.1
            March 2017           1,911          32,412             27.0             95.4                17.0
            March 2018           1,847          32,752             26.1             96.7                17.7
            March 2019           1,750          32,454             24.8             94.7                18.5
            March 2020           1,681          31,743             23.8             96.1                18.9
            March 2021           1,627          30,814             23.0             96.8                18.9
            March 2022           1,550          30,292             21.9             95.3                19.5
            March 2023           1,465          29,757             20.7             94.5                20.3
            March 2024           1,396          29,325             19.7             95.3                21.0
 
Annual openings
Year ended: March 2003

            March 2003           7,241          38,697            100.0               _                  5.3
            March 2004           5,654          38,380             78.1             78.1                 6.8
            March 2005           4,939          36,448             68.2             87.4                 7.4
            March 2006           4,395          38,179             60.7             89.0                 8.7
            March 2007           4,044          39,332             55.8             92.0                 9.7
            March 2008           3,593          37,604             49.6             88.8                10.5
            March 2009           3,287          34,197             45.4             91.5                10.4
            March 2010           2,883          31,223             39.8             87.7                10.8
            March 2011           2,671          30,512             36.9             92.6                11.4
            March 2012           2,560          31,141             35.4             95.8                12.2
            March 2013           2,420          31,611             33.4             94.5                13.1
            March 2014           2,355          31,401             32.5             97.3                13.3
            March 2015           2,256          33,305             31.2             95.8                14.8
            March 2016           2,169          32,303             30.0             96.1                14.9
            March 2017           2,058          32,076             28.4             94.9                15.6
            March 2018           1,984          31,758             27.4             96.4                16.0
            March 2019           1,869          31,071             25.8             94.2                16.6
            March 2020           1,802          30,873             24.9             96.4                17.1
            March 2021           1,730          29,377             23.9             96.0                17.0
            March 2022           1,657          29,744             22.9             95.8                18.0
            March 2023           1,578          29,358             21.8             95.2                18.6
            March 2024           1,510          29,248             20.9             95.7                19.4
 
Annual openings
Year ended: March 2004

            March 2004           7,450          39,863            100.0               _                  5.4
            March 2005           5,783          38,603             77.6             77.6                 6.7
            March 2006           5,119          39,434             68.7             88.5                 7.7
            March 2007           4,553          39,493             61.1             88.9                 8.7
            March 2008           4,029          38,820             54.1             88.5                 9.6
            March 2009           3,665          35,221             49.2             91.0                 9.6
            March 2010           3,184          31,883             42.7             86.9                10.0
            March 2011           2,993          31,257             40.2             94.0                10.4
            March 2012           2,811          31,352             37.7             93.9                11.2
            March 2013           2,665          31,689             35.8             94.8                11.9
            March 2014           2,599          32,552             34.9             97.5                12.5
            March 2015           2,451          32,571             32.9             94.3                13.3
            March 2016           2,369          32,748             31.8             96.7                13.8
            March 2017           2,265          33,217             30.4             95.6                14.7
            March 2018           2,172          32,619             29.2             95.9                15.0
            March 2019           2,080          32,204             27.9             95.8                15.5
            March 2020           1,965          32,012             26.4             94.5                16.3
            March 2021           1,919          31,223             25.8             97.7                16.3
            March 2022           1,829          31,285             24.6             95.3                17.1
            March 2023           1,734          30,479             23.3             94.8                17.6
            March 2024           1,651          29,125             22.2             95.2                17.6
 
Annual openings
Year ended: March 2005

            March 2005           8,277          42,415            100.0               _                  5.1
            March 2006           6,656          43,915             80.4             80.4                 6.6
            March 2007           5,806          44,578             70.1             87.2                 7.7
            March 2008           5,070          42,516             61.3             87.3                 8.4
            March 2009           4,472          38,422             54.0             88.2                 8.6
            March 2010           3,864          35,685             46.7             86.4                 9.2
            March 2011           3,538          35,448             42.7             91.6                10.0
            March 2012           3,340          36,127             40.4             94.4                10.8
            March 2013           3,158          36,923             38.2             94.6                11.7
            March 2014           3,066          36,806             37.0             97.1                12.0
            March 2015           2,917          36,909             35.2             95.1                12.7
            March 2016           2,802          37,408             33.9             96.1                13.4
            March 2017           2,682          37,460             32.4             95.7                14.0
            March 2018           2,579          37,417             31.2             96.2                14.5
            March 2019           2,457          36,464             29.7             95.3                14.8
            March 2020           2,373          35,855             28.7             96.6                15.1
            March 2021           2,275          35,003             27.5             95.9                15.4
            March 2022           2,160          35,187             26.1             94.9                16.3
            March 2023           2,048          34,027             24.7             94.8                16.6
            March 2024           1,975          32,663             23.9             96.4                16.5
 
Annual openings
Year ended: March 2006

            March 2006           9,200          45,868            100.0               _                  5.0
            March 2007           7,234          46,803             78.6             78.6                 6.5
            March 2008           6,047          43,486             65.7             83.6                 7.2
            March 2009           5,121          38,029             55.7             84.7                 7.4
            March 2010           4,332          35,277             47.1             84.6                 8.1
            March 2011           3,950          34,338             42.9             91.2                 8.7
            March 2012           3,658          34,359             39.8             92.6                 9.4
            March 2013           3,480          34,676             37.8             95.1                10.0
            March 2014           3,425          35,897             37.2             98.4                10.5
            March 2015           3,198          36,296             34.8             93.4                11.3
            March 2016           3,046          36,949             33.1             95.2                12.1
            March 2017           2,901          36,612             31.5             95.2                12.6
            March 2018           2,800          37,032             30.4             96.5                13.2
            March 2019           2,669          35,363             29.0             95.3                13.2
            March 2020           2,528          34,239             27.5             94.7                13.5
            March 2021           2,426          33,656             26.4             96.0                13.9
            March 2022           2,336          33,282             25.4             96.3                14.2
            March 2023           2,223          32,214             24.2             95.2                14.5
            March 2024           2,102          31,750             22.8             94.6                15.1
 
Annual openings
Year ended: March 2007

            March 2007           9,296          44,333            100.0               _                  4.8
            March 2008           6,982          47,391             75.1             75.1                 6.8
            March 2009           5,604          40,458             60.3             80.3                 7.2
            March 2010           4,672          37,943             50.3             83.4                 8.1
            March 2011           4,179          37,142             45.0             89.4                 8.9
            March 2012           3,797          37,879             40.8             90.9                10.0
            March 2013           3,595          38,829             38.7             94.7                10.8
            March 2014           3,487          40,671             37.5             97.0                11.7
            March 2015           3,252          42,071             35.0             93.3                12.9
            March 2016           3,053          43,130             32.8             93.9                14.1
            March 2017           2,907          43,389             31.3             95.2                14.9
            March 2018           2,744          43,897             29.5             94.4                16.0
            March 2019           2,623          42,810             28.2             95.6                16.3
            March 2020           2,494          43,112             26.8             95.1                17.3
            March 2021           2,403          43,650             25.8             96.4                18.2
            March 2022           2,302          43,130             24.8             95.8                18.7
            March 2023           2,178          42,594             23.4             94.6                19.6
            March 2024           2,043          41,764             22.0             93.8                20.4
 
Annual openings
Year ended: March 2008

            March 2008           7,819          33,713            100.0               _                  4.3
            March 2009           5,558          29,841             71.1             71.1                 5.4
            March 2010           4,512          26,670             57.7             81.2                 5.9
            March 2011           3,918          26,669             50.1             86.8                 6.8
            March 2012           3,575          26,769             45.7             91.2                 7.5
            March 2013           3,314          27,807             42.4             92.7                 8.4
            March 2014           3,162          28,004             40.4             95.4                 8.9
            March 2015           2,901          28,608             37.1             91.7                 9.9
            March 2016           2,713          29,259             34.7             93.5                10.8
            March 2017           2,584          28,937             33.0             95.2                11.2
            March 2018           2,426          29,333             31.0             93.9                12.1
            March 2019           2,293          29,352             29.3             94.5                12.8
            March 2020           2,186          29,050             28.0             95.3                13.3
            March 2021           2,104          30,601             26.9             96.2                14.5
            March 2022           1,978          29,072             25.3             94.0                14.7
            March 2023           1,848          28,350             23.6             93.4                15.3
            March 2024           1,772          27,232             22.7             95.9                15.4
 
Annual openings
Year ended: March 2009

            March 2009           6,703          30,056            100.0               _                  4.5
            March 2010           4,961          27,500             74.0             74.0                 5.5
            March 2011           4,246          27,643             63.3             85.6                 6.5
            March 2012           3,771          27,991             56.3             88.8                 7.4
            March 2013           3,457          28,467             51.6             91.7                 8.2
            March 2014           3,259          28,524             48.6             94.3                 8.8
            March 2015           3,008          28,926             44.9             92.3                 9.6
            March 2016           2,794          29,266             41.7             92.9                10.5
            March 2017           2,629          29,552             39.2             94.1                11.2
            March 2018           2,462          29,633             36.7             93.6                12.0
            March 2019           2,304          29,793             34.4             93.6                12.9
            March 2020           2,157          29,867             32.2             93.6                13.8
            March 2021           2,081          28,183             31.0             96.5                13.5
            March 2022           1,962          28,916             29.3             94.3                14.7
            March 2023           1,812          28,849             27.0             92.4                15.9
            March 2024           1,703          28,757             25.4             94.0                16.9
 
Annual openings
Year ended: March 2010

            March 2010           6,030          28,430            100.0               _                  4.7
            March 2011           4,627          27,645             76.7             76.7                 6.0
            March 2012           3,964          26,116             65.7             85.7                 6.6
            March 2013           3,532          26,337             58.6             89.1                 7.5
            March 2014           3,317          28,923             55.0             93.9                 8.7
            March 2015           3,036          28,655             50.3             91.5                 9.4
            March 2016           2,790          29,026             46.3             91.9                10.4
            March 2017           2,562          28,799             42.5             91.8                11.2
            March 2018           2,432          28,766             40.3             94.9                11.8
            March 2019           2,293          28,874             38.0             94.3                12.6
            March 2020           2,162          28,738             35.9             94.3                13.3
            March 2021           2,074          29,882             34.4             95.9                14.4
            March 2022           1,997          30,067             33.1             96.3                15.1
            March 2023           1,865          28,754             30.9             93.4                15.4
            March 2024           1,755          27,894             29.1             94.1                15.9
 
Annual openings
Year ended: March 2011

            March 2011           6,184          26,720            100.0               _                  4.3
            March 2012           4,737          27,025             76.6             76.6                 5.7
            March 2013           4,165          27,443             67.4             87.9                 6.6
            March 2014           3,847          28,147             62.2             92.4                 7.3
            March 2015           3,445          28,634             55.7             89.6                 8.3
            March 2016           3,121          28,322             50.5             90.6                 9.1
            March 2017           2,927          29,086             47.3             93.8                 9.9
            March 2018           2,774          29,182             44.9             94.8                10.5
            March 2019           2,557          29,478             41.3             92.2                11.5
            March 2020           2,362          29,547             38.2             92.4                12.5
            March 2021           2,265          30,755             36.6             95.9                13.6
            March 2022           2,154          31,193             34.8             95.1                14.5
            March 2023           2,003          29,355             32.4             93.0                14.7
            March 2024           1,863          28,737             30.1             93.0                15.4
 
Annual openings
Year ended: March 2012

            March 2012           6,670          28,678            100.0               _                  4.3
            March 2013           5,191          30,483             77.8             77.8                 5.9
            March 2014           4,666          30,375             70.0             89.9                 6.5
            March 2015           4,158          31,950             62.3             89.1                 7.7
            March 2016           3,778          32,964             56.6             90.9                 8.7
            March 2017           3,455          32,726             51.8             91.5                 9.5
            March 2018           3,227          33,574             48.4             93.4                10.4
            March 2019           2,976          32,969             44.6             92.2                11.1
            March 2020           2,796          32,451             41.9             94.0                11.6
            March 2021           2,667          30,948             40.0             95.4                11.6
            March 2022           2,466          30,773             37.0             92.5                12.5
            March 2023           2,279          29,929             34.2             92.4                13.1
            March 2024           2,149          29,257             32.2             94.3                13.6
 
Annual openings
Year ended: March 2013

            March 2013           6,794          30,063            100.0               _                  4.4
            March 2014           5,559          31,679             81.8             81.8                 5.7
            March 2015           4,784          32,381             70.4             86.1                 6.8
            March 2016           4,265          32,575             62.8             89.2                 7.6
            March 2017           3,896          33,600             57.3             91.3                 8.6
            March 2018           3,552          33,120             52.3             91.2                 9.3
            March 2019           3,272          33,355             48.2             92.1                10.2
            March 2020           3,040          32,937             44.7             92.9                10.8
            March 2021           2,903          32,069             42.7             95.5                11.0
            March 2022           2,739          33,496             40.3             94.4                12.2
            March 2023           2,546          31,573             37.5             93.0                12.4
            March 2024           2,399          30,325             35.3             94.2                12.6
 
Annual openings
Year ended: March 2014

            March 2014           6,748          27,663            100.0               _                  4.1
            March 2015           5,225          28,402             77.4             77.4                 5.4
            March 2016           4,491          30,402             66.6             86.0                 6.8
            March 2017           4,066          30,910             60.3             90.5                 7.6
            March 2018           3,677          31,442             54.5             90.4                 8.6
            March 2019           3,343          31,401             49.5             90.9                 9.4
            March 2020           3,070          30,907             45.5             91.8                10.1
            March 2021           2,937          30,277             43.5             95.7                10.3
            March 2022           2,742          31,102             40.6             93.4                11.3
            March 2023           2,517          30,339             37.3             91.8                12.1
            March 2024           2,365          30,138             35.0             94.0                12.7
 
Annual openings
Year ended: March 2015

            March 2015           8,195          33,952            100.0               _                  4.1
            March 2016           6,264          34,998             76.4             76.4                 5.6
            March 2017           5,524          36,368             67.4             88.2                 6.6
            March 2018           5,019          37,147             61.2             90.9                 7.4
            March 2019           4,552          36,687             55.5             90.7                 8.1
            March 2020           4,082          35,233             49.8             89.7                 8.6
            March 2021           3,840          34,555             46.9             94.1                 9.0
            March 2022           3,560          35,230             43.4             92.7                 9.9
            March 2023           3,291          33,711             40.2             92.4                10.2
            March 2024           3,109          32,639             37.9             94.5                10.5
 
Annual openings
Year ended: March 2016

            March 2016           8,229          33,281            100.0               _                  4.0
            March 2017           6,458          33,543             78.5             78.5                 5.2
            March 2018           5,671          34,702             68.9             87.8                 6.1
            March 2019           4,955          35,196             60.2             87.4                 7.1
            March 2020           4,482          34,218             54.5             90.5                 7.6
            March 2021           4,181          35,282             50.8             93.3                 8.4
            March 2022           3,860          35,983             46.9             92.3                 9.3
            March 2023           3,483          34,733             42.3             90.2                10.0
            March 2024           3,259          34,088             39.6             93.6                10.5
 
Annual openings
Year ended: March 2017

            March 2017           8,138          33,394            100.0               _                  4.1
            March 2018           6,444          34,867             79.2             79.2                 5.4
            March 2019           5,490          35,677             67.5             85.2                 6.5
            March 2020           4,866          34,725             59.8             88.6                 7.1
            March 2021           4,528          35,705             55.6             93.1                 7.9
            March 2022           4,148          37,057             51.0             91.6                 8.9
            March 2023           3,773          37,107             46.4             91.0                 9.8
            March 2024           3,454          36,508             42.4             91.5                10.6
 
Annual openings
Year ended: March 2018

            March 2018           9,103          38,820            100.0               _                  4.3
            March 2019           7,074          40,114             77.7             77.7                 5.7
            March 2020           6,073          40,346             66.7             85.8                 6.6
            March 2021           5,647          44,975             62.0             93.0                 8.0
            March 2022           5,094          45,518             56.0             90.2                 8.9
            March 2023           4,600          44,549             50.5             90.3                 9.7
            March 2024           4,252          44,541             46.7             92.4                10.5
 
Annual openings
Year ended: March 2019

            March 2019          10,308          45,659            100.0               _                  4.4
            March 2020           7,903          44,954             76.7             76.7                 5.7
            March 2021           7,145          47,232             69.3             90.4                 6.6
            March 2022           6,383          50,949             61.9             89.3                 8.0
            March 2023           5,655          50,251             54.9             88.6                 8.9
            March 2024           5,153          47,690             50.0             91.1                 9.3
 
Annual openings
Year ended: March 2020

            March 2020           9,901          36,855            100.0               _                  3.7
            March 2021           8,091          38,697             81.7             81.7                 4.8
            March 2022           6,950          42,054             70.2             85.9                 6.1
            March 2023           6,117          41,171             61.8             88.0                 6.7
            March 2024           5,517          41,512             55.7             90.2                 7.5
 
Annual openings
Year ended: March 2021

            March 2021          12,518          41,046            100.0               _                  3.3
            March 2022           9,485          44,600             75.8             75.8                 4.7
            March 2023           7,903          43,095             63.1             83.3                 5.5
            March 2024           6,895          42,159             55.1             87.2                 6.1
 
Annual openings
Year ended: March 2022

            March 2022          14,710          48,597            100.0               _                  3.3
            March 2023          11,186          49,771             76.0             76.0                 4.4
            March 2024           9,324          47,678             63.4             83.4                 5.1
 
Annual openings
Year ended: March 2023

            March 2023          14,651          49,365            100.0               _                  3.4
            March 2024          11,092          46,373             75.7             75.7                 4.2
 
Annual openings
Year ended: March 2024

            March 2024          13,384          47,741            100.0               _                  3.6
 
NOTE: A '_' indicates that the data are not available and a 'N' indicates that the data do not meet BLS disclosure standards.
