Table 7. Survival of private sector establishments by opening year

Total Private

Virginia

                          Surviving       Total Employment   Survival Rates   Survival Rates of   Average Employment
                          Establishments  of Survivors       Since Birth      Previous Year's     of Survivors
                                                                              Survivors

Annual openings
Year ended: March 1994

            March 1994          13,208          91,435            100.0               _                  6.9
            March 1995          10,787          90,697             81.7             81.7                 8.4
            March 1996           9,221          89,864             69.8             85.5                 9.7
            March 1997           8,605          87,302             65.1             93.3                10.1
            March 1998           7,467          93,621             56.5             86.8                12.5
            March 1999           6,859          85,647             51.9             91.9                12.5
            March 2000           6,394          84,943             48.4             93.2                13.3
            March 2001           5,917          82,867             44.8             92.5                14.0
            March 2002           5,574          79,045             42.2             94.2                14.2
            March 2003           5,247          76,128             39.7             94.1                14.5
            March 2004           4,966          75,189             37.6             94.6                15.1
            March 2005           4,728          73,666             35.8             95.2                15.6
            March 2006           4,517          73,968             34.2             95.5                16.4
            March 2007           4,303          71,355             32.6             95.3                16.6
            March 2008           4,076          69,910             30.9             94.7                17.2
            March 2009           3,816          65,003             28.9             93.6                17.0
            March 2010           3,613          63,313             27.4             94.7                17.5
            March 2011           3,398          61,168             25.7             94.0                18.0
            March 2012           3,233          59,801             24.5             95.1                18.5
            March 2013           3,089          58,282             23.4             95.5                18.9
            March 2014           2,903          57,341             22.0             94.0                19.8
            March 2015           2,768          55,952             21.0             95.3                20.2
            March 2016           2,658          55,652             20.1             96.0                20.9
            March 2017           2,501          54,552             18.9             94.1                21.8
            March 2018           2,394          54,329             18.1             95.7                22.7
            March 2019           2,308          53,788             17.5             96.4                23.3
            March 2020           2,219          53,206             16.8             96.1                24.0
            March 2021           2,100          49,888             15.9             94.6                23.8
            March 2022           2,001          49,339             15.1             95.3                24.7
            March 2023           1,920          49,941             14.5             96.0                26.0
            March 2024           1,844          48,827             14.0             96.0                26.5
 
Annual openings
Year ended: March 1995

            March 1995          14,511         110,189            100.0               _                  7.6
            March 1996          11,499         110,137             79.2             79.2                 9.6
            March 1997          10,404         108,353             71.7             90.5                10.4
            March 1998           8,863         107,397             61.1             85.2                12.1
            March 1999           8,046         105,075             55.4             90.8                13.1
            March 2000           7,396         106,397             51.0             91.9                14.4
            March 2001           6,829         103,942             47.1             92.3                15.2
            March 2002           6,444          96,960             44.4             94.4                15.0
            March 2003           5,996          91,674             41.3             93.0                15.3
            March 2004           5,646          90,073             38.9             94.2                16.0
            March 2005           5,288          89,610             36.4             93.7                16.9
            March 2006           5,011          87,653             34.5             94.8                17.5
            March 2007           4,772          84,179             32.9             95.2                17.6
            March 2008           4,481          81,133             30.9             93.9                18.1
            March 2009           4,201          75,117             29.0             93.8                17.9
            March 2010           3,966          72,219             27.3             94.4                18.2
            March 2011           3,738          69,905             25.8             94.3                18.7
            March 2012           3,580          68,531             24.7             95.8                19.1
            March 2013           3,424          67,417             23.6             95.6                19.7
            March 2014           3,273          67,342             22.6             95.6                20.6
            March 2015           3,131          66,430             21.6             95.7                21.2
            March 2016           3,000          66,220             20.7             95.8                22.1
            March 2017           2,863          65,758             19.7             95.4                23.0
            March 2018           2,737          66,205             18.9             95.6                24.2
            March 2019           2,590          64,710             17.8             94.6                25.0
            March 2020           2,480          62,954             17.1             95.8                25.4
            March 2021           2,385          58,488             16.4             96.2                24.5
            March 2022           2,276          59,200             15.7             95.4                26.0
            March 2023           2,169          57,840             14.9             95.3                26.7
            March 2024           2,051          51,001             14.1             94.6                24.9
 
Annual openings
Year ended: March 1996

            March 1996          13,450         105,399            100.0               _                  7.8
            March 1997          11,414         111,063             84.9             84.9                 9.7
            March 1998           9,247         110,116             68.8             81.0                11.9
            March 1999           8,301         107,963             61.7             89.8                13.0
            March 2000           7,519         105,182             55.9             90.6                14.0
            March 2001           6,867         102,083             51.1             91.3                14.9
            March 2002           6,246          95,721             46.4             91.0                15.3
            March 2003           5,806          90,145             43.2             93.0                15.5
            March 2004           5,483          90,217             40.8             94.4                16.5
            March 2005           5,157          87,758             38.3             94.1                17.0
            March 2006           4,956          87,369             36.8             96.1                17.6
            March 2007           4,728          83,483             35.2             95.4                17.7
            March 2008           4,378          80,594             32.6             92.6                18.4
            March 2009           4,093          75,119             30.4             93.5                18.4
            March 2010           3,814          72,019             28.4             93.2                18.9
            March 2011           3,625          71,368             27.0             95.0                19.7
            March 2012           3,481          70,243             25.9             96.0                20.2
            March 2013           3,359          69,481             25.0             96.5                20.7
            March 2014           3,240          68,644             24.1             96.5                21.2
            March 2015           3,107          68,044             23.1             95.9                21.9
            March 2016           2,981          67,122             22.2             95.9                22.5
            March 2017           2,848          66,799             21.2             95.5                23.5
            March 2018           2,729          66,189             20.3             95.8                24.3
            March 2019           2,583          65,036             19.2             94.7                25.2
            March 2020           2,517          63,748             18.7             97.4                25.3
            March 2021           2,382          60,286             17.7             94.6                25.3
            March 2022           2,285          59,618             17.0             95.9                26.1
            March 2023           2,171          59,124             16.1             95.0                27.2
            March 2024           2,078          58,541             15.4             95.7                28.2
 
Annual openings
Year ended: March 1997

            March 1997          16,469         118,530            100.0               _                  7.2
            March 1998          12,409         123,056             75.3             75.3                 9.9
            March 1999          10,845         123,911             65.9             87.4                11.4
            March 2000           9,644         125,879             58.6             88.9                13.1
            March 2001           8,737         124,454             53.1             90.6                14.2
            March 2002           7,882         112,869             47.9             90.2                14.3
            March 2003           7,267         104,858             44.1             92.2                14.4
            March 2004           6,721         103,682             40.8             92.5                15.4
            March 2005           6,249         104,234             37.9             93.0                16.7
            March 2006           5,913         101,998             35.9             94.6                17.2
            March 2007           5,563          99,276             33.8             94.1                17.8
            March 2008           5,175          95,647             31.4             93.0                18.5
            March 2009           4,821          84,956             29.3             93.2                17.6
            March 2010           4,465          80,986             27.1             92.6                18.1
            March 2011           4,261          80,160             25.9             95.4                18.8
            March 2012           4,037          79,631             24.5             94.7                19.7
            March 2013           3,881          79,426             23.6             96.1                20.5
            March 2014           3,714          77,336             22.6             95.7                20.8
            March 2015           3,578          76,802             21.7             96.3                21.5
            March 2016           3,404          75,450             20.7             95.1                22.2
            March 2017           3,272          74,325             19.9             96.1                22.7
            March 2018           3,142          73,083             19.1             96.0                23.3
            March 2019           3,037          71,901             18.4             96.7                23.7
            March 2020           2,896          69,251             17.6             95.4                23.9
            March 2021           2,799          65,384             17.0             96.7                23.4
            March 2022           2,654          65,070             16.1             94.8                24.5
            March 2023           2,528          61,907             15.4             95.3                24.5
            March 2024           2,389          60,033             14.5             94.5                25.1
 
Annual openings
Year ended: March 1998

            March 1998          15,233         116,139            100.0               _                  7.6
            March 1999          12,278         121,047             80.6             80.6                 9.9
            March 2000          10,604         123,746             69.6             86.4                11.7
            March 2001           9,341         122,775             61.3             88.1                13.1
            March 2002           8,334         113,603             54.7             89.2                13.6
            March 2003           7,602         108,647             49.9             91.2                14.3
            March 2004           7,131         108,835             46.8             93.8                15.3
            March 2005           6,660         109,098             43.7             93.4                16.4
            March 2006           6,318         109,082             41.5             94.9                17.3
            March 2007           5,903         107,788             38.8             93.4                18.3
            March 2008           5,529         103,904             36.3             93.7                18.8
            March 2009           5,098          96,758             33.5             92.2                19.0
            March 2010           4,778          93,295             31.4             93.7                19.5
            March 2011           4,466          90,633             29.3             93.5                20.3
            March 2012           4,251          90,034             27.9             95.2                21.2
            March 2013           4,022          89,266             26.4             94.6                22.2
            March 2014           3,830          87,397             25.1             95.2                22.8
            March 2015           3,723          86,942             24.4             97.2                23.4
            March 2016           3,558          86,410             23.4             95.6                24.3
            March 2017           3,433          85,712             22.5             96.5                25.0
            March 2018           3,366          84,414             22.1             98.0                25.1
            March 2019           3,181          82,957             20.9             94.5                26.1
            March 2020           3,030          80,465             19.9             95.3                26.6
            March 2021           2,889          75,956             19.0             95.3                26.3
            March 2022           2,761          73,259             18.1             95.6                26.5
            March 2023           2,660          72,825             17.5             96.3                27.4
            March 2024           2,520          72,255             16.5             94.7                28.7
 
Annual openings
Year ended: March 1999

            March 1999          15,356         115,687            100.0               _                  7.5
            March 2000          12,249         124,124             79.8             79.8                10.1
            March 2001          10,606         125,832             69.1             86.6                11.9
            March 2002           9,316         118,674             60.7             87.8                12.7
            March 2003           8,341         110,894             54.3             89.5                13.3
            March 2004           7,718         112,869             50.3             92.5                14.6
            March 2005           7,167         114,624             46.7             92.9                16.0
            March 2006           6,709         112,330             43.7             93.6                16.7
            March 2007           6,299         107,401             41.0             93.9                17.1
            March 2008           5,900         101,106             38.4             93.7                17.1
            March 2009           5,454          95,202             35.5             92.4                17.5
            March 2010           5,104          90,529             33.2             93.6                17.7
            March 2011           4,813          90,462             31.3             94.3                18.8
            March 2012           4,633          88,729             30.2             96.3                19.2
            March 2013           4,375          86,112             28.5             94.4                19.7
            March 2014           4,204          85,457             27.4             96.1                20.3
            March 2015           3,979          82,787             25.9             94.6                20.8
            March 2016           3,820          82,504             24.9             96.0                21.6
            March 2017           3,650          80,781             23.8             95.5                22.1
            March 2018           3,538          79,354             23.0             96.9                22.4
            March 2019           3,349          77,381             21.8             94.7                23.1
            March 2020           3,155          75,034             20.5             94.2                23.8
            March 2021           3,018          69,396             19.7             95.7                23.0
            March 2022           2,886          60,937             18.8             95.6                21.1
            March 2023           2,755          59,455             17.9             95.5                21.6
            March 2024           2,626          58,106             17.1             95.3                22.1
 
Annual openings
Year ended: March 2000

            March 2000          15,662         122,851            100.0               _                  7.8
            March 2001          12,452         123,952             79.5             79.5                10.0
            March 2002          10,552         110,160             67.4             84.7                10.4
            March 2003           9,373         104,556             59.8             88.8                11.2
            March 2004           8,574         103,684             54.7             91.5                12.1
            March 2005           7,772         103,294             49.6             90.6                13.3
            March 2006           7,255         104,809             46.3             93.3                14.4
            March 2007           6,753         103,273             43.1             93.1                15.3
            March 2008           6,255          99,686             39.9             92.6                15.9
            March 2009           5,781          91,723             36.9             92.4                15.9
            March 2010           5,345          86,256             34.1             92.5                16.1
            March 2011           5,043          86,881             32.2             94.3                17.2
            March 2012           4,808          84,011             30.7             95.3                17.5
            March 2013           4,543          82,188             29.0             94.5                18.1
            March 2014           4,339          80,680             27.7             95.5                18.6
            March 2015           4,443          80,214             28.4            102.4                18.1
            March 2016           4,244          78,109             27.1             95.5                18.4
            March 2017           4,055          76,685             25.9             95.5                18.9
            March 2018           3,883          77,208             24.8             95.8                19.9
            March 2019           3,715          76,316             23.7             95.7                20.5
            March 2020           3,521          74,430             22.5             94.8                21.1
            March 2021           3,377          69,991             21.6             95.9                20.7
            March 2022           3,253          70,918             20.8             96.3                21.8
            March 2023           3,090          70,262             19.7             95.0                22.7
            March 2024           2,951          69,209             18.8             95.5                23.5
 
Annual openings
Year ended: March 2001

            March 2001          15,391          98,540            100.0               _                  6.4
            March 2002          11,763          95,064             76.4             76.4                 8.1
            March 2003          10,056          91,294             65.3             85.5                 9.1
            March 2004           9,007          91,803             58.5             89.6                10.2
            March 2005           8,160          90,506             53.0             90.6                11.1
            March 2006           7,468          90,497             48.5             91.5                12.1
            March 2007           6,896          86,972             44.8             92.3                12.6
            March 2008           6,367          83,339             41.4             92.3                13.1
            March 2009           5,766          77,928             37.5             90.6                13.5
            March 2010           5,368          76,072             34.9             93.1                14.2
            March 2011           4,985          75,520             32.4             92.9                15.1
            March 2012           4,716          74,849             30.6             94.6                15.9
            March 2013           4,470          71,961             29.0             94.8                16.1
            March 2014           4,230          71,219             27.5             94.6                16.8
            March 2015           4,045          69,095             26.3             95.6                17.1
            March 2016           3,877          69,701             25.2             95.8                18.0
            March 2017           3,709          67,707             24.1             95.7                18.3
            March 2018           3,558          66,567             23.1             95.9                18.7
            March 2019           3,380          63,524             22.0             95.0                18.8
            March 2020           3,251          61,575             21.1             96.2                18.9
            March 2021           3,065          57,446             19.9             94.3                18.7
            March 2022           2,935          58,539             19.1             95.8                19.9
            March 2023           2,779          57,769             18.1             94.7                20.8
            March 2024           2,631          55,033             17.1             94.7                20.9
 
Annual openings
Year ended: March 2002

            March 2002          15,700          90,580            100.0               _                  5.8
            March 2003          12,317          90,061             78.5             78.5                 7.3
            March 2004          10,683          90,243             68.0             86.7                 8.4
            March 2005           9,477          89,199             60.4             88.7                 9.4
            March 2006           8,741          87,849             55.7             92.2                10.1
            March 2007           8,030          86,000             51.1             91.9                10.7
            March 2008           7,276          82,940             46.3             90.6                11.4
            March 2009           6,655          76,651             42.4             91.5                11.5
            March 2010           6,117          72,408             39.0             91.9                11.8
            March 2011           5,769          71,743             36.7             94.3                12.4
            March 2012           5,407          70,329             34.4             93.7                13.0
            March 2013           5,143          68,314             32.8             95.1                13.3
            March 2014           4,882          66,476             31.1             94.9                13.6
            March 2015           4,594          65,956             29.3             94.1                14.4
            March 2016           4,359          65,674             27.8             94.9                15.1
            March 2017           4,127          63,419             26.3             94.7                15.4
            March 2018           3,943          61,152             25.1             95.5                15.5
            March 2019           3,781          61,025             24.1             95.9                16.1
            March 2020           3,585          57,183             22.8             94.8                16.0
            March 2021           3,355          52,207             21.4             93.6                15.6
            March 2022           3,149          52,045             20.1             93.9                16.5
            March 2023           3,035          51,169             19.3             96.4                16.9
            March 2024           2,853          49,834             18.2             94.0                17.5
 
Annual openings
Year ended: March 2003

            March 2003          15,165          90,071            100.0               _                  5.9
            March 2004          12,125          92,421             80.0             80.0                 7.6
            March 2005          10,525          94,743             69.4             86.8                 9.0
            March 2006           9,492          94,412             62.6             90.2                 9.9
            March 2007           8,577          91,363             56.6             90.4                10.7
            March 2008           7,745          88,827             51.1             90.3                11.5
            March 2009           6,918          81,429             45.6             89.3                11.8
            March 2010           6,269          76,766             41.3             90.6                12.2
            March 2011           5,794          76,181             38.2             92.4                13.1
            March 2012           5,417          74,662             35.7             93.5                13.8
            March 2013           5,079          73,107             33.5             93.8                14.4
            March 2014           4,751          71,364             31.3             93.5                15.0
            March 2015           4,521          69,654             29.8             95.2                15.4
            March 2016           4,296          68,768             28.3             95.0                16.0
            March 2017           4,054          67,688             26.7             94.4                16.7
            March 2018           3,890          66,159             25.7             96.0                17.0
            March 2019           3,698          64,917             24.4             95.1                17.6
            March 2020           3,519          63,879             23.2             95.2                18.2
            March 2021           3,278          59,525             21.6             93.2                18.2
            March 2022           3,132          58,770             20.7             95.5                18.8
            March 2023           2,980          58,071             19.7             95.1                19.5
            March 2024           2,788          54,143             18.4             93.6                19.4
 
Annual openings
Year ended: March 2004

            March 2004          15,722          91,021            100.0               _                  5.8
            March 2005          12,594          94,393             80.1             80.1                 7.5
            March 2006          10,912          94,450             69.4             86.6                 8.7
            March 2007           9,668          92,176             61.5             88.6                 9.5
            March 2008           8,563          88,365             54.5             88.6                10.3
            March 2009           7,599          82,788             48.3             88.7                10.9
            March 2010           6,885          78,313             43.8             90.6                11.4
            March 2011           6,354          76,457             40.4             92.3                12.0
            March 2012           5,953          75,376             37.9             93.7                12.7
            March 2013           5,625          75,381             35.8             94.5                13.4
            March 2014           5,277          74,929             33.6             93.8                14.2
            March 2015           4,990          73,894             31.7             94.6                14.8
            March 2016           4,707          73,590             29.9             94.3                15.6
            March 2017           4,470          74,569             28.4             95.0                16.7
            March 2018           4,317          73,559             27.5             96.6                17.0
            March 2019           4,147          76,590             26.4             96.1                18.5
            March 2020           3,939          77,040             25.1             95.0                19.6
            March 2021           3,735          75,952             23.8             94.8                20.3
            March 2022           3,531          80,096             22.5             94.5                22.7
            March 2023           3,421          83,490             21.8             96.9                24.4
            March 2024           3,249          83,603             20.7             95.0                25.7
 
Annual openings
Year ended: March 2005

            March 2005          17,412          90,098            100.0               _                  5.2
            March 2006          13,754          94,430             79.0             79.0                 6.9
            March 2007          11,848          94,173             68.0             86.1                 7.9
            March 2008          10,256          91,348             58.9             86.6                 8.9
            March 2009           8,900          82,703             51.1             86.8                 9.3
            March 2010           7,852          79,556             45.1             88.2                10.1
            March 2011           7,270          78,687             41.8             92.6                10.8
            March 2012           6,802          76,515             39.1             93.6                11.2
            March 2013           6,302          76,736             36.2             92.6                12.2
            March 2014           5,903          75,350             33.9             93.7                12.8
            March 2015           5,527          75,590             31.7             93.6                13.7
            March 2016           5,241          75,034             30.1             94.8                14.3
            March 2017           4,938          74,460             28.4             94.2                15.1
            March 2018           4,720          73,090             27.1             95.6                15.5
            March 2019           4,486          70,480             25.8             95.0                15.7
            March 2020           4,242          68,488             24.4             94.6                16.1
            March 2021           4,061          63,587             23.3             95.7                15.7
            March 2022           3,848          64,545             22.1             94.8                16.8
            March 2023           3,619          62,268             20.8             94.0                17.2
            March 2024           3,415          60,004             19.6             94.4                17.6
 
Annual openings
Year ended: March 2006

            March 2006          17,803          89,842            100.0               _                  5.0
            March 2007          13,960          90,353             78.4             78.4                 6.5
            March 2008          11,764          84,999             66.1             84.3                 7.2
            March 2009          10,032          78,999             56.4             85.3                 7.9
            March 2010           8,726          74,480             49.0             87.0                 8.5
            March 2011           7,936          73,983             44.6             90.9                 9.3
            March 2012           7,375          74,307             41.4             92.9                10.1
            March 2013           6,812          73,261             38.3             92.4                10.8
            March 2014           6,340          71,071             35.6             93.1                11.2
            March 2015           5,911          69,547             33.2             93.2                11.8
            March 2016           5,572          68,683             31.3             94.3                12.3
            March 2017           5,245          67,783             29.5             94.1                12.9
            March 2018           4,953          66,561             27.8             94.4                13.4
            March 2019           4,748          64,642             26.7             95.9                13.6
            March 2020           4,479          63,227             25.2             94.3                14.1
            March 2021           4,316          58,754             24.2             96.4                13.6
            March 2022           3,854          56,287             21.6             89.3                14.6
            March 2023           3,834          57,696             21.5             99.5                15.0
            March 2024           3,688          56,004             20.7             96.2                15.2
 
Annual openings
Year ended: March 2007

            March 2007          18,824          88,444            100.0               _                  4.7
            March 2008          14,439          86,296             76.7             76.7                 6.0
            March 2009          12,035          80,818             63.9             83.4                 6.7
            March 2010          10,381          76,818             55.1             86.3                 7.4
            March 2011           9,501          75,820             50.5             91.5                 8.0
            March 2012           8,591          74,858             45.6             90.4                 8.7
            March 2013           7,873          75,009             41.8             91.6                 9.5
            March 2014           7,341          75,816             39.0             93.2                10.3
            March 2015           6,900          75,908             36.7             94.0                11.0
            March 2016           6,439          78,846             34.2             93.3                12.2
            March 2017           5,964          75,119             31.7             92.6                12.6
            March 2018           5,588          75,308             29.7             93.7                13.5
            March 2019           5,281          71,222             28.1             94.5                13.5
            March 2020           4,900          68,638             26.0             92.8                14.0
            March 2021           4,576          65,306             24.3             93.4                14.3
            March 2022           4,295          65,933             22.8             93.9                15.4
            March 2023           4,054          66,923             21.5             94.4                16.5
            March 2024           3,868          67,913             20.5             95.4                17.6
 
Annual openings
Year ended: March 2008

            March 2008          18,285          86,058            100.0               _                  4.7
            March 2009          13,786          78,411             75.4             75.4                 5.7
            March 2010          11,532          74,556             63.1             83.7                 6.5
            March 2011          10,133          73,016             55.4             87.9                 7.2
            March 2012           9,136          74,584             50.0             90.2                 8.2
            March 2013           8,348          74,313             45.7             91.4                 8.9
            March 2014           7,676          72,192             42.0             92.0                 9.4
            March 2015           7,105          69,966             38.9             92.6                 9.8
            March 2016           6,637          67,782             36.3             93.4                10.2
            March 2017           6,172          66,697             33.8             93.0                10.8
            March 2018           5,808          65,473             31.8             94.1                11.3
            March 2019           5,500          63,397             30.1             94.7                11.5
            March 2020           5,138          60,764             28.1             93.4                11.8
            March 2021           4,865          56,686             26.6             94.7                11.7
            March 2022           4,490          56,916             24.6             92.3                12.7
            March 2023           4,214          56,708             23.0             93.9                13.5
            March 2024           4,009          55,602             21.9             95.1                13.9
 
Annual openings
Year ended: March 2009

            March 2009          17,720          79,792            100.0               _                  4.5
            March 2010          13,657          75,714             77.1             77.1                 5.5
            March 2011          11,709          76,916             66.1             85.7                 6.6
            March 2012          10,374          75,621             58.5             88.6                 7.3
            March 2013           9,447          76,164             53.3             91.1                 8.1
            March 2014           8,518          75,070             48.1             90.2                 8.8
            March 2015           7,860          74,389             44.4             92.3                 9.5
            March 2016           7,271          75,806             41.0             92.5                10.4
            March 2017           6,699          74,913             37.8             92.1                11.2
            March 2018           6,182          73,682             34.9             92.3                11.9
            March 2019           5,741          71,959             32.4             92.9                12.5
            March 2020           5,297          68,589             29.9             92.3                12.9
            March 2021           4,967          62,640             28.0             93.8                12.6
            March 2022           4,751          62,736             26.8             95.7                13.2
            March 2023           4,418          61,562             24.9             93.0                13.9
            March 2024           4,191          61,033             23.7             94.9                14.6
 
Annual openings
Year ended: March 2010

            March 2010          15,646          67,262            100.0               _                  4.3
            March 2011          12,195          66,750             77.9             77.9                 5.5
            March 2012          10,646          67,818             68.0             87.3                 6.4
            March 2013           9,404          66,891             60.1             88.3                 7.1
            March 2014           8,423          65,669             53.8             89.6                 7.8
            March 2015           7,659          66,083             49.0             90.9                 8.6
            March 2016           6,998          65,415             44.7             91.4                 9.3
            March 2017           6,425          64,731             41.1             91.8                10.1
            March 2018           5,891          64,157             37.7             91.7                10.9
            March 2019           5,510          63,509             35.2             93.5                11.5
            March 2020           5,011          61,244             32.0             90.9                12.2
            March 2021           4,711          57,473             30.1             94.0                12.2
            March 2022           4,373          57,090             27.9             92.8                13.1
            March 2023           4,084          56,219             26.1             93.4                13.8
            March 2024           3,803          54,794             24.3             93.1                14.4
 
Annual openings
Year ended: March 2011

            March 2011          17,739          74,397            100.0               _                  4.2
            March 2012          13,844          72,779             78.0             78.0                 5.3
            March 2013          11,915          73,049             67.2             86.1                 6.1
            March 2014          10,512          71,668             59.3             88.2                 6.8
            March 2015           9,442          71,660             53.2             89.8                 7.6
            March 2016           8,596          70,751             48.5             91.0                 8.2
            March 2017           7,815          69,360             44.1             90.9                 8.9
            March 2018           7,158          67,115             40.4             91.6                 9.4
            March 2019           6,611          66,513             37.3             92.4                10.1
            March 2020           6,000          63,906             33.8             90.8                10.7
            March 2021           5,662          59,408             31.9             94.4                10.5
            March 2022           5,257          59,500             29.6             92.8                11.3
            March 2023           4,941          58,950             27.9             94.0                11.9
            March 2024           4,606          58,219             26.0             93.2                12.6
 
Annual openings
Year ended: March 2012

            March 2012          18,034          74,304            100.0               _                  4.1
            March 2013          14,098          74,094             78.2             78.2                 5.3
            March 2014          12,068          73,408             66.9             85.6                 6.1
            March 2015          10,684          72,109             59.2             88.5                 6.7
            March 2016           9,619          71,868             53.3             90.0                 7.5
            March 2017           8,660          72,158             48.0             90.0                 8.3
            March 2018           7,950          72,013             44.1             91.8                 9.1
            March 2019           7,260          69,988             40.3             91.3                 9.6
            March 2020           6,622          67,836             36.7             91.2                10.2
            March 2021           6,145          63,956             34.1             92.8                10.4
            March 2022           5,785          67,855             32.1             94.1                11.7
            March 2023           5,411          66,820             30.0             93.5                12.3
            March 2024           5,040          64,628             27.9             93.1                12.8
 
Annual openings
Year ended: March 2013

            March 2013          17,980          75,045            100.0               _                  4.2
            March 2014          13,858          74,408             77.1             77.1                 5.4
            March 2015          11,939          74,885             66.4             86.2                 6.3
            March 2016          10,604          73,806             59.0             88.8                 7.0
            March 2017           9,509          73,529             52.9             89.7                 7.7
            March 2018           8,563          72,057             47.6             90.1                 8.4
            March 2019           7,858          70,711             43.7             91.8                 9.0
            March 2020           7,201          68,943             40.1             91.6                 9.6
            March 2021           6,583          63,068             36.6             91.4                 9.6
            March 2022           6,111          63,959             34.0             92.8                10.5
            March 2023           5,696          64,876             31.7             93.2                11.4
            March 2024           5,282          62,353             29.4             92.7                11.8
 
Annual openings
Year ended: March 2014

            March 2014          14,765          59,178            100.0               _                  4.0
            March 2015          11,459          56,654             77.6             77.6                 4.9
            March 2016           9,802          56,863             66.4             85.5                 5.8
            March 2017           8,633          56,135             58.5             88.1                 6.5
            March 2018           7,668          56,075             51.9             88.8                 7.3
            March 2019           6,940          56,306             47.0             90.5                 8.1
            March 2020           6,223          55,215             42.1             89.7                 8.9
            March 2021           5,710          52,342             38.7             91.8                 9.2
            March 2022           5,251          52,229             35.6             92.0                 9.9
            March 2023           4,767          51,259             32.3             90.8                10.8
            March 2024           4,457          50,900             30.2             93.5                11.4
 
Annual openings
Year ended: March 2015

            March 2015          18,969          76,765            100.0               _                  4.0
            March 2016          14,799          77,437             78.0             78.0                 5.2
            March 2017          12,476          76,885             65.8             84.3                 6.2
            March 2018          10,883          76,355             57.4             87.2                 7.0
            March 2019           9,687          73,431             51.1             89.0                 7.6
            March 2020           8,642          71,720             45.6             89.2                 8.3
            March 2021           7,994          65,899             42.1             92.5                 8.2
            March 2022           7,359          67,515             38.8             92.1                 9.2
            March 2023           6,721          65,677             35.4             91.3                 9.8
            March 2024           6,285          63,963             33.1             93.5                10.2
 
Annual openings
Year ended: March 2016

            March 2016          23,897         107,969            100.0               _                  4.5
            March 2017          18,801         109,287             78.7             78.7                 5.8
            March 2018          16,134         110,549             67.5             85.8                 6.9
            March 2019          14,360         108,810             60.1             89.0                 7.6
            March 2020          12,778         104,985             53.5             89.0                 8.2
            March 2021          11,764          98,790             49.2             92.1                 8.4
            March 2022          10,888         102,134             45.6             92.6                 9.4
            March 2023          10,010          99,214             41.9             91.9                 9.9
            March 2024           9,229          95,397             38.6             92.2                10.3
 
Annual openings
Year ended: March 2017

            March 2017          18,132          78,653            100.0               _                  4.3
            March 2018          14,200          79,488             78.3             78.3                 5.6
            March 2019          12,780          81,635             70.5             90.0                 6.4
            March 2020          11,283          81,570             62.2             88.3                 7.2
            March 2021          10,215          78,754             56.3             90.5                 7.7
            March 2022           9,436          80,271             52.0             92.4                 8.5
            March 2023           8,554          78,278             47.2             90.7                 9.2
            March 2024           7,926          76,959             43.7             92.7                 9.7
 
Annual openings
Year ended: March 2018

            March 2018          16,758          77,169            100.0               _                  4.6
            March 2019          15,202          80,624             90.7             90.7                 5.3
            March 2020          12,871          79,383             76.8             84.7                 6.2
            March 2021          11,550          76,859             68.9             89.7                 6.7
            March 2022          10,419          79,393             62.2             90.2                 7.6
            March 2023           9,467          79,346             56.5             90.9                 8.4
            March 2024           8,655          76,274             51.6             91.4                 8.8
 
Annual openings
Year ended: March 2019

            March 2019          20,695          86,300            100.0               _                  4.2
            March 2020          15,749          83,017             76.1             76.1                 5.3
            March 2021          13,892          79,405             67.1             88.2                 5.7
            March 2022          12,285          82,604             59.4             88.4                 6.7
            March 2023          10,921          81,305             52.8             88.9                 7.4
            March 2024           9,879          80,855             47.7             90.5                 8.2
 
Annual openings
Year ended: March 2020

            March 2020          20,074          82,764            100.0               _                  4.1
            March 2021          15,945          83,402             79.4             79.4                 5.2
            March 2022          13,857          87,895             69.0             86.9                 6.3
            March 2023          12,185          88,338             60.7             87.9                 7.2
            March 2024          10,890          86,424             54.2             89.4                 7.9
 
Annual openings
Year ended: March 2021

            March 2021          21,827          76,668            100.0               _                  3.5
            March 2022          16,895          81,211             77.4             77.4                 4.8
            March 2023          14,250          80,279             65.3             84.3                 5.6
            March 2024          12,465          77,115             57.1             87.5                 6.2
 
Annual openings
Year ended: March 2022

            March 2022          26,346          90,356            100.0               _                  3.4
            March 2023          20,444          94,313             77.6             77.6                 4.6
            March 2024          17,260          92,261             65.5             84.4                 5.3
 
Annual openings
Year ended: March 2023

            March 2023          27,476          96,266            100.0               _                  3.5
            March 2024          20,762          93,143             75.6             75.6                 4.5
 
Annual openings
Year ended: March 2024

            March 2024          26,336          96,320            100.0               _                  3.7
 
NOTE: A '_' indicates that the data are not available and a 'N' indicates that the data do not meet BLS disclosure standards.
