Table 7. Survival of private sector establishments by opening year

Total Private

Vermont

                          Surviving       Total Employment   Survival Rates   Survival Rates of   Average Employment
                          Establishments  of Survivors       Since Birth      Previous Year's     of Survivors
                                                                              Survivors

Annual openings
Year ended: March 1994

            March 1994           1,383           7,718            100.0               _                  5.6
            March 1995           1,129           7,900             81.6             81.6                 7.0
            March 1996             998           7,198             72.2             88.4                 7.2
            March 1997             919           7,131             66.4             92.1                 7.8
            March 1998             844           6,835             61.0             91.8                 8.1
            March 1999             777           6,797             56.2             92.1                 8.7
            March 2000             727           6,758             52.6             93.6                 9.3
            March 2001             682           6,575             49.3             93.8                 9.6
            March 2002             632           6,305             45.7             92.7                10.0
            March 2003             589           6,053             42.6             93.2                10.3
            March 2004             562           5,844             40.6             95.4                10.4
            March 2005             539           5,790             39.0             95.9                10.7
            March 2006             527           5,747             38.1             97.8                10.9
            March 2007             501           5,675             36.2             95.1                11.3
            March 2008             467           5,437             33.8             93.2                11.6
            March 2009             434           5,166             31.4             92.9                11.9
            March 2010             425           5,036             30.7             97.9                11.8
            March 2011             408           4,881             29.5             96.0                12.0
            March 2012             396           4,834             28.6             97.1                12.2
            March 2013             376           4,651             27.2             94.9                12.4
            March 2014             358           4,764             25.9             95.2                13.3
            March 2015             352           4,624             25.5             98.3                13.1
            March 2016             337           4,715             24.4             95.7                14.0
            March 2017             321           4,656             23.2             95.3                14.5
            March 2018             317           4,652             22.9             98.8                14.7
            March 2019             301           4,615             21.8             95.0                15.3
            March 2020             280           4,609             20.2             93.0                16.5
            March 2021             266           4,185             19.2             95.0                15.7
            March 2022             261           4,157             18.9             98.1                15.9
            March 2023             246           4,014             17.8             94.3                16.3
            March 2024             230           3,907             16.6             93.5                17.0
 
Annual openings
Year ended: March 1995

            March 1995           1,367           7,834            100.0               _                  5.7
            March 1996           1,090           7,518             79.7             79.7                 6.9
            March 1997             976           7,325             71.4             89.5                 7.5
            March 1998             849           6,944             62.1             87.0                 8.2
            March 1999             777           7,053             56.8             91.5                 9.1
            March 2000             737           7,165             53.9             94.9                 9.7
            March 2001             681           7,074             49.8             92.4                10.4
            March 2002             631           6,661             46.2             92.7                10.6
            March 2003             587           6,611             42.9             93.0                11.3
            March 2004             570           6,419             41.7             97.1                11.3
            March 2005             550           6,394             40.2             96.5                11.6
            March 2006             525           6,436             38.4             95.5                12.3
            March 2007             494           6,384             36.1             94.1                12.9
            March 2008             456           6,288             33.4             92.3                13.8
            March 2009             426           5,681             31.2             93.4                13.3
            March 2010             404           5,700             29.6             94.8                14.1
            March 2011             382           5,701             27.9             94.6                14.9
            March 2012             380           5,597             27.8             99.5                14.7
            March 2013             363           5,601             26.6             95.5                15.4
            March 2014             350           5,599             25.6             96.4                16.0
            March 2015             346           5,592             25.3             98.9                16.2
            March 2016             327           5,595             23.9             94.5                17.1
            March 2017             327           5,644             23.9            100.0                17.3
            March 2018             308           5,646             22.5             94.2                18.3
            March 2019             296           5,565             21.7             96.1                18.8
            March 2020             287           4,501             21.0             97.0                15.7
            March 2021             264           4,265             19.3             92.0                16.2
            March 2022             263           4,385             19.2             99.6                16.7
            March 2023             253           4,357             18.5             96.2                17.2
            March 2024             242           4,441             17.7             95.7                18.4
 
Annual openings
Year ended: March 1996

            March 1996           1,446           8,096            100.0               _                  5.6
            March 1997           1,184           7,629             81.9             81.9                 6.4
            March 1998           1,050           7,761             72.6             88.7                 7.4
            March 1999             952           8,350             65.8             90.7                 8.8
            March 2000             875           8,464             60.5             91.9                 9.7
            March 2001             805           8,357             55.7             92.0                10.4
            March 2002             739           7,286             51.1             91.8                 9.9
            March 2003             702           6,954             48.5             95.0                 9.9
            March 2004             673           6,795             46.5             95.9                10.1
            March 2005             632           6,557             43.7             93.9                10.4
            March 2006             597           6,243             41.3             94.5                10.5
            March 2007             559           6,151             38.7             93.6                11.0
            March 2008             530           5,754             36.7             94.8                10.9
            March 2009             493           5,590             34.1             93.0                11.3
            March 2010             492           5,352             34.0             99.8                10.9
            March 2011             470           5,274             32.5             95.5                11.2
            March 2012             450           5,268             31.1             95.7                11.7
            March 2013             433           5,189             29.9             96.2                12.0
            March 2014             417           5,184             28.8             96.3                12.4
            March 2015             400           5,026             27.7             95.9                12.6
            March 2016             384           5,068             26.6             96.0                13.2
            March 2017             363           5,155             25.1             94.5                14.2
            March 2018             351           5,076             24.3             96.7                14.5
            March 2019             338           5,028             23.4             96.3                14.9
            March 2020             320           4,996             22.1             94.7                15.6
            March 2021             298           4,694             20.6             93.1                15.8
            March 2022             290           4,967             20.1             97.3                17.1
            March 2023             281           5,046             19.4             96.9                18.0
            March 2024             266           4,904             18.4             94.7                18.4
 
Annual openings
Year ended: March 1997

            March 1997           1,559           7,239            100.0               _                  4.6
            March 1998           1,259           7,238             80.8             80.8                 5.7
            March 1999           1,092           8,065             70.0             86.7                 7.4
            March 2000           1,002           7,560             64.3             91.8                 7.5
            March 2001             907           7,578             58.2             90.5                 8.4
            March 2002             812           7,034             52.1             89.5                 8.7
            March 2003             739           6,592             47.4             91.0                 8.9
            March 2004             712           6,473             45.7             96.3                 9.1
            March 2005             671           6,521             43.0             94.2                 9.7
            March 2006             645           6,301             41.4             96.1                 9.8
            March 2007             611           6,197             39.2             94.7                10.1
            March 2008             550           6,094             35.3             90.0                11.1
            March 2009             519           5,588             33.3             94.4                10.8
            March 2010             493           5,268             31.6             95.0                10.7
            March 2011             454           5,373             29.1             92.1                11.8
            March 2012             447           5,368             28.7             98.5                12.0
            March 2013             435           5,183             27.9             97.3                11.9
            March 2014             419           5,200             26.9             96.3                12.4
            March 2015             404           5,159             25.9             96.4                12.8
            March 2016             382           5,189             24.5             94.6                13.6
            March 2017             369           5,026             23.7             96.6                13.6
            March 2018             355           4,788             22.8             96.2                13.5
            March 2019             340           4,575             21.8             95.8                13.5
            March 2020             319           4,399             20.5             93.8                13.8
            March 2021             309           4,181             19.8             96.9                13.5
            March 2022             292           4,077             18.7             94.5                14.0
            March 2023             283           4,060             18.2             96.9                14.3
            March 2024             263           3,826             16.9             92.9                14.5
 
Annual openings
Year ended: March 1998

            March 1998           1,500           7,253            100.0               _                  4.8
            March 1999           1,211           7,375             80.7             80.7                 6.1
            March 2000           1,083           7,446             72.2             89.4                 6.9
            March 2001             965           7,027             64.3             89.1                 7.3
            March 2002             862           6,843             57.5             89.3                 7.9
            March 2003             807           6,474             53.8             93.6                 8.0
            March 2004             747           6,446             49.8             92.6                 8.6
            March 2005             693           6,317             46.2             92.8                 9.1
            March 2006             651           6,290             43.4             93.9                 9.7
            March 2007             621           6,037             41.4             95.4                 9.7
            March 2008             577           5,927             38.5             92.9                10.3
            March 2009             526           5,430             35.1             91.2                10.3
            March 2010             500           5,058             33.3             95.1                10.1
            March 2011             483           5,103             32.2             96.6                10.6
            March 2012             451           5,004             30.1             93.4                11.1
            March 2013             446           5,044             29.7             98.9                11.3
            March 2014             428           4,862             28.5             96.0                11.4
            March 2015             422           4,807             28.1             98.6                11.4
            March 2016             396           4,758             26.4             93.8                12.0
            March 2017             390           4,623             26.0             98.5                11.9
            March 2018             375           4,585             25.0             96.2                12.2
            March 2019             358           4,483             23.9             95.5                12.5
            March 2020             339           4,200             22.6             94.7                12.4
            March 2021             326           3,640             21.7             96.2                11.2
            March 2022             308           3,836             20.5             94.5                12.5
            March 2023             297           3,802             19.8             96.4                12.8
            March 2024             295           3,830             19.7             99.3                13.0
 
Annual openings
Year ended: March 1999

            March 1999           1,438           5,882            100.0               _                  4.1
            March 2000           1,151           5,857             80.0             80.0                 5.1
            March 2001           1,010           5,635             70.2             87.7                 5.6
            March 2002             879           5,422             61.1             87.0                 6.2
            March 2003             791           5,248             55.0             90.0                 6.6
            March 2004             733           5,170             51.0             92.7                 7.1
            March 2005             682           4,955             47.4             93.0                 7.3
            March 2006             635           4,843             44.2             93.1                 7.6
            March 2007             590           4,675             41.0             92.9                 7.9
            March 2008             559           4,631             38.9             94.7                 8.3
            March 2009             513           4,261             35.7             91.8                 8.3
            March 2010             478           4,013             33.2             93.2                 8.4
            March 2011             461           4,074             32.1             96.4                 8.8
            March 2012             439           4,018             30.5             95.2                 9.2
            March 2013             418           3,837             29.1             95.2                 9.2
            March 2014             401           3,731             27.9             95.9                 9.3
            March 2015             397           3,858             27.6             99.0                 9.7
            March 2016             376           3,681             26.1             94.7                 9.8
            March 2017             352           3,650             24.5             93.6                10.4
            March 2018             349           3,705             24.3             99.1                10.6
            March 2019             328           3,437             22.8             94.0                10.5
            March 2020             315           3,371             21.9             96.0                10.7
            March 2021             304           3,145             21.1             96.5                10.3
            March 2022             295           3,219             20.5             97.0                10.9
            March 2023             269           3,079             18.7             91.2                11.4
            March 2024             247           2,941             17.2             91.8                11.9
 
Annual openings
Year ended: March 2000

            March 2000           1,569           7,498            100.0               _                  4.8
            March 2001           1,219           7,564             77.7             77.7                 6.2
            March 2002           1,047           7,328             66.7             85.9                 7.0
            March 2003             951           7,259             60.6             90.8                 7.6
            March 2004             878           7,190             56.0             92.3                 8.2
            March 2005             806           6,771             51.4             91.8                 8.4
            March 2006             748           6,408             47.7             92.8                 8.6
            March 2007             675           5,985             43.0             90.2                 8.9
            March 2008             640           5,916             40.8             94.8                 9.2
            March 2009             592           5,872             37.7             92.5                 9.9
            March 2010             549           5,787             35.0             92.7                10.5
            March 2011             530           5,825             33.8             96.5                11.0
            March 2012             513           5,762             32.7             96.8                11.2
            March 2013             485           6,116             30.9             94.5                12.6
            March 2014             477           5,968             30.4             98.4                12.5
            March 2015             469           6,052             29.9             98.3                12.9
            March 2016             454           6,095             28.9             96.8                13.4
            March 2017             445           6,158             28.4             98.0                13.8
            March 2018             411           5,945             26.2             92.4                14.5
            March 2019             389           5,782             24.8             94.6                14.9
            March 2020             363           5,416             23.1             93.3                14.9
            March 2021             344           4,125             21.9             94.8                12.0
            March 2022             333           3,998             21.2             96.8                12.0
            March 2023             319           3,973             20.3             95.8                12.5
            March 2024             299           3,825             19.1             93.7                12.8
 
Annual openings
Year ended: March 2001

            March 2001           1,341           6,291            100.0               _                  4.7
            March 2002           1,055           5,900             78.7             78.7                 5.6
            March 2003             926           5,746             69.1             87.8                 6.2
            March 2004             842           5,597             62.8             90.9                 6.6
            March 2005             748           5,257             55.8             88.8                 7.0
            March 2006             711           5,027             53.0             95.1                 7.1
            March 2007             664           4,862             49.5             93.4                 7.3
            March 2008             622           4,763             46.4             93.7                 7.7
            March 2009             569           4,492             42.4             91.5                 7.9
            March 2010             525           4,297             39.1             92.3                 8.2
            March 2011             490           4,283             36.5             93.3                 8.7
            March 2012             459           4,056             34.2             93.7                 8.8
            March 2013             437           4,088             32.6             95.2                 9.4
            March 2014             416           4,053             31.0             95.2                 9.7
            March 2015             405           4,033             30.2             97.4                10.0
            March 2016             389           4,047             29.0             96.0                10.4
            March 2017             378           3,954             28.2             97.2                10.5
            March 2018             365           3,990             27.2             96.6                10.9
            March 2019             354           3,953             26.4             97.0                11.2
            March 2020             331           3,797             24.7             93.5                11.5
            March 2021             300           3,450             22.4             90.6                11.5
            March 2022             303           3,573             22.6            101.0                11.8
            March 2023             292           3,566             21.8             96.4                12.2
            March 2024             280           3,412             20.9             95.9                12.2
 
Annual openings
Year ended: March 2002

            March 2002           1,318           6,935            100.0               _                  5.3
            March 2003           1,043           6,907             79.1             79.1                 6.6
            March 2004             930           5,782             70.6             89.2                 6.2
            March 2005             824           7,586             62.5             88.6                 9.2
            March 2006             777           8,224             59.0             94.3                10.6
            March 2007             714           8,479             54.2             91.9                11.9
            March 2008             639           8,659             48.5             89.5                13.6
            March 2009             583           8,709             44.2             91.2                14.9
            March 2010             531           8,884             40.3             91.1                16.7
            March 2011             489           8,797             37.1             92.1                18.0
            March 2012             467           9,556             35.4             95.5                20.5
            March 2013             443           9,103             33.6             94.9                20.5
            March 2014             432           8,721             32.8             97.5                20.2
            March 2015             417           8,621             31.6             96.5                20.7
            March 2016             395           8,354             30.0             94.7                21.1
            March 2017             374           8,387             28.4             94.7                22.4
            March 2018             361           8,548             27.4             96.5                23.7
            March 2019             344           8,592             26.1             95.3                25.0
            March 2020             320           8,320             24.3             93.0                26.0
            March 2021             302           7,109             22.9             94.4                23.5
            March 2022             295           7,122             22.4             97.7                24.1
            March 2023             273           7,260             20.7             92.5                26.6
            March 2024             264           7,221             20.0             96.7                27.4
 
Annual openings
Year ended: March 2003

            March 2003           1,450           5,780            100.0               _                  4.0
            March 2004           1,146           5,639             79.0             79.0                 4.9
            March 2005           1,020           5,177             70.3             89.0                 5.1
            March 2006             955           5,086             65.9             93.6                 5.3
            March 2007             854           4,924             58.9             89.4                 5.8
            March 2008             760           4,665             52.4             89.0                 6.1
            March 2009             688           4,436             47.4             90.5                 6.4
            March 2010             634           4,366             43.7             92.2                 6.9
            March 2011             596           4,335             41.1             94.0                 7.3
            March 2012             570           4,073             39.3             95.6                 7.1
            March 2013             538           4,057             37.1             94.4                 7.5
            March 2014             517           3,992             35.7             96.1                 7.7
            March 2015             498           3,957             34.3             96.3                 7.9
            March 2016             463           3,979             31.9             93.0                 8.6
            March 2017             441           3,922             30.4             95.2                 8.9
            March 2018             425           3,844             29.3             96.4                 9.0
            March 2019             403           3,763             27.8             94.8                 9.3
            March 2020             375           3,568             25.9             93.1                 9.5
            March 2021             360           3,239             24.8             96.0                 9.0
            March 2022             347           3,275             23.9             96.4                 9.4
            March 2023             330           3,380             22.8             95.1                10.2
            March 2024             313           3,223             21.6             94.8                10.3
 
Annual openings
Year ended: March 2004

            March 2004           1,451           6,871            100.0               _                  4.7
            March 2005           1,161           5,573             80.0             80.0                 4.8
            March 2006           1,026           5,340             70.7             88.4                 5.2
            March 2007             915           5,282             63.1             89.2                 5.8
            March 2008             811           5,115             55.9             88.6                 6.3
            March 2009             730           4,487             50.3             90.0                 6.1
            March 2010             661           4,450             45.6             90.5                 6.7
            March 2011             615           4,223             42.4             93.0                 6.9
            March 2012             589           4,284             40.6             95.8                 7.3
            March 2013             552           4,272             38.0             93.7                 7.7
            March 2014             521           4,418             35.9             94.4                 8.5
            March 2015             500           4,603             34.5             96.0                 9.2
            March 2016             476           4,574             32.8             95.2                 9.6
            March 2017             450           4,515             31.0             94.5                10.0
            March 2018             432           4,238             29.8             96.0                 9.8
            March 2019             405           3,840             27.9             93.8                 9.5
            March 2020             394           3,688             27.2             97.3                 9.4
            March 2021             357           3,479             24.6             90.6                 9.7
            March 2022             347           3,335             23.9             97.2                 9.6
            March 2023             333           3,320             22.9             96.0                10.0
            March 2024             320           3,190             22.1             96.1                10.0
 
Annual openings
Year ended: March 2005

            March 2005           1,329           5,218            100.0               _                  3.9
            March 2006           1,080           4,678             81.3             81.3                 4.3
            March 2007             935           4,595             70.4             86.6                 4.9
            March 2008             801           4,081             60.3             85.7                 5.1
            March 2009             697           3,905             52.4             87.0                 5.6
            March 2010             631           4,058             47.5             90.5                 6.4
            March 2011             592           3,684             44.5             93.8                 6.2
            March 2012             543           3,636             40.9             91.7                 6.7
            March 2013             521           3,823             39.2             95.9                 7.3
            March 2014             505           3,443             38.0             96.9                 6.8
            March 2015             483           3,465             36.3             95.6                 7.2
            March 2016             467           3,324             35.1             96.7                 7.1
            March 2017             450           3,322             33.9             96.4                 7.4
            March 2018             416           3,225             31.3             92.4                 7.8
            March 2019             398           3,207             29.9             95.7                 8.1
            March 2020             374           3,065             28.1             94.0                 8.2
            March 2021             332           2,682             25.0             88.8                 8.1
            March 2022             320           2,871             24.1             96.4                 9.0
            March 2023             307           2,864             23.1             95.9                 9.3
            March 2024             304           2,669             22.9             99.0                 8.8
 
Annual openings
Year ended: March 2006

            March 2006           1,399           5,032            100.0               _                  3.6
            March 2007           1,090           4,557             77.9             77.9                 4.2
            March 2008             889           4,405             63.5             81.6                 5.0
            March 2009             769           3,910             55.0             86.5                 5.1
            March 2010             690           3,777             49.3             89.7                 5.5
            March 2011             628           3,710             44.9             91.0                 5.9
            March 2012             570           3,575             40.7             90.8                 6.3
            March 2013             538           3,537             38.5             94.4                 6.6
            March 2014             499           3,379             35.7             92.8                 6.8
            March 2015             478           3,385             34.2             95.8                 7.1
            March 2016             453           3,352             32.4             94.8                 7.4
            March 2017             431           3,182             30.8             95.1                 7.4
            March 2018             413           3,111             29.5             95.8                 7.5
            March 2019             386           2,939             27.6             93.5                 7.6
            March 2020             374           2,886             26.7             96.9                 7.7
            March 2021             346           2,664             24.7             92.5                 7.7
            March 2022             338           2,761             24.2             97.7                 8.2
            March 2023             320           2,703             22.9             94.7                 8.4
            March 2024             295           2,724             21.1             92.2                 9.2
 
Annual openings
Year ended: March 2007

            March 2007           1,251           4,209            100.0               _                  3.4
            March 2008             947           3,687             75.7             75.7                 3.9
            March 2009             803           3,456             64.2             84.8                 4.3
            March 2010             702           3,510             56.1             87.4                 5.0
            March 2011             645           3,580             51.6             91.9                 5.6
            March 2012             583           3,584             46.6             90.4                 6.1
            March 2013             551           3,475             44.0             94.5                 6.3
            March 2014             521           3,543             41.6             94.6                 6.8
            March 2015             502           3,562             40.1             96.4                 7.1
            March 2016             463           3,477             37.0             92.2                 7.5
            March 2017             434           3,450             34.7             93.7                 7.9
            March 2018             402           3,440             32.1             92.6                 8.6
            March 2019             376           3,241             30.1             93.5                 8.6
            March 2020             346           3,181             27.7             92.0                 9.2
            March 2021             323           2,814             25.8             93.4                 8.7
            March 2022             307           2,918             24.5             95.0                 9.5
            March 2023             289           2,830             23.1             94.1                 9.8
            March 2024             278           2,753             22.2             96.2                 9.9
 
Annual openings
Year ended: March 2008

            March 2008           1,537           5,894            100.0               _                  3.8
            March 2009           1,152           5,046             75.0             75.0                 4.4
            March 2010             970           4,696             63.1             84.2                 4.8
            March 2011             866           4,652             56.3             89.3                 5.4
            March 2012             795           4,418             51.7             91.8                 5.6
            March 2013             723           4,387             47.0             90.9                 6.1
            March 2014             671           4,467             43.7             92.8                 6.7
            March 2015             630           4,369             41.0             93.9                 6.9
            March 2016             586           4,309             38.1             93.0                 7.4
            March 2017             552           4,184             35.9             94.2                 7.6
            March 2018             507           4,090             33.0             91.8                 8.1
            March 2019             484           4,024             31.5             95.5                 8.3
            March 2020             446           3,799             29.0             92.1                 8.5
            March 2021             419           3,645             27.3             93.9                 8.7
            March 2022             406           3,742             26.4             96.9                 9.2
            March 2023             395           3,608             25.7             97.3                 9.1
            March 2024             368           3,538             23.9             93.2                 9.6
 
Annual openings
Year ended: March 2009

            March 2009           1,191           4,414            100.0               _                  3.7
            March 2010             925           3,686             77.7             77.7                 4.0
            March 2011             802           3,699             67.3             86.7                 4.6
            March 2012             739           3,825             62.0             92.1                 5.2
            March 2013             675           3,818             56.7             91.3                 5.7
            March 2014             622           3,728             52.2             92.1                 6.0
            March 2015             572           3,708             48.0             92.0                 6.5
            March 2016             528           3,761             44.3             92.3                 7.1
            March 2017             501           3,707             42.1             94.9                 7.4
            March 2018             477           3,568             40.1             95.2                 7.5
            March 2019             446           3,622             37.4             93.5                 8.1
            March 2020             409           3,493             34.3             91.7                 8.5
            March 2021             385           3,254             32.3             94.1                 8.5
            March 2022             363           3,534             30.5             94.3                 9.7
            March 2023             342           3,406             28.7             94.2                10.0
            March 2024             327           3,344             27.5             95.6                10.2
 
Annual openings
Year ended: March 2010

            March 2010           1,038           3,900            100.0               _                  3.8
            March 2011             796           3,755             76.7             76.7                 4.7
            March 2012             678           3,805             65.3             85.2                 5.6
            March 2013             639           3,663             61.6             94.2                 5.7
            March 2014             587           3,689             56.6             91.9                 6.3
            March 2015             532           3,455             51.3             90.6                 6.5
            March 2016             486           3,251             46.8             91.4                 6.7
            March 2017             458           3,212             44.1             94.2                 7.0
            March 2018             431           3,149             41.5             94.1                 7.3
            March 2019             415           3,301             40.0             96.3                 8.0
            March 2020             379           3,104             36.5             91.3                 8.2
            March 2021             369           3,072             35.5             97.4                 8.3
            March 2022             343           3,109             33.0             93.0                 9.1
            March 2023             333           3,147             32.1             97.1                 9.5
            March 2024             307           3,096             29.6             92.2                10.1
 
Annual openings
Year ended: March 2011

            March 2011           1,193           4,215            100.0               _                  3.5
            March 2012             964           4,588             80.8             80.8                 4.8
            March 2013             797           4,405             66.8             82.7                 5.5
            March 2014             720           4,364             60.4             90.3                 6.1
            March 2015             677           4,256             56.7             94.0                 6.3
            March 2016             613           3,979             51.4             90.5                 6.5
            March 2017             573           3,859             48.0             93.5                 6.7
            March 2018             521           3,776             43.7             90.9                 7.2
            March 2019             490           3,932             41.1             94.0                 8.0
            March 2020             451           3,584             37.8             92.0                 7.9
            March 2021             425           3,240             35.6             94.2                 7.6
            March 2022             407           3,497             34.1             95.8                 8.6
            March 2023             389           3,545             32.6             95.6                 9.1
            March 2024             356           3,568             29.8             91.5                10.0
 
Annual openings
Year ended: March 2012

            March 2012           1,265           3,963            100.0               _                  3.1
            March 2013             989           3,609             78.2             78.2                 3.6
            March 2014             863           3,708             68.2             87.3                 4.3
            March 2015             782           3,668             61.8             90.6                 4.7
            March 2016             687           3,539             54.3             87.9                 5.2
            March 2017             640           3,323             50.6             93.2                 5.2
            March 2018             585           3,208             46.2             91.4                 5.5
            March 2019             545           3,033             43.1             93.2                 5.6
            March 2020             495           3,043             39.1             90.8                 6.1
            March 2021             474           2,839             37.5             95.8                 6.0
            March 2022             446           2,813             35.3             94.1                 6.3
            March 2023             419           2,746             33.1             93.9                 6.6
            March 2024             392           2,614             31.0             93.6                 6.7
 
Annual openings
Year ended: March 2013

            March 2013           1,204           3,938            100.0               _                  3.3
            March 2014             942           4,006             78.2             78.2                 4.3
            March 2015             811           3,928             67.4             86.1                 4.8
            March 2016             688           3,828             57.1             84.8                 5.6
            March 2017             644           3,754             53.5             93.6                 5.8
            March 2018             578           3,790             48.0             89.8                 6.6
            March 2019             544           3,685             45.2             94.1                 6.8
            March 2020             509           3,604             42.3             93.6                 7.1
            March 2021             483           3,180             40.1             94.9                 6.6
            March 2022             449           3,279             37.3             93.0                 7.3
            March 2023             432           3,409             35.9             96.2                 7.9
            March 2024             408           3,232             33.9             94.4                 7.9
 
Annual openings
Year ended: March 2014

            March 2014           1,356           5,010            100.0               _                  3.7
            March 2015           1,065           4,744             78.5             78.5                 4.5
            March 2016             921           4,681             67.9             86.5                 5.1
            March 2017             827           4,663             61.0             89.8                 5.6
            March 2018             745           4,687             54.9             90.1                 6.3
            March 2019             698           4,814             51.5             93.7                 6.9
            March 2020             650           4,676             47.9             93.1                 7.2
            March 2021             599           4,094             44.2             92.2                 6.8
            March 2022             562           4,194             41.4             93.8                 7.5
            March 2023             540           4,154             39.8             96.1                 7.7
            March 2024             502           4,056             37.0             93.0                 8.1
 
Annual openings
Year ended: March 2015

            March 2015           1,419           4,796            100.0               _                  3.4
            March 2016           1,112           5,028             78.4             78.4                 4.5
            March 2017             970           4,914             68.4             87.2                 5.1
            March 2018             859           4,958             60.5             88.6                 5.8
            March 2019             771           4,928             54.3             89.8                 6.4
            March 2020             682           4,749             48.1             88.5                 7.0
            March 2021             618           4,035             43.6             90.6                 6.5
            March 2022             594           4,463             41.9             96.1                 7.5
            March 2023             554           4,595             39.0             93.3                 8.3
            March 2024             526           4,544             37.1             94.9                 8.6
 
Annual openings
Year ended: March 2016

            March 2016           1,435           4,606            100.0               _                  3.2
            March 2017           1,128           4,262             78.6             78.6                 3.8
            March 2018             973           4,161             67.8             86.3                 4.3
            March 2019             872           4,108             60.8             89.6                 4.7
            March 2020             788           4,244             54.9             90.4                 5.4
            March 2021             710           3,777             49.5             90.1                 5.3
            March 2022             646           4,037             45.0             91.0                 6.2
            March 2023             598           4,031             41.7             92.6                 6.7
            March 2024             548           3,891             38.2             91.6                 7.1
 
Annual openings
Year ended: March 2017

            March 2017           1,474           4,621            100.0               _                  3.1
            March 2018           1,182           4,445             80.2             80.2                 3.8
            March 2019           1,030           4,253             69.9             87.1                 4.1
            March 2020             883           4,081             59.9             85.7                 4.6
            March 2021             780           3,617             52.9             88.3                 4.6
            March 2022             721           3,931             48.9             92.4                 5.5
            March 2023             645           3,840             43.8             89.5                 6.0
            March 2024             602           3,760             40.8             93.3                 6.2
 
Annual openings
Year ended: March 2018

            March 2018           1,486           4,674            100.0               _                  3.1
            March 2019           1,162           4,476             78.2             78.2                 3.9
            March 2020             976           4,127             65.7             84.0                 4.2
            March 2021             881           4,196             59.3             90.3                 4.8
            March 2022             810           4,412             54.5             91.9                 5.4
            March 2023             748           4,166             50.3             92.3                 5.6
            March 2024             692           4,159             46.6             92.5                 6.0
 
Annual openings
Year ended: March 2019

            March 2019           1,626           4,972            100.0               _                  3.1
            March 2020           1,270           4,600             78.1             78.1                 3.6
            March 2021           1,106           4,448             68.0             87.1                 4.0
            March 2022           1,012           4,827             62.2             91.5                 4.8
            March 2023             922           4,952             56.7             91.1                 5.4
            March 2024             835           4,794             51.4             90.6                 5.7
 
Annual openings
Year ended: March 2020

            March 2020           1,407           3,827            100.0               _                  2.7
            March 2021           1,107           3,660             78.7             78.7                 3.3
            March 2022             961           3,813             68.3             86.8                 4.0
            March 2023             831           3,550             59.1             86.5                 4.3
            March 2024             746           3,426             53.0             89.8                 4.6
 
Annual openings
Year ended: March 2021

            March 2021           1,580           4,066            100.0               _                  2.6
            March 2022           1,175           4,134             74.4             74.4                 3.5
            March 2023           1,013           3,889             64.1             86.2                 3.8
            March 2024             889           3,684             56.3             87.8                 4.1
 
Annual openings
Year ended: March 2022

            March 2022           3,303           6,824            100.0               _                  2.1
            March 2023           2,490           6,611             75.4             75.4                 2.7
            March 2024           2,043           6,148             61.9             82.0                 3.0
 
Annual openings
Year ended: March 2023

            March 2023           3,359           8,239            100.0               _                  2.5
            March 2024           2,551           7,665             75.9             75.9                 3.0
 
Annual openings
Year ended: March 2024

            March 2024           2,843           7,115            100.0               _                  2.5
 
NOTE: A '_' indicates that the data are not available and a 'N' indicates that the data do not meet BLS disclosure standards.
