Table 7. Survival of private sector establishments by opening year

Total Private

Wisconsin

                          Surviving       Total Employment   Survival Rates   Survival Rates of   Average Employment
                          Establishments  of Survivors       Since Birth      Previous Year's     of Survivors
                                                                              Survivors

Annual openings
Year ended: March 1994

            March 1994           8,789          66,679            100.0               _                  7.6
            March 1995           7,144          64,511             81.3             81.3                 9.0
            March 1996           6,404          64,864             72.9             89.6                10.1
            March 1997           5,870          64,053             66.8             91.7                10.9
            March 1998           5,342          62,696             60.8             91.0                11.7
            March 1999           4,979          63,514             56.7             93.2                12.8
            March 2000           4,630          64,695             52.7             93.0                14.0
            March 2001           4,335          63,770             49.3             93.6                14.7
            March 2002           4,112          59,191             46.8             94.9                14.4
            March 2003           3,908          57,670             44.5             95.0                14.8
            March 2004           3,710          55,812             42.2             94.9                15.0
            March 2005           3,534          55,521             40.2             95.3                15.7
            March 2006           3,379          54,729             38.4             95.6                16.2
            March 2007           3,272          53,750             37.2             96.8                16.4
            March 2008           3,096          52,131             35.2             94.6                16.8
            March 2009           2,884          46,921             32.8             93.2                16.3
            March 2010           2,725          44,158             31.0             94.5                16.2
            March 2011           2,587          44,421             29.4             94.9                17.2
            March 2012           2,507          44,136             28.5             96.9                17.6
            March 2013           2,424          43,879             27.6             96.7                18.1
            March 2014           2,337          43,755             26.6             96.4                18.7
            March 2015           2,257          42,872             25.7             96.6                19.0
            March 2016           2,187          42,242             24.9             96.9                19.3
            March 2017           2,106          41,623             24.0             96.3                19.8
            March 2018           2,012          41,818             22.9             95.5                20.8
            March 2019           1,951          41,032             22.2             97.0                21.0
            March 2020           1,898          39,978             21.6             97.3                21.1
            March 2021           1,820          36,988             20.7             95.9                20.3
            March 2022           1,734          40,701             19.7             95.3                23.5
            March 2023           1,655          39,946             18.8             95.4                24.1
            March 2024           1,589          37,896             18.1             96.0                23.8
 
Annual openings
Year ended: March 1995

            March 1995           9,049          74,519            100.0               _                  8.2
            March 1996           7,374          71,547             81.5             81.5                 9.7
            March 1997           6,554          71,363             72.4             88.9                10.9
            March 1998           5,917          70,437             65.4             90.3                11.9
            March 1999           5,541          68,763             61.2             93.6                12.4
            March 2000           5,163          67,335             57.1             93.2                13.0
            March 2001           4,715          63,495             52.1             91.3                13.5
            March 2002           4,366          60,047             48.2             92.6                13.8
            March 2003           4,148          58,104             45.8             95.0                14.0
            March 2004           4,026          56,570             44.5             97.1                14.1
            March 2005           3,845          56,912             42.5             95.5                14.8
            March 2006           3,666          56,857             40.5             95.3                15.5
            March 2007           3,475          57,090             38.4             94.8                16.4
            March 2008           3,257          55,425             36.0             93.7                17.0
            March 2009           3,043          51,495             33.6             93.4                16.9
            March 2010           2,878          49,777             31.8             94.6                17.3
            March 2011           2,749          49,744             30.4             95.5                18.1
            March 2012           2,681          49,957             29.6             97.5                18.6
            March 2013           2,583          49,896             28.5             96.3                19.3
            March 2014           2,528          49,506             27.9             97.9                19.6
            March 2015           2,448          49,593             27.1             96.8                20.3
            March 2016           2,380          48,892             26.3             97.2                20.5
            March 2017           2,303          47,966             25.5             96.8                20.8
            March 2018           2,243          47,563             24.8             97.4                21.2
            March 2019           2,173          46,781             24.0             96.9                21.5
            March 2020           2,097          46,180             23.2             96.5                22.0
            March 2021           2,020          44,245             22.3             96.3                21.9
            March 2022           1,925          41,452             21.3             95.3                21.5
            March 2023           1,842          40,738             20.4             95.7                22.1
            March 2024           1,772          40,264             19.6             96.2                22.7
 
Annual openings
Year ended: March 1996

            March 1996           8,357          71,951            100.0               _                  8.6
            March 1997           6,857          69,438             82.1             82.1                10.1
            March 1998           5,997          70,766             71.8             87.5                11.8
            March 1999           5,591          72,118             66.9             93.2                12.9
            March 2000           5,160          71,843             61.7             92.3                13.9
            March 2001           4,774          68,917             57.1             92.5                14.4
            March 2002           4,457          66,167             53.3             93.4                14.8
            March 2003           4,220          64,546             50.5             94.7                15.3
            March 2004           4,028          63,622             48.2             95.5                15.8
            March 2005           3,878          62,668             46.4             96.3                16.2
            March 2006           3,719          61,959             44.5             95.9                16.7
            March 2007           3,510          60,726             42.0             94.4                17.3
            March 2008           3,294          58,531             39.4             93.8                17.8
            March 2009           3,103          54,944             37.1             94.2                17.7
            March 2010           3,002          53,984             35.9             96.7                18.0
            March 2011           2,896          53,558             34.7             96.5                18.5
            March 2012           2,818          52,763             33.7             97.3                18.7
            March 2013           2,699          52,005             32.3             95.8                19.3
            March 2014           2,657          51,001             31.8             98.4                19.2
            March 2015           2,549          50,193             30.5             95.9                19.7
            March 2016           2,446          49,674             29.3             96.0                20.3
            March 2017           2,365          49,019             28.3             96.7                20.7
            March 2018           2,262          47,104             27.1             95.6                20.8
            March 2019           2,235          46,936             26.7             98.8                21.0
            March 2020           2,141          45,744             25.6             95.8                21.4
            March 2021           2,074          42,545             24.8             96.9                20.5
            March 2022           2,000          42,896             23.9             96.4                21.4
            March 2023           1,916          42,192             22.9             95.8                22.0
            March 2024           1,838          41,282             22.0             95.9                22.5
 
Annual openings
Year ended: March 1997

            March 1997           8,311          74,528            100.0               _                  9.0
            March 1998           6,696          73,488             80.6             80.6                11.0
            March 1999           6,179          72,828             74.3             92.3                11.8
            March 2000           5,690          70,208             68.5             92.1                12.3
            March 2001           5,184          68,926             62.4             91.1                13.3
            March 2002           4,791          63,528             57.6             92.4                13.3
            March 2003           4,568          61,849             55.0             95.3                13.5
            March 2004           4,359          62,011             52.4             95.4                14.2
            March 2005           4,156          62,516             50.0             95.3                15.0
            March 2006           3,933          62,775             47.3             94.6                16.0
            March 2007           3,721          61,266             44.8             94.6                16.5
            March 2008           3,482          61,235             41.9             93.6                17.6
            March 2009           3,236          56,418             38.9             92.9                17.4
            March 2010           3,065          54,482             36.9             94.7                17.8
            March 2011           2,914          54,134             35.1             95.1                18.6
            March 2012           2,853          53,727             34.3             97.9                18.8
            March 2013           2,751          53,199             33.1             96.4                19.3
            March 2014           2,667          53,236             32.1             96.9                20.0
            March 2015           2,568          52,036             30.9             96.3                20.3
            March 2016           2,496          51,682             30.0             97.2                20.7
            March 2017           2,437          51,676             29.3             97.6                21.2
            March 2018           2,354          50,890             28.3             96.6                21.6
            March 2019           2,272          50,142             27.3             96.5                22.1
            March 2020           2,195          48,950             26.4             96.6                22.3
            March 2021           2,080          45,333             25.0             94.8                21.8
            March 2022           2,003          45,052             24.1             96.3                22.5
            March 2023           1,989          43,144             23.9             99.3                21.7
            March 2024           1,904          42,374             22.9             95.7                22.3
 
Annual openings
Year ended: March 1998

            March 1998           8,277          77,018            100.0               _                  9.3
            March 1999           7,152          76,076             86.4             86.4                10.6
            March 2000           6,404          77,593             77.4             89.5                12.1
            March 2001           5,775          73,123             69.8             90.2                12.7
            March 2002           5,222          69,621             63.1             90.4                13.3
            March 2003           4,893          69,071             59.1             93.7                14.1
            March 2004           4,600          68,617             55.6             94.0                14.9
            March 2005           4,345          69,329             52.5             94.5                16.0
            March 2006           4,117          67,812             49.7             94.8                16.5
            March 2007           3,900          67,919             47.1             94.7                17.4
            March 2008           3,602          66,763             43.5             92.4                18.5
            March 2009           3,336          62,468             40.3             92.6                18.7
            March 2010           3,269          61,479             39.5             98.0                18.8
            March 2011           3,100          61,805             37.5             94.8                19.9
            March 2012           3,004          62,254             36.3             96.9                20.7
            March 2013           2,910          60,875             35.2             96.9                20.9
            March 2014           2,830          60,836             34.2             97.3                21.5
            March 2015           2,694          60,134             32.5             95.2                22.3
            March 2016           2,623          58,051             31.7             97.4                22.1
            March 2017           2,568          58,704             31.0             97.9                22.9
            March 2018           2,481          58,021             30.0             96.6                23.4
            March 2019           2,378          57,008             28.7             95.8                24.0
            March 2020           2,295          56,094             27.7             96.5                24.4
            March 2021           2,238          54,047             27.0             97.5                24.1
            March 2022           2,159          54,465             26.1             96.5                25.2
            March 2023           2,066          53,719             25.0             95.7                26.0
            March 2024           1,960          51,541             23.7             94.9                26.3
 
Annual openings
Year ended: March 1999

            March 1999           8,779          66,948            100.0               _                  7.6
            March 2000           7,341          72,834             83.6             83.6                 9.9
            March 2001           6,402          70,169             72.9             87.2                11.0
            March 2002           5,809          66,452             66.2             90.7                11.4
            March 2003           5,301          64,167             60.4             91.3                12.1
            March 2004           4,942          63,464             56.3             93.2                12.8
            March 2005           4,620          63,458             52.6             93.5                13.7
            March 2006           4,382          63,988             49.9             94.8                14.6
            March 2007           4,107          62,251             46.8             93.7                15.2
            March 2008           3,826          60,721             43.6             93.2                15.9
            March 2009           3,608          57,332             41.1             94.3                15.9
            March 2010           3,379          55,673             38.5             93.7                16.5
            March 2011           3,238          57,944             36.9             95.8                17.9
            March 2012           3,104          58,788             35.4             95.9                18.9
            March 2013           3,014          59,021             34.3             97.1                19.6
            March 2014           2,974          59,979             33.9             98.7                20.2
            March 2015           2,909          61,010             33.1             97.8                21.0
            March 2016           2,797          59,832             31.9             96.1                21.4
            March 2017           2,720          59,486             31.0             97.2                21.9
            March 2018           2,626          58,445             29.9             96.5                22.3
            March 2019           2,545          56,686             29.0             96.9                22.3
            March 2020           2,470          54,415             28.1             97.1                22.0
            March 2021           2,346          51,856             26.7             95.0                22.1
            March 2022           2,272          51,649             25.9             96.8                22.7
            March 2023           2,176          49,881             24.8             95.8                22.9
            March 2024           2,092          47,389             23.8             96.1                22.7
 
Annual openings
Year ended: March 2000

            March 2000           8,504          58,964            100.0               _                  6.9
            March 2001           6,871          59,784             80.8             80.8                 8.7
            March 2002           5,944          60,330             69.9             86.5                10.1
            March 2003           5,393          59,258             63.4             90.7                11.0
            March 2004           4,973          59,259             58.5             92.2                11.9
            March 2005           4,673          59,514             55.0             94.0                12.7
            March 2006           4,355          59,331             51.2             93.2                13.6
            March 2007           4,094          58,186             48.1             94.0                14.2
            March 2008           3,803          57,143             44.7             92.9                15.0
            March 2009           3,505          52,577             41.2             92.2                15.0
            March 2010           3,335          51,481             39.2             95.1                15.4
            March 2011           3,155          51,111             37.1             94.6                16.2
            March 2012           3,014          50,514             35.4             95.5                16.8
            March 2013           2,871          50,809             33.8             95.3                17.7
            March 2014           2,749          50,353             32.3             95.8                18.3
            March 2015           2,642          50,577             31.1             96.1                19.1
            March 2016           2,559          50,511             30.1             96.9                19.7
            March 2017           2,476          50,184             29.1             96.8                20.3
            March 2018           2,405          50,575             28.3             97.1                21.0
            March 2019           2,378          50,173             28.0             98.9                21.1
            March 2020           2,298          50,388             27.0             96.6                21.9
            March 2021           2,187          48,536             25.7             95.2                22.2
            March 2022           2,087          48,882             24.5             95.4                23.4
            March 2023           2,007          49,318             23.6             96.2                24.6
            March 2024           1,942          48,078             22.8             96.8                24.8
 
Annual openings
Year ended: March 2001

            March 2001           7,943          49,080            100.0               _                  6.2
            March 2002           6,434          48,840             81.0             81.0                 7.6
            March 2003           5,725          46,521             72.1             89.0                 8.1
            March 2004           5,312          47,961             66.9             92.8                 9.0
            March 2005           4,929          48,194             62.1             92.8                 9.8
            March 2006           4,598          47,637             57.9             93.3                10.4
            March 2007           4,272          46,918             53.8             92.9                11.0
            March 2008           3,959          45,510             49.8             92.7                11.5
            March 2009           3,668          43,050             46.2             92.6                11.7
            March 2010           3,435          41,075             43.2             93.6                12.0
            March 2011           3,212          40,409             40.4             93.5                12.6
            March 2012           3,062          39,724             38.5             95.3                13.0
            March 2013           2,924          38,688             36.8             95.5                13.2
            March 2014           2,812          37,929             35.4             96.2                13.5
            March 2015           2,717          37,956             34.2             96.6                14.0
            March 2016           2,607          37,237             32.8             96.0                14.3
            March 2017           2,520          37,881             31.7             96.7                15.0
            March 2018           2,445          38,250             30.8             97.0                15.6
            March 2019           2,343          37,347             29.5             95.8                15.9
            March 2020           2,249          36,277             28.3             96.0                16.1
            March 2021           2,147          34,299             27.0             95.5                16.0
            March 2022           2,084          34,868             26.2             97.1                16.7
            March 2023           1,976          34,853             24.9             94.8                17.6
            March 2024           1,915          33,046             24.1             96.9                17.3
 
Annual openings
Year ended: March 2002

            March 2002           8,510          60,827            100.0               _                  7.1
            March 2003           7,052          60,587             82.9             82.9                 8.6
            March 2004           6,299          62,349             74.0             89.3                 9.9
            March 2005           5,759          61,427             67.7             91.4                10.7
            March 2006           5,305          58,993             62.3             92.1                11.1
            March 2007           4,894          57,034             57.5             92.3                11.7
            March 2008           4,509          54,788             53.0             92.1                12.2
            March 2009           4,163          51,554             48.9             92.3                12.4
            March 2010           3,886          50,693             45.7             93.3                13.0
            March 2011           3,627          50,937             42.6             93.3                14.0
            March 2012           3,483          50,235             40.9             96.0                14.4
            March 2013           3,358          48,751             39.5             96.4                14.5
            March 2014           3,229          47,775             37.9             96.2                14.8
            March 2015           3,165          47,401             37.2             98.0                15.0
            March 2016           3,051          47,347             35.9             96.4                15.5
            March 2017           2,930          46,761             34.4             96.0                16.0
            March 2018           2,833          45,971             33.3             96.7                16.2
            March 2019           2,663          45,076             31.3             94.0                16.9
            March 2020           2,579          44,458             30.3             96.8                17.2
            March 2021           2,495          42,242             29.3             96.7                16.9
            March 2022           2,458          42,214             28.9             98.5                17.2
            March 2023           2,832          40,548             33.3            115.2                14.3
            March 2024           2,204          36,720             25.9             77.8                16.7
 
Annual openings
Year ended: March 2003

            March 2003           7,862          51,462            100.0               _                  6.5
            March 2004           6,539          51,642             83.2             83.2                 7.9
            March 2005           5,886          51,983             74.9             90.0                 8.8
            March 2006           5,357          51,824             68.1             91.0                 9.7
            March 2007           4,884          51,231             62.1             91.2                10.5
            March 2008           4,398          49,676             55.9             90.0                11.3
            March 2009           3,976          46,275             50.6             90.4                11.6
            March 2010           3,716          44,663             47.3             93.5                12.0
            March 2011           3,440          45,595             43.8             92.6                13.3
            March 2012           3,258          44,976             41.4             94.7                13.8
            March 2013           3,150          45,069             40.1             96.7                14.3
            March 2014           3,043          45,490             38.7             96.6                14.9
            March 2015           2,939          45,973             37.4             96.6                15.6
            March 2016           2,838          45,679             36.1             96.6                16.1
            March 2017           2,732          45,049             34.7             96.3                16.5
            March 2018           2,645          45,083             33.6             96.8                17.0
            March 2019           2,521          44,415             32.1             95.3                17.6
            March 2020           2,432          42,777             30.9             96.5                17.6
            March 2021           2,341          40,115             29.8             96.3                17.1
            March 2022           2,258          41,592             28.7             96.5                18.4
            March 2023           2,139          40,553             27.2             94.7                19.0
            March 2024           2,040          39,453             25.9             95.4                19.3
 
Annual openings
Year ended: March 2004

            March 2004           7,983          48,502            100.0               _                  6.1
            March 2005           6,596          49,387             82.6             82.6                 7.5
            March 2006           5,904          50,018             74.0             89.5                 8.5
            March 2007           5,327          48,993             66.7             90.2                 9.2
            March 2008           4,828          48,432             60.5             90.6                10.0
            March 2009           4,350          43,574             54.5             90.1                10.0
            March 2010           3,996          42,471             50.1             91.9                10.6
            March 2011           3,719          43,172             46.6             93.1                11.6
            March 2012           3,493          41,841             43.8             93.9                12.0
            March 2013           3,317          41,153             41.6             95.0                12.4
            March 2014           3,149          40,671             39.4             94.9                12.9
            March 2015           2,954          39,889             37.0             93.8                13.5
            March 2016           2,849          40,367             35.7             96.4                14.2
            March 2017           2,703          40,090             33.9             94.9                14.8
            March 2018           2,609          39,445             32.7             96.5                15.1
            March 2019           2,481          38,043             31.1             95.1                15.3
            March 2020           2,369          37,027             29.7             95.5                15.6
            March 2021           2,296          35,096             28.8             96.9                15.3
            March 2022           2,198          36,322             27.5             95.7                16.5
            March 2023           2,098          36,609             26.3             95.5                17.4
            March 2024           2,044          35,979             25.6             97.4                17.6
 
Annual openings
Year ended: March 2005

            March 2005           8,574          49,446            100.0               _                  5.8
            March 2006           7,076          49,926             82.5             82.5                 7.1
            March 2007           6,312          49,799             73.6             89.2                 7.9
            March 2008           5,601          49,012             65.3             88.7                 8.8
            March 2009           4,981          45,064             58.1             88.9                 9.0
            March 2010           4,534          43,470             52.9             91.0                 9.6
            March 2011           4,184          43,652             48.8             92.3                10.4
            March 2012           3,935          43,141             45.9             94.0                11.0
            March 2013           3,744          42,760             43.7             95.1                11.4
            March 2014           3,553          43,009             41.4             94.9                12.1
            March 2015           3,407          41,944             39.7             95.9                12.3
            March 2016           3,251          41,347             37.9             95.4                12.7
            March 2017           3,134          40,872             36.6             96.4                13.0
            March 2018           3,017          40,138             35.2             96.3                13.3
            March 2019           2,911          39,250             34.0             96.5                13.5
            March 2020           2,791          38,579             32.6             95.9                13.8
            March 2021           2,655          35,340             31.0             95.1                13.3
            March 2022           2,545          35,027             29.7             95.9                13.8
            March 2023           2,434          35,164             28.4             95.6                14.4
            March 2024           2,329          34,767             27.2             95.7                14.9
 
Annual openings
Year ended: March 2006

            March 2006           8,488          48,273            100.0               _                  5.7
            March 2007           6,943          48,355             81.8             81.8                 7.0
            March 2008           6,068          46,753             71.5             87.4                 7.7
            March 2009           5,289          43,235             62.3             87.2                 8.2
            March 2010           4,808          40,853             56.6             90.9                 8.5
            March 2011           4,392          40,282             51.7             91.3                 9.2
            March 2012           4,124          39,412             48.6             93.9                 9.6
            March 2013           3,843          39,097             45.3             93.2                10.2
            March 2014           3,618          39,100             42.6             94.1                10.8
            March 2015           3,435          38,998             40.5             94.9                11.4
            March 2016           3,297          38,562             38.8             96.0                11.7
            March 2017           3,168          39,088             37.3             96.1                12.3
            March 2018           3,004          38,717             35.4             94.8                12.9
            March 2019           2,884          38,204             34.0             96.0                13.2
            March 2020           2,762          37,653             32.5             95.8                13.6
            March 2021           2,654          35,312             31.3             96.1                13.3
            March 2022           2,542          36,277             29.9             95.8                14.3
            March 2023           2,418          36,138             28.5             95.1                14.9
            March 2024           2,342          34,918             27.6             96.9                14.9
 
Annual openings
Year ended: March 2007

            March 2007           8,452          46,105            100.0               _                  5.5
            March 2008           6,747          45,146             79.8             79.8                 6.7
            March 2009           5,842          42,217             69.1             86.6                 7.2
            March 2010           5,168          39,710             61.1             88.5                 7.7
            March 2011           4,734          39,165             56.0             91.6                 8.3
            March 2012           4,350          38,750             51.5             91.9                 8.9
            March 2013           4,042          38,401             47.8             92.9                 9.5
            March 2014           3,810          38,052             45.1             94.3                10.0
            March 2015           3,654          38,015             43.2             95.9                10.4
            March 2016           3,501          38,313             41.4             95.8                10.9
            March 2017           3,331          37,629             39.4             95.1                11.3
            March 2018           3,222          37,159             38.1             96.7                11.5
            March 2019           3,040          36,454             36.0             94.4                12.0
            March 2020           2,909          35,370             34.4             95.7                12.2
            March 2021           2,821          33,879             33.4             97.0                12.0
            March 2022           2,681          33,995             31.7             95.0                12.7
            March 2023           2,546          33,777             30.1             95.0                13.3
            March 2024           2,432          33,197             28.8             95.5                13.7
 
Annual openings
Year ended: March 2008

            March 2008           7,404          39,223            100.0               _                  5.3
            March 2009           5,755          36,398             77.7             77.7                 6.3
            March 2010           5,123          34,946             69.2             89.0                 6.8
            March 2011           4,635          33,778             62.6             90.5                 7.3
            March 2012           4,244          33,747             57.3             91.6                 8.0
            March 2013           3,955          33,429             53.4             93.2                 8.5
            March 2014           3,709          33,659             50.1             93.8                 9.1
            March 2015           3,506          34,010             47.4             94.5                 9.7
            March 2016           3,301          34,522             44.6             94.2                10.5
            March 2017           3,177          34,723             42.9             96.2                10.9
            March 2018           3,006          34,263             40.6             94.6                11.4
            March 2019           2,853          33,333             38.5             94.9                11.7
            March 2020           2,703          32,871             36.5             94.7                12.2
            March 2021           2,632          31,452             35.5             97.4                11.9
            March 2022           2,535          32,429             34.2             96.3                12.8
            March 2023           2,423          32,650             32.7             95.6                13.5
            March 2024           2,305          32,329             31.1             95.1                14.0
 
Annual openings
Year ended: March 2009

            March 2009           7,543          37,123            100.0               _                  4.9
            March 2010           6,067          35,739             80.4             80.4                 5.9
            March 2011           5,392          35,992             71.5             88.9                 6.7
            March 2012           4,940          37,760             65.5             91.6                 7.6
            March 2013           4,526          36,990             60.0             91.6                 8.2
            March 2014           4,191          37,346             55.6             92.6                 8.9
            March 2015           3,887          36,548             51.5             92.7                 9.4
            March 2016           3,633          37,038             48.2             93.5                10.2
            March 2017           3,416          37,571             45.3             94.0                11.0
            March 2018           3,261          37,731             43.2             95.5                11.6
            March 2019           3,053          37,972             40.5             93.6                12.4
            March 2020           2,945          37,436             39.0             96.5                12.7
            March 2021           2,871          35,943             38.1             97.5                12.5
            March 2022           2,711          36,939             35.9             94.4                13.6
            March 2023           2,568          36,153             34.0             94.7                14.1
            March 2024           2,465          35,461             32.7             96.0                14.4
 
Annual openings
Year ended: March 2010

            March 2010           6,376          31,803            100.0               _                  5.0
            March 2011           5,158          31,707             80.9             80.9                 6.1
            March 2012           4,577          32,059             71.8             88.7                 7.0
            March 2013           4,181          32,892             65.6             91.3                 7.9
            March 2014           3,875          33,314             60.8             92.7                 8.6
            March 2015           3,594          33,034             56.4             92.7                 9.2
            March 2016           3,333          32,409             52.3             92.7                 9.7
            March 2017           3,170          32,724             49.7             95.1                10.3
            March 2018           3,020          32,629             47.4             95.3                10.8
            March 2019           2,880          32,103             45.2             95.4                11.1
            March 2020           2,741          31,875             43.0             95.2                11.6
            March 2021           2,619          29,071             41.1             95.5                11.1
            March 2022           2,541          30,033             39.9             97.0                11.8
            March 2023           2,392          28,836             37.5             94.1                12.1
            March 2024           2,273          28,476             35.6             95.0                12.5
 
Annual openings
Year ended: March 2011

            March 2011           7,051          37,438            100.0               _                  5.3
            March 2012           5,785          38,514             82.0             82.0                 6.7
            March 2013           5,132          38,818             72.8             88.7                 7.6
            March 2014           4,669          39,040             66.2             91.0                 8.4
            March 2015           4,269          39,654             60.5             91.4                 9.3
            March 2016           3,973          39,301             56.3             93.1                 9.9
            March 2017           3,744          38,884             53.1             94.2                10.4
            March 2018           3,555          38,910             50.4             95.0                10.9
            March 2019           3,314          37,527             47.0             93.2                11.3
            March 2020           3,208          36,896             45.5             96.8                11.5
            March 2021           3,089          35,163             43.8             96.3                11.4
            March 2022           2,915          35,777             41.3             94.4                12.3
            March 2023           2,754          34,388             39.1             94.5                12.5
            March 2024           2,619          33,558             37.1             95.1                12.8
 
Annual openings
Year ended: March 2012

            March 2012           8,199          36,642            100.0               _                  4.5
            March 2013           6,590          37,751             80.4             80.4                 5.7
            March 2014           5,907          38,969             72.0             89.6                 6.6
            March 2015           5,326          39,345             65.0             90.2                 7.4
            March 2016           4,834          39,624             59.0             90.8                 8.2
            March 2017           4,521          41,137             55.1             93.5                 9.1
            March 2018           4,232          40,477             51.6             93.6                 9.6
            March 2019           3,957          40,714             48.3             93.5                10.3
            March 2020           3,964          39,704             48.3            100.2                10.0
            March 2021           3,760          36,995             45.9             94.9                 9.8
            March 2022           3,516          37,827             42.9             93.5                10.8
            March 2023           3,297          37,494             40.2             93.8                11.4
            March 2024           3,121          35,854             38.1             94.7                11.5
 
Annual openings
Year ended: March 2013

            March 2013           9,866          40,506            100.0               _                  4.1
            March 2014           8,140          40,190             82.5             82.5                 4.9
            March 2015           7,200          41,695             73.0             88.5                 5.8
            March 2016           6,391          40,635             64.8             88.8                 6.4
            March 2017           5,825          40,217             59.0             91.1                 6.9
            March 2018           5,337          40,073             54.1             91.6                 7.5
            March 2019           4,856          39,029             49.2             91.0                 8.0
            March 2020           4,494          37,499             45.6             92.5                 8.3
            March 2021           4,262          35,693             43.2             94.8                 8.4
            March 2022           3,962          36,356             40.2             93.0                 9.2
            March 2023           3,657          35,436             37.1             92.3                 9.7
            March 2024           3,420          34,477             34.7             93.5                10.1
 
Annual openings
Year ended: March 2014

            March 2014          10,145          39,375            100.0               _                  3.9
            March 2015           8,264          40,709             81.5             81.5                 4.9
            March 2016           7,199          41,460             71.0             87.1                 5.8
            March 2017           6,431          40,818             63.4             89.3                 6.3
            March 2018           5,855          40,323             57.7             91.0                 6.9
            March 2019           5,332          38,788             52.6             91.1                 7.3
            March 2020           4,946          38,115             48.8             92.8                 7.7
            March 2021           4,611          35,699             45.5             93.2                 7.7
            March 2022           4,299          36,792             42.4             93.2                 8.6
            March 2023           4,052          36,579             39.9             94.3                 9.0
            March 2024           3,810          35,760             37.6             94.0                 9.4
 
Annual openings
Year ended: March 2015

            March 2015          10,337          39,746            100.0               _                  3.8
            March 2016           8,254          41,506             79.8             79.8                 5.0
            March 2017           7,252          42,496             70.2             87.9                 5.9
            March 2018           6,509          42,006             63.0             89.8                 6.5
            March 2019           5,943          41,839             57.5             91.3                 7.0
            March 2020           5,429          41,357             52.5             91.4                 7.6
            March 2021           5,036          41,257             48.7             92.8                 8.2
            March 2022           4,702          42,072             45.5             93.4                 8.9
            March 2023           4,422          41,031             42.8             94.0                 9.3
            March 2024           4,164          40,222             40.3             94.2                 9.7
 
Annual openings
Year ended: March 2016

            March 2016          11,065          44,608            100.0               _                  4.0
            March 2017           8,773          45,277             79.3             79.3                 5.2
            March 2018           7,655          46,930             69.2             87.3                 6.1
            March 2019           6,776          44,973             61.2             88.5                 6.6
            March 2020           6,067          45,502             54.8             89.5                 7.5
            March 2021           5,705          46,975             51.6             94.0                 8.2
            March 2022           5,248          48,855             47.4             92.0                 9.3
            March 2023           4,863          47,389             43.9             92.7                 9.7
            March 2024           4,510          46,646             40.8             92.7                10.3
 
Annual openings
Year ended: March 2017

            March 2017          11,466          42,602            100.0               _                  3.7
            March 2018           9,144          43,738             79.7             79.7                 4.8
            March 2019           7,920          43,143             69.1             86.6                 5.4
            March 2020           6,951          42,306             60.6             87.8                 6.1
            March 2021           6,420          40,415             56.0             92.4                 6.3
            March 2022           5,835          40,515             50.9             90.9                 6.9
            March 2023           5,407          40,981             47.2             92.7                 7.6
            March 2024           4,950          40,583             43.2             91.5                 8.2
 
Annual openings
Year ended: March 2018

            March 2018          11,240          41,085            100.0               _                  3.7
            March 2019           8,873          41,174             78.9             78.9                 4.6
            March 2020           7,708          41,029             68.6             86.9                 5.3
            March 2021           7,001          40,968             62.3             90.8                 5.9
            March 2022           6,391          43,933             56.9             91.3                 6.9
            March 2023           5,883          44,398             52.3             92.1                 7.5
            March 2024           5,427          42,944             48.3             92.2                 7.9
 
Annual openings
Year ended: March 2019

            March 2019          11,426          40,494            100.0               _                  3.5
            March 2020           9,004          40,607             78.8             78.8                 4.5
            March 2021           8,032          38,770             70.3             89.2                 4.8
            March 2022           7,197          41,112             63.0             89.6                 5.7
            March 2023           6,580          40,974             57.6             91.4                 6.2
            March 2024           5,953          39,993             52.1             90.5                 6.7
 
Annual openings
Year ended: March 2020

            March 2020          11,391          36,821            100.0               _                  3.2
            March 2021           9,383          35,358             82.4             82.4                 3.8
            March 2022           8,190          38,477             71.9             87.3                 4.7
            March 2023           7,342          38,277             64.5             89.6                 5.2
            March 2024           6,623          37,658             58.1             90.2                 5.7
 
Annual openings
Year ended: March 2021

            March 2021          13,203          39,981            100.0               _                  3.0
            March 2022          10,231          42,281             77.5             77.5                 4.1
            March 2023           8,952          41,842             67.8             87.5                 4.7
            March 2024           7,835          40,242             59.3             87.5                 5.1
 
Annual openings
Year ended: March 2022

            March 2022          17,484          52,455            100.0               _                  3.0
            March 2023          13,805          53,203             79.0             79.0                 3.9
            March 2024          11,790          51,931             67.4             85.4                 4.4
 
Annual openings
Year ended: March 2023

            March 2023          18,960          61,951            100.0               _                  3.3
            March 2024          14,841          59,804             78.3             78.3                 4.0
 
Annual openings
Year ended: March 2024

            March 2024          15,610          46,772            100.0               _                  3.0
 
NOTE: A '_' indicates that the data are not available and a 'N' indicates that the data do not meet BLS disclosure standards.
