Table 7. Survival of private sector establishments by opening year

Total Private

West Virginia

                          Surviving       Total Employment   Survival Rates   Survival Rates of   Average Employment
                          Establishments  of Survivors       Since Birth      Previous Year's     of Survivors
                                                                              Survivors

Annual openings
Year ended: March 1994

            March 1994           3,187          19,555            100.0               _                  6.1
            March 1995           2,574          18,112             80.8             80.8                 7.0
            March 1996           2,195          16,779             68.9             85.3                 7.6
            March 1997           1,977          16,172             62.0             90.1                 8.2
            March 1998           1,785          15,365             56.0             90.3                 8.6
            March 1999           1,620          14,709             50.8             90.8                 9.1
            March 2000           1,482          14,276             46.5             91.5                 9.6
            March 2001           1,369          13,793             43.0             92.4                10.1
            March 2002           1,234          13,456             38.7             90.1                10.9
            March 2003           1,150          12,465             36.1             93.2                10.8
            March 2004           1,087          12,320             34.1             94.5                11.3
            March 2005           1,016          12,167             31.9             93.5                12.0
            March 2006             964          12,249             30.2             94.9                12.7
            March 2007             909          11,658             28.5             94.3                12.8
            March 2008             869          11,086             27.3             95.6                12.8
            March 2009             809          10,261             25.4             93.1                12.7
            March 2010             749           9,419             23.5             92.6                12.6
            March 2011             716           8,996             22.5             95.6                12.6
            March 2012             686           8,589             21.5             95.8                12.5
            March 2013             650           8,018             20.4             94.8                12.3
            March 2014             624           7,828             19.6             96.0                12.5
            March 2015             591           7,426             18.5             94.7                12.6
            March 2016             566           7,318             17.8             95.8                12.9
            March 2017             547           7,240             17.2             96.6                13.2
            March 2018             530           7,482             16.6             96.9                14.1
            March 2019             503           7,505             15.8             94.9                14.9
            March 2020             471           6,865             14.8             93.6                14.6
            March 2021             443           6,183             13.9             94.1                14.0
            March 2022             417           5,939             13.1             94.1                14.2
            March 2023             389           5,942             12.2             93.3                15.3
            March 2024             375           5,847             11.8             96.4                15.6
 
Annual openings
Year ended: March 1995

            March 1995           3,198          19,695            100.0               _                  6.2
            March 1996           2,463          19,783             77.0             77.0                 8.0
            March 1997           2,157          19,605             67.4             87.6                 9.1
            March 1998           1,903          19,027             59.5             88.2                10.0
            March 1999           1,696          17,841             53.0             89.1                10.5
            March 2000           1,551          16,731             48.5             91.5                10.8
            March 2001           1,401          16,229             43.8             90.3                11.6
            March 2002           1,284          14,705             40.2             91.6                11.5
            March 2003           1,187          13,975             37.1             92.4                11.8
            March 2004           1,115          13,674             34.9             93.9                12.3
            March 2005           1,058          13,383             33.1             94.9                12.6
            March 2006           1,001          12,842             31.3             94.6                12.8
            March 2007             942          12,890             29.5             94.1                13.7
            March 2008             903          12,276             28.2             95.9                13.6
            March 2009             860          11,848             26.9             95.2                13.8
            March 2010             807          11,095             25.2             93.8                13.7
            March 2011             764          11,529             23.9             94.7                15.1
            March 2012             731          10,662             22.9             95.7                14.6
            March 2013             695          10,525             21.7             95.1                15.1
            March 2014             645          10,325             20.2             92.8                16.0
            March 2015             621          10,295             19.4             96.3                16.6
            March 2016             614           9,801             19.2             98.9                16.0
            March 2017             579           9,763             18.1             94.3                16.9
            March 2018             549           9,649             17.2             94.8                17.6
            March 2019             525           9,692             16.4             95.6                18.5
            March 2020             489           9,018             15.3             93.1                18.4
            March 2021             463           8,444             14.5             94.7                18.2
            March 2022             445           8,310             13.9             96.1                18.7
            March 2023             428           8,465             13.4             96.2                19.8
            March 2024             412           8,342             12.9             96.3                20.2
 
Annual openings
Year ended: March 1996

            March 1996           3,282          23,466            100.0               _                  7.1
            March 1997           2,579          22,711             78.6             78.6                 8.8
            March 1998           2,264          22,226             69.0             87.8                 9.8
            March 1999           2,044          20,868             62.3             90.3                10.2
            March 2000           1,864          20,249             56.8             91.2                10.9
            March 2001           1,663          19,890             50.7             89.2                12.0
            March 2002           1,536          19,900             46.8             92.4                13.0
            March 2003           1,429          18,561             43.5             93.0                13.0
            March 2004           1,352          18,810             41.2             94.6                13.9
            March 2005           1,288          18,784             39.2             95.3                14.6
            March 2006           1,211          18,792             36.9             94.0                15.5
            March 2007           1,146          18,762             34.9             94.6                16.4
            March 2008           1,091          17,969             33.2             95.2                16.5
            March 2009           1,019          16,962             31.0             93.4                16.6
            March 2010             961          16,455             29.3             94.3                17.1
            March 2011             927          16,336             28.2             96.5                17.6
            March 2012             889          16,057             27.1             95.9                18.1
            March 2013             858          15,810             26.1             96.5                18.4
            March 2014             829          14,136             25.3             96.6                17.1
            March 2015             796          13,621             24.3             96.0                17.1
            March 2016             755          12,913             23.0             94.8                17.1
            March 2017             716          12,653             21.8             94.8                17.7
            March 2018             693          12,528             21.1             96.8                18.1
            March 2019             670          12,220             20.4             96.7                18.2
            March 2020             633          11,530             19.3             94.5                18.2
            March 2021             573          10,742             17.5             90.5                18.7
            March 2022             566          11,034             17.2             98.8                19.5
            March 2023             551          11,230             16.8             97.3                20.4
            March 2024             527          11,720             16.1             95.6                22.2
 
Annual openings
Year ended: March 1997

            March 1997           3,305          21,467            100.0               _                  6.5
            March 1998           2,572          21,199             77.8             77.8                 8.2
            March 1999           2,208          20,945             66.8             85.8                 9.5
            March 2000           1,975          20,520             59.8             89.4                10.4
            March 2001           1,750          20,794             53.0             88.6                11.9
            March 2002           1,582          19,005             47.9             90.4                12.0
            March 2003           1,443          18,799             43.7             91.2                13.0
            March 2004           1,386          18,578             41.9             96.0                13.4
            March 2005           1,267          18,252             38.3             91.4                14.4
            March 2006           1,225          17,173             37.1             96.7                14.0
            March 2007           1,179          17,287             35.7             96.2                14.7
            March 2008           1,134          17,452             34.3             96.2                15.4
            March 2009           1,058          16,032             32.0             93.3                15.2
            March 2010             989          14,635             29.9             93.5                14.8
            March 2011             937          14,685             28.4             94.7                15.7
            March 2012             905          14,600             27.4             96.6                16.1
            March 2013             855          13,727             25.9             94.5                16.1
            March 2014             804          13,087             24.3             94.0                16.3
            March 2015             769          13,193             23.3             95.6                17.2
            March 2016             730          12,979             22.1             94.9                17.8
            March 2017             696          12,717             21.1             95.3                18.3
            March 2018             667          12,907             20.2             95.8                19.4
            March 2019             642          12,168             19.4             96.3                19.0
            March 2020             602          11,863             18.2             93.8                19.7
            March 2021             564          10,768             17.1             93.7                19.1
            March 2022             538          10,996             16.3             95.4                20.4
            March 2023             520          11,285             15.7             96.7                21.7
            March 2024             477          10,814             14.4             91.7                22.7
 
Annual openings
Year ended: March 1998

            March 1998           3,211          21,280            100.0               _                  6.6
            March 1999           2,509          21,327             78.1             78.1                 8.5
            March 2000           2,155          20,885             67.1             85.9                 9.7
            March 2001           1,874          20,409             58.4             87.0                10.9
            March 2002           1,669          19,995             52.0             89.1                12.0
            March 2003           1,532          19,352             47.7             91.8                12.6
            March 2004           1,446          18,592             45.0             94.4                12.9
            March 2005           1,361          19,022             42.4             94.1                14.0
            March 2006           1,264          19,254             39.4             92.9                15.2
            March 2007           1,190          18,908             37.1             94.1                15.9
            March 2008           1,109          18,530             34.5             93.2                16.7
            March 2009           1,023          16,730             31.9             92.2                16.4
            March 2010             974          15,569             30.3             95.2                16.0
            March 2011             925          15,117             28.8             95.0                16.3
            March 2012             882          14,802             27.5             95.4                16.8
            March 2013             846          14,482             26.3             95.9                17.1
            March 2014             810          14,165             25.2             95.7                17.5
            March 2015             765          13,037             23.8             94.4                17.0
            March 2016             726          12,812             22.6             94.9                17.6
            March 2017             690          12,404             21.5             95.0                18.0
            March 2018             652          12,075             20.3             94.5                18.5
            March 2019             628          11,737             19.6             96.3                18.7
            March 2020             609          10,888             19.0             97.0                17.9
            March 2021             564          10,179             17.6             92.6                18.0
            March 2022             527          10,409             16.4             93.4                19.8
            March 2023             516          10,269             16.1             97.9                19.9
            March 2024             497           9,809             15.5             96.3                19.7
 
Annual openings
Year ended: March 1999

            March 1999           3,370          23,004            100.0               _                  6.8
            March 2000           2,684          22,338             79.6             79.6                 8.3
            March 2001           2,260          23,457             67.1             84.2                10.4
            March 2002           2,002          21,572             59.4             88.6                10.8
            March 2003           1,797          20,156             53.3             89.8                11.2
            March 2004           1,665          19,624             49.4             92.7                11.8
            March 2005           1,508          19,157             44.7             90.6                12.7
            March 2006           1,405          18,895             41.7             93.2                13.4
            March 2007           1,302          17,955             38.6             92.7                13.8
            March 2008           1,194          17,433             35.4             91.7                14.6
            March 2009           1,101          16,540             32.7             92.2                15.0
            March 2010           1,038          15,427             30.8             94.3                14.9
            March 2011             993          15,063             29.5             95.7                15.2
            March 2012             942          14,835             28.0             94.9                15.7
            March 2013             910          14,249             27.0             96.6                15.7
            March 2014             864          13,535             25.6             94.9                15.7
            March 2015             829          12,972             24.6             95.9                15.6
            March 2016             781          11,927             23.2             94.2                15.3
            March 2017             742          11,953             22.0             95.0                16.1
            March 2018             713          11,598             21.2             96.1                16.3
            March 2019             686          10,985             20.4             96.2                16.0
            March 2020             644          10,119             19.1             93.9                15.7
            March 2021             592           9,484             17.6             91.9                16.0
            March 2022             568           8,648             16.9             95.9                15.2
            March 2023             553           8,765             16.4             97.4                15.8
            March 2024             537           8,682             15.9             97.1                16.2
 
Annual openings
Year ended: March 2000

            March 2000           3,143          22,799            100.0               _                  7.3
            March 2001           2,426          22,492             77.2             77.2                 9.3
            March 2002           2,123          22,028             67.5             87.5                10.4
            March 2003           1,884          20,108             59.9             88.7                10.7
            March 2004           1,743          19,698             55.5             92.5                11.3
            March 2005           1,579          19,009             50.2             90.6                12.0
            March 2006           1,459          18,382             46.4             92.4                12.6
            March 2007           1,347          17,844             42.9             92.3                13.2
            March 2008           1,289          17,832             41.0             95.7                13.8
            March 2009           1,208          16,563             38.4             93.7                13.7
            March 2010           1,138          15,649             36.2             94.2                13.8
            March 2011           1,092          16,573             34.7             96.0                15.2
            March 2012           1,051          16,290             33.4             96.2                15.5
            March 2013           1,001          16,070             31.8             95.2                16.1
            March 2014             943          15,780             30.0             94.2                16.7
            March 2015             898          15,392             28.6             95.2                17.1
            March 2016             867          14,824             27.6             96.5                17.1
            March 2017             829          14,320             26.4             95.6                17.3
            March 2018             785          13,737             25.0             94.7                17.5
            March 2019             760          13,017             24.2             96.8                17.1
            March 2020             712          12,225             22.7             93.7                17.2
            March 2021             673          11,016             21.4             94.5                16.4
            March 2022             640          10,782             20.4             95.1                16.8
            March 2023             613          10,428             19.5             95.8                17.0
            March 2024             596          10,284             19.0             97.2                17.3
 
Annual openings
Year ended: March 2001

            March 2001           2,841          17,232            100.0               _                  6.1
            March 2002           2,184          16,611             76.9             76.9                 7.6
            March 2003           1,893          15,636             66.6             86.7                 8.3
            March 2004           1,685          14,792             59.3             89.0                 8.8
            March 2005           1,519          14,330             53.5             90.1                 9.4
            March 2006           1,383          14,537             48.7             91.0                10.5
            March 2007           1,279          13,787             45.0             92.5                10.8
            March 2008           1,181          12,925             41.6             92.3                10.9
            March 2009           1,094          12,148             38.5             92.6                11.1
            March 2010             998          11,493             35.1             91.2                11.5
            March 2011             947          11,713             33.3             94.9                12.4
            March 2012             911          11,427             32.1             96.2                12.5
            March 2013             854          11,505             30.1             93.7                13.5
            March 2014             830          10,832             29.2             97.2                13.1
            March 2015             772          10,096             27.2             93.0                13.1
            March 2016             728           9,800             25.6             94.3                13.5
            March 2017             695           9,066             24.5             95.5                13.0
            March 2018             673           8,964             23.7             96.8                13.3
            March 2019             680           8,360             23.9            101.0                12.3
            March 2020             636           7,655             22.4             93.5                12.0
            March 2021             573           7,192             20.2             90.1                12.6
            March 2022             543           7,083             19.1             94.8                13.0
            March 2023             528           6,945             18.6             97.2                13.2
            March 2024             503           6,761             17.7             95.3                13.4
 
Annual openings
Year ended: March 2002

            March 2002           2,888          16,720            100.0               _                  5.8
            March 2003           2,230          15,971             77.2             77.2                 7.2
            March 2004           1,951          15,623             67.6             87.5                 8.0
            March 2005           1,770          15,725             61.3             90.7                 8.9
            March 2006           1,591          15,366             55.1             89.9                 9.7
            March 2007           1,429          14,581             49.5             89.8                10.2
            March 2008           1,314          14,053             45.5             92.0                10.7
            March 2009           1,190          14,311             41.2             90.6                12.0
            March 2010           1,099          13,372             38.1             92.4                12.2
            March 2011           1,044          13,020             36.1             95.0                12.5
            March 2012             970          12,964             33.6             92.9                13.4
            March 2013             925          11,861             32.0             95.4                12.8
            March 2014             863          11,530             29.9             93.3                13.4
            March 2015             818          10,875             28.3             94.8                13.3
            March 2016             790           9,412             27.4             96.6                11.9
            March 2017             745           9,099             25.8             94.3                12.2
            March 2018             699           8,872             24.2             93.8                12.7
            March 2019             663           8,677             23.0             94.8                13.1
            March 2020             633           8,335             21.9             95.5                13.2
            March 2021             577           7,671             20.0             91.2                13.3
            March 2022             542           7,684             18.8             93.9                14.2
            March 2023             536           7,110             18.6             98.9                13.3
            March 2024             511           7,066             17.7             95.3                13.8
 
Annual openings
Year ended: March 2003

            March 2003           2,775          15,930            100.0               _                  5.7
            March 2004           2,187          15,810             78.8             78.8                 7.2
            March 2005           1,919          15,209             69.2             87.7                 7.9
            March 2006           1,717          14,804             61.9             89.5                 8.6
            March 2007           1,579          14,088             56.9             92.0                 8.9
            March 2008           1,437          13,102             51.8             91.0                 9.1
            March 2009           1,293          12,413             46.6             90.0                 9.6
            March 2010           1,187          11,387             42.8             91.8                 9.6
            March 2011           1,108          11,753             39.9             93.3                10.6
            March 2012           1,042          11,794             37.5             94.0                11.3
            March 2013             984          11,255             35.5             94.4                11.4
            March 2014             939          11,128             33.8             95.4                11.9
            March 2015             907          11,072             32.7             96.6                12.2
            March 2016             867          10,368             31.2             95.6                12.0
            March 2017             819          10,041             29.5             94.5                12.3
            March 2018             785           9,616             28.3             95.8                12.2
            March 2019             743           9,179             26.8             94.6                12.4
            March 2020             719           8,960             25.9             96.8                12.5
            March 2021             684           8,125             24.6             95.1                11.9
            March 2022             637           7,687             23.0             93.1                12.1
            March 2023             609           7,443             21.9             95.6                12.2
            March 2024             583           7,265             21.0             95.7                12.5
 
Annual openings
Year ended: March 2004

            March 2004           3,078          18,021            100.0               _                  5.9
            March 2005           2,403          18,733             78.1             78.1                 7.8
            March 2006           2,054          18,167             66.7             85.5                 8.8
            March 2007           1,827          17,234             59.4             88.9                 9.4
            March 2008           1,659          16,736             53.9             90.8                10.1
            March 2009           1,483          16,224             48.2             89.4                10.9
            March 2010           1,372          15,557             44.6             92.5                11.3
            March 2011           1,276          15,902             41.5             93.0                12.5
            March 2012           1,208          15,820             39.2             94.7                13.1
            March 2013           1,127          15,304             36.6             93.3                13.6
            March 2014           1,048          14,733             34.0             93.0                14.1
            March 2015             974          14,548             31.6             92.9                14.9
            March 2016             935          13,902             30.4             96.0                14.9
            March 2017             885          13,309             28.8             94.7                15.0
            March 2018             841          12,272             27.3             95.0                14.6
            March 2019             808          12,153             26.3             96.1                15.0
            March 2020             767          11,926             24.9             94.9                15.5
            March 2021             715          10,906             23.2             93.2                15.3
            March 2022             673          10,702             21.9             94.1                15.9
            March 2023             651          10,765             21.2             96.7                16.5
            March 2024             606          10,611             19.7             93.1                17.5
 
Annual openings
Year ended: March 2005

            March 2005           3,001          17,299            100.0               _                  5.8
            March 2006           2,419          17,789             80.6             80.6                 7.4
            March 2007           2,096          16,983             69.8             86.6                 8.1
            March 2008           1,830          15,843             61.0             87.3                 8.7
            March 2009           1,616          14,864             53.8             88.3                 9.2
            March 2010           1,500          14,918             50.0             92.8                 9.9
            March 2011           1,388          14,575             46.3             92.5                10.5
            March 2012           1,293          14,708             43.1             93.2                11.4
            March 2013           1,208          14,356             40.3             93.4                11.9
            March 2014           1,124          13,665             37.5             93.0                12.2
            March 2015           1,068          13,711             35.6             95.0                12.8
            March 2016             989          13,019             33.0             92.6                13.2
            March 2017             928          12,243             30.9             93.8                13.2
            March 2018             872          11,888             29.1             94.0                13.6
            March 2019             828          11,723             27.6             95.0                14.2
            March 2020             763          11,025             25.4             92.1                14.4
            March 2021             694          10,491             23.1             91.0                15.1
            March 2022             679          10,307             22.6             97.8                15.2
            March 2023             647          10,405             21.6             95.3                16.1
            March 2024             623          10,180             20.8             96.3                16.3
 
Annual openings
Year ended: March 2006

            March 2006           3,140          18,768            100.0               _                  6.0
            March 2007           2,469          17,820             78.6             78.6                 7.2
            March 2008           2,131          16,455             67.9             86.3                 7.7
            March 2009           1,819          14,970             57.9             85.4                 8.2
            March 2010           1,623          14,454             51.7             89.2                 8.9
            March 2011           1,463          14,547             46.6             90.1                 9.9
            March 2012           1,364          14,547             43.4             93.2                10.7
            March 2013           1,275          14,272             40.6             93.5                11.2
            March 2014           1,173          13,673             37.4             92.0                11.7
            March 2015           1,099          13,031             35.0             93.7                11.9
            March 2016           1,052          12,712             33.5             95.7                12.1
            March 2017             968          11,882             30.8             92.0                12.3
            March 2018             920          12,062             29.3             95.0                13.1
            March 2019             881          12,286             28.1             95.8                13.9
            March 2020             823          11,697             26.2             93.4                14.2
            March 2021             763          10,555             24.3             92.7                13.8
            March 2022             727          11,473             23.2             95.3                15.8
            March 2023             679          10,785             21.6             93.4                15.9
            March 2024             647          10,133             20.6             95.3                15.7
 
Annual openings
Year ended: March 2007

            March 2007           2,908          18,268            100.0               _                  6.3
            March 2008           2,264          17,315             77.9             77.9                 7.6
            March 2009           1,893          16,496             65.1             83.6                 8.7
            March 2010           1,663          15,346             57.2             87.8                 9.2
            March 2011           1,490          14,700             51.2             89.6                 9.9
            March 2012           1,387          14,396             47.7             93.1                10.4
            March 2013           1,249          13,860             43.0             90.1                11.1
            March 2014           1,160          13,527             39.9             92.9                11.7
            March 2015           1,071          12,936             36.8             92.3                12.1
            March 2016           1,000          12,823             34.4             93.4                12.8
            March 2017             951          12,518             32.7             95.1                13.2
            March 2018             897          12,111             30.8             94.3                13.5
            March 2019             824          11,981             28.3             91.9                14.5
            March 2020             785          11,374             27.0             95.3                14.5
            March 2021             739          10,888             25.4             94.1                14.7
            March 2022             696          11,083             23.9             94.2                15.9
            March 2023             672          10,520             23.1             96.6                15.7
            March 2024             654          10,313             22.5             97.3                15.8
 
Annual openings
Year ended: March 2008

            March 2008           2,749          15,999            100.0               _                  5.8
            March 2009           2,112          14,888             76.8             76.8                 7.0
            March 2010           1,770          13,826             64.4             83.8                 7.8
            March 2011           1,566          13,232             57.0             88.5                 8.4
            March 2012           1,448          13,012             52.7             92.5                 9.0
            March 2013           1,358          12,595             49.4             93.8                 9.3
            March 2014           1,237          11,926             45.0             91.1                 9.6
            March 2015           1,132          11,402             41.2             91.5                10.1
            March 2016           1,053          10,762             38.3             93.0                10.2
            March 2017             982          10,806             35.7             93.3                11.0
            March 2018             918          10,525             33.4             93.5                11.5
            March 2019             873          10,238             31.8             95.1                11.7
            March 2020             821           9,834             29.9             94.0                12.0
            March 2021             761           8,764             27.7             92.7                11.5
            March 2022             732           8,793             26.6             96.2                12.0
            March 2023             698           8,765             25.4             95.4                12.6
            March 2024             656           8,412             23.9             94.0                12.8
 
Annual openings
Year ended: March 2009

            March 2009           2,656          14,329            100.0               _                  5.4
            March 2010           2,079          13,448             78.3             78.3                 6.5
            March 2011           1,790          13,405             67.4             86.1                 7.5
            March 2012           1,585          13,401             59.7             88.5                 8.5
            March 2013           1,452          12,824             54.7             91.6                 8.8
            March 2014           1,296          11,668             48.8             89.3                 9.0
            March 2015           1,189          11,294             44.8             91.7                 9.5
            March 2016           1,111          10,523             41.8             93.4                 9.5
            March 2017           1,007           9,455             37.9             90.6                 9.4
            March 2018             934           9,941             35.2             92.8                10.6
            March 2019             868           9,884             32.7             92.9                11.4
            March 2020             852           8,928             32.1             98.2                10.5
            March 2021             791           8,231             29.8             92.8                10.4
            March 2022             745           8,383             28.0             94.2                11.3
            March 2023             704           8,064             26.5             94.5                11.5
            March 2024             643           7,596             24.2             91.3                11.8
 
Annual openings
Year ended: March 2010

            March 2010           2,340          12,000            100.0               _                  5.1
            March 2011           1,850          12,140             79.1             79.1                 6.6
            March 2012           1,651          13,169             70.6             89.2                 8.0
            March 2013           1,469          12,437             62.8             89.0                 8.5
            March 2014           1,312          11,838             56.1             89.3                 9.0
            March 2015           1,206          11,385             51.5             91.9                 9.4
            March 2016           1,122          11,027             47.9             93.0                 9.8
            March 2017           1,024          10,426             43.8             91.3                10.2
            March 2018             945          10,515             40.4             92.3                11.1
            March 2019             900          10,372             38.5             95.2                11.5
            March 2020             846           9,638             36.2             94.0                11.4
            March 2021             780           8,800             33.3             92.2                11.3
            March 2022             743           9,062             31.8             95.3                12.2
            March 2023             701           9,088             30.0             94.3                13.0
            March 2024             660           8,453             28.2             94.2                12.8
 
Annual openings
Year ended: March 2011

            March 2011           2,409          12,203            100.0               _                  5.1
            March 2012           1,924          11,930             79.9             79.9                 6.2
            March 2013           1,673          10,614             69.4             87.0                 6.3
            March 2014           1,474          10,433             61.2             88.1                 7.1
            March 2015           1,332           9,751             55.3             90.4                 7.3
            March 2016           1,209           8,887             50.2             90.8                 7.4
            March 2017           1,104           8,597             45.8             91.3                 7.8
            March 2018           1,038           8,944             43.1             94.0                 8.6
            March 2019             958           8,924             39.8             92.3                 9.3
            March 2020             963           8,363             40.0            100.5                 8.7
            March 2021             894           7,658             37.1             92.8                 8.6
            March 2022             839           8,123             34.8             93.8                 9.7
            March 2023             791           8,392             32.8             94.3                10.6
            March 2024             743           8,242             30.8             93.9                11.1
 
Annual openings
Year ended: March 2012

            March 2012           2,785          16,138            100.0               _                  5.8
            March 2013           2,141          15,961             76.9             76.9                 7.5
            March 2014           1,857          15,526             66.7             86.7                 8.4
            March 2015           1,693          15,462             60.8             91.2                 9.1
            March 2016           1,529          14,443             54.9             90.3                 9.4
            March 2017           1,356          13,563             48.7             88.7                10.0
            March 2018           1,269          14,227             45.6             93.6                11.2
            March 2019           1,159          14,301             41.6             91.3                12.3
            March 2020           1,183          13,160             42.5            102.1                11.1
            March 2021           1,100          12,175             39.5             93.0                11.1
            March 2022           1,034          12,617             37.1             94.0                12.2
            March 2023             984          11,978             35.3             95.2                12.2
            March 2024             908          11,505             32.6             92.3                12.7
 
Annual openings
Year ended: March 2013

            March 2013           2,493          14,173            100.0               _                  5.7
            March 2014           1,903          14,151             76.3             76.3                 7.4
            March 2015           1,664          13,048             66.7             87.4                 7.8
            March 2016           1,449          12,577             58.1             87.1                 8.7
            March 2017           1,307          12,295             52.4             90.2                 9.4
            March 2018           1,177          11,814             47.2             90.1                10.0
            March 2019           1,067          11,256             42.8             90.7                10.5
            March 2020           1,087          10,490             43.6            101.9                 9.7
            March 2021           1,013           9,587             40.6             93.2                 9.5
            March 2022             948           9,577             38.0             93.6                10.1
            March 2023             905           9,786             36.3             95.5                10.8
            March 2024             868           9,446             34.8             95.9                10.9
 
Annual openings
Year ended: March 2014

            March 2014           2,376          12,593            100.0               _                  5.3
            March 2015           1,855          11,907             78.1             78.1                 6.4
            March 2016           1,599          11,620             67.3             86.2                 7.3
            March 2017           1,418          11,168             59.7             88.7                 7.9
            March 2018           1,291          10,836             54.3             91.0                 8.4
            March 2019           1,177          10,352             49.5             91.2                 8.8
            March 2020           1,186          10,280             49.9            100.8                 8.7
            March 2021           1,081           9,734             45.5             91.1                 9.0
            March 2022             999           9,808             42.0             92.4                 9.8
            March 2023             943           9,228             39.7             94.4                 9.8
            March 2024             897           9,246             37.8             95.1                10.3
 
Annual openings
Year ended: March 2015

            March 2015           2,748          13,474            100.0               _                  4.9
            March 2016           2,137          12,780             77.8             77.8                 6.0
            March 2017           1,821          12,255             66.3             85.2                 6.7
            March 2018           1,623          12,037             59.1             89.1                 7.4
            March 2019           1,450          11,752             52.8             89.3                 8.1
            March 2020           1,435          11,503             52.2             99.0                 8.0
            March 2021           1,326          10,315             48.3             92.4                 7.8
            March 2022           1,233          10,765             44.9             93.0                 8.7
            March 2023           1,129          10,323             41.1             91.6                 9.1
            March 2024           1,050           9,916             38.2             93.0                 9.4
 
Annual openings
Year ended: March 2016

            March 2016           2,437          12,156            100.0               _                  5.0
            March 2017           1,932          11,992             79.3             79.3                 6.2
            March 2018           1,652          11,758             67.8             85.5                 7.1
            March 2019           1,478          11,502             60.6             89.5                 7.8
            March 2020           1,524          11,042             62.5            103.1                 7.2
            March 2021           1,395          10,518             57.2             91.5                 7.5
            March 2022           1,279          10,363             52.5             91.7                 8.1
            March 2023           1,210          10,177             49.7             94.6                 8.4
            March 2024           1,093           9,748             44.9             90.3                 8.9
 
Annual openings
Year ended: March 2017

            March 2017           2,678          13,203            100.0               _                  4.9
            March 2018           2,151          13,597             80.3             80.3                 6.3
            March 2019           1,835          13,242             68.5             85.3                 7.2
            March 2020           1,752          13,469             65.4             95.5                 7.7
            March 2021           1,587          12,783             59.3             90.6                 8.1
            March 2022           1,465          13,087             54.7             92.3                 8.9
            March 2023           1,404          12,841             52.4             95.8                 9.1
            March 2024           1,308          12,449             48.8             93.2                 9.5
 
Annual openings
Year ended: March 2018

            March 2018           2,619          14,456            100.0               _                  5.5
            March 2019           2,096          13,898             80.0             80.0                 6.6
            March 2020           2,008          12,941             76.7             95.8                 6.4
            March 2021           1,809          12,275             69.1             90.1                 6.8
            March 2022           1,610          12,900             61.5             89.0                 8.0
            March 2023           1,499          13,120             57.2             93.1                 8.8
            March 2024           1,379          12,550             52.7             92.0                 9.1
 
Annual openings
Year ended: March 2019

            March 2019           2,663          13,326            100.0               _                  5.0
            March 2020           2,386          13,032             89.6             89.6                 5.5
            March 2021           2,068          12,043             77.7             86.7                 5.8
            March 2022           1,854          12,397             69.6             89.7                 6.7
            March 2023           1,687          12,215             63.3             91.0                 7.2
            March 2024           1,534          11,774             57.6             90.9                 7.7
 
Annual openings
Year ended: March 2020

            March 2020           3,082          13,661            100.0               _                  4.4
            March 2021           2,492          13,336             80.9             80.9                 5.4
            March 2022           2,192          12,996             71.1             88.0                 5.9
            March 2023           1,961          12,673             63.6             89.5                 6.5
            March 2024           1,823          11,947             59.1             93.0                 6.6
 
Annual openings
Year ended: March 2021

            March 2021           3,492          14,828            100.0               _                  4.2
            March 2022           2,796          14,833             80.1             80.1                 5.3
            March 2023           2,447          14,052             70.1             87.5                 5.7
            March 2024           2,249          13,865             64.4             91.9                 6.2
 
Annual openings
Year ended: March 2022

            March 2022           4,624          17,275            100.0               _                  3.7
            March 2023           3,547          16,894             76.7             76.7                 4.8
            March 2024           3,096          15,966             67.0             87.3                 5.2
 
Annual openings
Year ended: March 2023

            March 2023           4,714          17,206            100.0               _                  3.6
            March 2024           3,730          16,363             79.1             79.1                 4.4
 
Annual openings
Year ended: March 2024

            March 2024           5,494          18,277            100.0               _                  3.3
 
NOTE: A '_' indicates that the data are not available and a 'N' indicates that the data do not meet BLS disclosure standards.
