Table 7. Survival of private sector establishments by opening year

Total Private

Wyoming

                          Surviving       Total Employment   Survival Rates   Survival Rates of   Average Employment
                          Establishments  of Survivors       Since Birth      Previous Year's     of Survivors
                                                                              Survivors

Annual openings
Year ended: March 1994

            March 1994           1,441           6,960            100.0               _                  4.8
            March 1995           1,138           6,154             79.0             79.0                 5.4
            March 1996             953           5,955             66.1             83.7                 6.2
            March 1997             844           5,711             58.6             88.6                 6.8
            March 1998             774           5,244             53.7             91.7                 6.8
            March 1999             688           5,196             47.7             88.9                 7.6
            March 2000             633           4,937             43.9             92.0                 7.8
            March 2001             586           4,776             40.7             92.6                 8.2
            March 2002             534           5,273             37.1             91.1                 9.9
            March 2003             499           5,107             34.6             93.4                10.2
            March 2004             472           5,070             32.8             94.6                10.7
            March 2005             447           5,062             31.0             94.7                11.3
            March 2006             429           5,444             29.8             96.0                12.7
            March 2007             406           5,862             28.2             94.6                14.4
            March 2008             386           5,595             26.8             95.1                14.5
            March 2009             361           5,204             25.1             93.5                14.4
            March 2010             342           4,361             23.7             94.7                12.8
            March 2011             330           4,134             22.9             96.5                12.5
            March 2012             320           4,246             22.2             97.0                13.3
            March 2013             309           4,226             21.4             96.6                13.7
            March 2014             300           4,143             20.8             97.1                13.8
            March 2015             289           4,150             20.1             96.3                14.4
            March 2016             275           4,197             19.1             95.2                15.3
            March 2017             267           3,721             18.5             97.1                13.9
            March 2018             257           3,638             17.8             96.3                14.2
            March 2019             249           3,679             17.3             96.9                14.8
            March 2020             238           3,388             16.5             95.6                14.2
            March 2021             224           2,877             15.5             94.1                12.8
            March 2022             225           3,099             15.6            100.4                13.8
            March 2023             208           3,122             14.4             92.4                15.0
            March 2024             204           2,302             14.2             98.1                11.3
 
Annual openings
Year ended: March 1995

            March 1995           1,483           6,091            100.0               _                  4.1
            March 1996           1,129           5,438             76.1             76.1                 4.8
            March 1997             993           5,030             67.0             88.0                 5.1
            March 1998             898           4,855             60.6             90.4                 5.4
            March 1999             805           4,635             54.3             89.6                 5.8
            March 2000             721           4,532             48.6             89.6                 6.3
            March 2001             664           4,616             44.8             92.1                 7.0
            March 2002             630           4,326             42.5             94.9                 6.9
            March 2003             592           4,260             39.9             94.0                 7.2
            March 2004             556           4,527             37.5             93.9                 8.1
            March 2005             548           4,689             37.0             98.6                 8.6
            March 2006             528           4,779             35.6             96.4                 9.1
            March 2007             517           4,809             34.9             97.9                 9.3
            March 2008             497           4,659             33.5             96.1                 9.4
            March 2009             473           4,662             31.9             95.2                 9.9
            March 2010             450           4,182             30.3             95.1                 9.3
            March 2011             437           4,051             29.5             97.1                 9.3
            March 2012             421           4,295             28.4             96.3                10.2
            March 2013             398           3,908             26.8             94.5                 9.8
            March 2014             393           3,967             26.5             98.7                10.1
            March 2015             377           3,935             25.4             95.9                10.4
            March 2016             372           3,692             25.1             98.7                 9.9
            March 2017             362           3,533             24.4             97.3                 9.8
            March 2018             343           3,447             23.1             94.8                10.0
            March 2019             332           3,491             22.4             96.8                10.5
            March 2020             313           3,135             21.1             94.3                10.0
            March 2021             298           2,843             20.1             95.2                 9.5
            March 2022             297           2,887             20.0             99.7                 9.7
            March 2023             283           2,879             19.1             95.3                10.2
            March 2024             275           2,731             18.5             97.2                 9.9
 
Annual openings
Year ended: March 1996

            March 1996           1,430           5,653            100.0               _                  4.0
            March 1997           1,097           5,374             76.7             76.7                 4.9
            March 1998             949           5,204             66.4             86.5                 5.5
            March 1999             843           5,085             59.0             88.8                 6.0
            March 2000             762           4,985             53.3             90.4                 6.5
            March 2001             684           4,886             47.8             89.8                 7.1
            March 2002             625           4,238             43.7             91.4                 6.8
            March 2003             590           4,206             41.3             94.4                 7.1
            March 2004             564           4,163             39.4             95.6                 7.4
            March 2005             536           4,525             37.5             95.0                 8.4
            March 2006             523           4,668             36.6             97.6                 8.9
            March 2007             481           4,388             33.6             92.0                 9.1
            March 2008             456           4,200             31.9             94.8                 9.2
            March 2009             429           3,849             30.0             94.1                 9.0
            March 2010             415           3,422             29.0             96.7                 8.2
            March 2011             393           3,288             27.5             94.7                 8.4
            March 2012             381           3,360             26.6             96.9                 8.8
            March 2013             359           3,035             25.1             94.2                 8.5
            March 2014             350           2,992             24.5             97.5                 8.5
            March 2015             343           2,921             24.0             98.0                 8.5
            March 2016             333           2,775             23.3             97.1                 8.3
            March 2017             323           2,661             22.6             97.0                 8.2
            March 2018             313           2,659             21.9             96.9                 8.5
            March 2019             299           2,676             20.9             95.5                 8.9
            March 2020             281           2,510             19.7             94.0                 8.9
            March 2021             270           2,451             18.9             96.1                 9.1
            March 2022             254           2,473             17.8             94.1                 9.7
            March 2023             245           2,425             17.1             96.5                 9.9
            March 2024             238           2,293             16.6             97.1                 9.6
 
Annual openings
Year ended: March 1997

            March 1997           1,429           6,690            100.0               _                  4.7
            March 1998           1,098           5,900             76.8             76.8                 5.4
            March 1999             939           5,666             65.7             85.5                 6.0
            March 2000             851           5,391             59.6             90.6                 6.3
            March 2001             776           5,477             54.3             91.2                 7.1
            March 2002             703           5,317             49.2             90.6                 7.6
            March 2003             648           5,218             45.3             92.2                 8.1
            March 2004             606           5,127             42.4             93.5                 8.5
            March 2005             571           5,055             40.0             94.2                 8.9
            March 2006             543           5,018             38.0             95.1                 9.2
            March 2007             516           4,991             36.1             95.0                 9.7
            March 2008             508           5,058             35.5             98.4                10.0
            March 2009             477           4,939             33.4             93.9                10.4
            March 2010             461           4,671             32.3             96.6                10.1
            March 2011             434           4,603             30.4             94.1                10.6
            March 2012             421           4,599             29.5             97.0                10.9
            March 2013             397           4,486             27.8             94.3                11.3
            March 2014             386           4,409             27.0             97.2                11.4
            March 2015             365           4,360             25.5             94.6                11.9
            March 2016             351           4,158             24.6             96.2                11.8
            March 2017             341           3,943             23.9             97.2                11.6
            March 2018             328           3,798             23.0             96.2                11.6
            March 2019             321           3,811             22.5             97.9                11.9
            March 2020             301           3,650             21.1             93.8                12.1
            March 2021             297           3,494             20.8             98.7                11.8
            March 2022             290           3,537             20.3             97.6                12.2
            March 2023             270           3,412             18.9             93.1                12.6
            March 2024             257           3,308             18.0             95.2                12.9
 
Annual openings
Year ended: March 1998

            March 1998           1,576           7,286            100.0               _                  4.6
            March 1999           1,185           7,605             75.2             75.2                 6.4
            March 2000           1,030           7,159             65.4             86.9                 7.0
            March 2001             894           6,667             56.7             86.8                 7.5
            March 2002             835           6,890             53.0             93.4                 8.3
            March 2003             740           6,219             47.0             88.6                 8.4
            March 2004             692           5,519             43.9             93.5                 8.0
            March 2005             670           5,456             42.5             96.8                 8.1
            March 2006             634           5,337             40.2             94.6                 8.4
            March 2007             585           5,500             37.1             92.3                 9.4
            March 2008             550           5,343             34.9             94.0                 9.7
            March 2009             520           4,839             33.0             94.5                 9.3
            March 2010             493           4,250             31.3             94.8                 8.6
            March 2011             479           4,179             30.4             97.2                 8.7
            March 2012             458           4,347             29.1             95.6                 9.5
            March 2013             433           4,038             27.5             94.5                 9.3
            March 2014             427           3,961             27.1             98.6                 9.3
            March 2015             408           3,909             25.9             95.6                 9.6
            March 2016             382           3,584             24.2             93.6                 9.4
            March 2017             362           3,567             23.0             94.8                 9.9
            March 2018             350           3,497             22.2             96.7                10.0
            March 2019             341           3,306             21.6             97.4                 9.7
            March 2020             324           3,242             20.6             95.0                10.0
            March 2021             306           2,819             19.4             94.4                 9.2
            March 2022             297           2,960             18.8             97.1                10.0
            March 2023             285           2,919             18.1             96.0                10.2
            March 2024             280           2,808             17.8             98.2                10.0
 
Annual openings
Year ended: March 1999

            March 1999           1,521           6,749            100.0               _                  4.4
            March 2000           1,190           6,701             78.2             78.2                 5.6
            March 2001           1,010           6,146             66.4             84.9                 6.1
            March 2002             892           5,874             58.6             88.3                 6.6
            March 2003             812           5,580             53.4             91.0                 6.9
            March 2004             742           5,407             48.8             91.4                 7.3
            March 2005             677           5,715             44.5             91.2                 8.4
            March 2006             667           5,785             43.9             98.5                 8.7
            March 2007             636           5,763             41.8             95.4                 9.1
            March 2008             604           5,403             39.7             95.0                 8.9
            March 2009             570           4,924             37.5             94.4                 8.6
            March 2010             534           4,620             35.1             93.7                 8.7
            March 2011             501           4,253             32.9             93.8                 8.5
            March 2012             483           4,216             31.8             96.4                 8.7
            March 2013             447           4,079             29.4             92.5                 9.1
            March 2014             445           3,871             29.3             99.6                 8.7
            March 2015             421           3,968             27.7             94.6                 9.4
            March 2016             399           3,488             26.2             94.8                 8.7
            March 2017             387           3,235             25.4             97.0                 8.4
            March 2018             363           3,271             23.9             93.8                 9.0
            March 2019             347           2,939             22.8             95.6                 8.5
            March 2020             322           2,820             21.2             92.8                 8.8
            March 2021             311           2,711             20.4             96.6                 8.7
            March 2022             297           2,812             19.5             95.5                 9.5
            March 2023             283           2,806             18.6             95.3                 9.9
            March 2024             265           2,599             17.4             93.6                 9.8
 
Annual openings
Year ended: March 2000

            March 2000           1,481           6,203            100.0               _                  4.2
            March 2001           1,159           5,710             78.3             78.3                 4.9
            March 2002             976           5,091             65.9             84.2                 5.2
            March 2003             863           4,760             58.3             88.4                 5.5
            March 2004             780           4,638             52.7             90.4                 5.9
            March 2005             720           4,658             48.6             92.3                 6.5
            March 2006             689           4,926             46.5             95.7                 7.1
            March 2007             658           4,985             44.4             95.5                 7.6
            March 2008             603           4,856             40.7             91.6                 8.1
            March 2009             562           4,136             37.9             93.2                 7.4
            March 2010             510           3,740             34.4             90.7                 7.3
            March 2011             485           3,746             32.7             95.1                 7.7
            March 2012             457           3,926             30.9             94.2                 8.6
            March 2013             444           3,806             30.0             97.2                 8.6
            March 2014             422           3,810             28.5             95.0                 9.0
            March 2015             396           3,655             26.7             93.8                 9.2
            March 2016             375           3,182             25.3             94.7                 8.5
            March 2017             367           2,959             24.8             97.9                 8.1
            March 2018             349           2,906             23.6             95.1                 8.3
            March 2019             324           2,852             21.9             92.8                 8.8
            March 2020             314           2,793             21.2             96.9                 8.9
            March 2021             296           2,424             20.0             94.3                 8.2
            March 2022             283           2,375             19.1             95.6                 8.4
            March 2023             268           2,465             18.1             94.7                 9.2
            March 2024             250           2,433             16.9             93.3                 9.7
 
Annual openings
Year ended: March 2001

            March 2001           1,636           7,228            100.0               _                  4.4
            March 2002           1,237           6,386             75.6             75.6                 5.2
            March 2003           1,039           5,826             63.5             84.0                 5.6
            March 2004             953           5,485             58.3             91.7                 5.8
            March 2005             853           5,329             52.1             89.5                 6.2
            March 2006             779           5,368             47.6             91.3                 6.9
            March 2007             732           5,358             44.7             94.0                 7.3
            March 2008             702           5,367             42.9             95.9                 7.6
            March 2009             666           4,962             40.7             94.9                 7.5
            March 2010             605           4,480             37.0             90.8                 7.4
            March 2011             573           4,424             35.0             94.7                 7.7
            March 2012             551           4,342             33.7             96.2                 7.9
            March 2013             522           4,149             31.9             94.7                 7.9
            March 2014             502           3,995             30.7             96.2                 8.0
            March 2015             477           3,851             29.2             95.0                 8.1
            March 2016             438           3,642             26.8             91.8                 8.3
            March 2017             417           3,434             25.5             95.2                 8.2
            March 2018             407           3,392             24.9             97.6                 8.3
            March 2019             395           3,338             24.1             97.1                 8.5
            March 2020             367           3,228             22.4             92.9                 8.8
            March 2021             355           3,218             21.7             96.7                 9.1
            March 2022             345           3,210             21.1             97.2                 9.3
            March 2023             322           3,146             19.7             93.3                 9.8
            March 2024             306           3,100             18.7             95.0                10.1
 
Annual openings
Year ended: March 2002

            March 2002           1,549           6,777            100.0               _                  4.4
            March 2003           1,216           6,628             78.5             78.5                 5.5
            March 2004           1,075           7,029             69.4             88.4                 6.5
            March 2005             976           7,199             63.0             90.8                 7.4
            March 2006             873           7,388             56.4             89.4                 8.5
            March 2007             794           7,247             51.3             91.0                 9.1
            March 2008             743           7,059             48.0             93.6                 9.5
            March 2009             683           6,785             44.1             91.9                 9.9
            March 2010             638           6,100             41.2             93.4                 9.6
            March 2011             612           6,054             39.5             95.9                 9.9
            March 2012             578           5,732             37.3             94.4                 9.9
            March 2013             556           5,699             35.9             96.2                10.3
            March 2014             533           5,792             34.4             95.9                10.9
            March 2015             492           5,387             31.8             92.3                10.9
            March 2016             464           5,042             30.0             94.3                10.9
            March 2017             439           4,762             28.3             94.6                10.8
            March 2018             426           4,717             27.5             97.0                11.1
            March 2019             403           4,458             26.0             94.6                11.1
            March 2020             388           4,277             25.0             96.3                11.0
            March 2021             379           4,002             24.5             97.7                10.6
            March 2022             353           4,029             22.8             93.1                11.4
            March 2023             329           3,933             21.2             93.2                12.0
            March 2024             312           3,761             20.1             94.8                12.1
 
Annual openings
Year ended: March 2003

            March 2003           1,440           5,589            100.0               _                  3.9
            March 2004           1,164           5,887             80.8             80.8                 5.1
            March 2005           1,005           5,732             69.8             86.3                 5.7
            March 2006             884           5,766             61.4             88.0                 6.5
            March 2007             837           6,083             58.1             94.7                 7.3
            March 2008             777           6,469             54.0             92.8                 8.3
            March 2009             717           5,813             49.8             92.3                 8.1
            March 2010             660           5,423             45.8             92.1                 8.2
            March 2011             632           5,240             43.9             95.8                 8.3
            March 2012             593           5,219             41.2             93.8                 8.8
            March 2013             554           5,197             38.5             93.4                 9.4
            March 2014             534           5,081             37.1             96.4                 9.5
            March 2015             508           4,967             35.3             95.1                 9.8
            March 2016             473           4,531             32.8             93.1                 9.6
            March 2017             453           4,601             31.5             95.8                10.2
            March 2018             424           4,495             29.4             93.6                10.6
            March 2019             415           4,449             28.8             97.9                10.7
            March 2020             395           4,243             27.4             95.2                10.7
            March 2021             375           3,965             26.0             94.9                10.6
            March 2022             355           3,988             24.7             94.7                11.2
            March 2023             337           4,007             23.4             94.9                11.9
            March 2024             320           4,019             22.2             95.0                12.6
 
Annual openings
Year ended: March 2004

            March 2004           1,559           6,193            100.0               _                  4.0
            March 2005           1,249           6,160             80.1             80.1                 4.9
            March 2006           1,076           6,151             69.0             86.1                 5.7
            March 2007             975           6,287             62.5             90.6                 6.4
            March 2008             877           6,186             56.3             89.9                 7.1
            March 2009             800           5,634             51.3             91.2                 7.0
            March 2010             741           5,050             47.5             92.6                 6.8
            March 2011             682           5,212             43.7             92.0                 7.6
            March 2012             642           5,066             41.2             94.1                 7.9
            March 2013             610           4,756             39.1             95.0                 7.8
            March 2014             576           4,703             36.9             94.4                 8.2
            March 2015             554           4,560             35.5             96.2                 8.2
            March 2016             508           4,105             32.6             91.7                 8.1
            March 2017             481           3,870             30.9             94.7                 8.0
            March 2018             455           3,854             29.2             94.6                 8.5
            March 2019             439           4,057             28.2             96.5                 9.2
            March 2020             420           3,520             26.9             95.7                 8.4
            March 2021             406           3,164             26.0             96.7                 7.8
            March 2022             387           3,242             24.8             95.3                 8.4
            March 2023             355           3,148             22.8             91.7                 8.9
            March 2024             347           3,055             22.3             97.7                 8.8
 
Annual openings
Year ended: March 2005

            March 2005           1,706           6,648            100.0               _                  3.9
            March 2006           1,374           6,629             80.5             80.5                 4.8
            March 2007           1,209           7,022             70.9             88.0                 5.8
            March 2008           1,106           6,995             64.8             91.5                 6.3
            March 2009             965           5,933             56.6             87.3                 6.1
            March 2010             844           5,171             49.5             87.5                 6.1
            March 2011             775           5,019             45.4             91.8                 6.5
            March 2012             711           4,782             41.7             91.7                 6.7
            March 2013             662           4,856             38.8             93.1                 7.3
            March 2014             643           4,543             37.7             97.1                 7.1
            March 2015             602           4,337             35.3             93.6                 7.2
            March 2016             539           3,634             31.6             89.5                 6.7
            March 2017             498           3,425             29.2             92.4                 6.9
            March 2018             466           3,304             27.3             93.6                 7.1
            March 2019             452           3,360             26.5             97.0                 7.4
            March 2020             410           3,128             24.0             90.7                 7.6
            March 2021             395           2,999             23.2             96.3                 7.6
            March 2022             371           2,947             21.7             93.9                 7.9
            March 2023             349           2,953             20.5             94.1                 8.5
            March 2024             336           2,909             19.7             96.3                 8.7
 
Annual openings
Year ended: March 2006

            March 2006           1,831           7,888            100.0               _                  4.3
            March 2007           1,447           8,293             79.0             79.0                 5.7
            March 2008           1,257           8,148             68.7             86.9                 6.5
            March 2009           1,086           7,148             59.3             86.4                 6.6
            March 2010             951           6,288             51.9             87.6                 6.6
            March 2011             883           6,170             48.2             92.8                 7.0
            March 2012             826           6,235             45.1             93.5                 7.5
            March 2013             764           6,180             41.7             92.5                 8.1
            March 2014             723           6,060             39.5             94.6                 8.4
            March 2015             693           5,862             37.8             95.9                 8.5
            March 2016             609           5,402             33.3             87.9                 8.9
            March 2017             585           5,139             31.9             96.1                 8.8
            March 2018             559           5,015             30.5             95.6                 9.0
            March 2019             533           5,012             29.1             95.3                 9.4
            March 2020             509           5,103             27.8             95.5                10.0
            March 2021             487           5,065             26.6             95.7                10.4
            March 2022             470           5,034             25.7             96.5                10.7
            March 2023             448           4,875             24.5             95.3                10.9
            March 2024             417           4,791             22.8             93.1                11.5
 
Annual openings
Year ended: March 2007

            March 2007           1,871           7,728            100.0               _                  4.1
            March 2008           1,417           6,780             75.7             75.7                 4.8
            March 2009           1,198           5,879             64.0             84.5                 4.9
            March 2010           1,026           5,253             54.8             85.6                 5.1
            March 2011             920           5,338             49.2             89.7                 5.8
            March 2012             847           5,087             45.3             92.1                 6.0
            March 2013             791           5,161             42.3             93.4                 6.5
            March 2014             724           5,097             38.7             91.5                 7.0
            March 2015             682           4,941             36.5             94.2                 7.2
            March 2016             634           4,410             33.9             93.0                 7.0
            March 2017             584           4,060             31.2             92.1                 7.0
            March 2018             551           4,097             29.4             94.3                 7.4
            March 2019             533           3,965             28.5             96.7                 7.4
            March 2020             501           3,963             26.8             94.0                 7.9
            March 2021             467           3,659             25.0             93.2                 7.8
            March 2022             447           3,701             23.9             95.7                 8.3
            March 2023             431           3,672             23.0             96.4                 8.5
            March 2024             406           3,676             21.7             94.2                 9.1
 
Annual openings
Year ended: March 2008

            March 2008           1,835           8,525            100.0               _                  4.6
            March 2009           1,337           6,406             72.9             72.9                 4.8
            March 2010           1,122           6,002             61.1             83.9                 5.3
            March 2011             994           5,400             54.2             88.6                 5.4
            March 2012             923           5,711             50.3             92.9                 6.2
            March 2013             848           5,374             46.2             91.9                 6.3
            March 2014             798           5,680             43.5             94.1                 7.1
            March 2015             753           5,464             41.0             94.4                 7.3
            March 2016             696           5,311             37.9             92.4                 7.6
            March 2017             652           5,002             35.5             93.7                 7.7
            March 2018             619           4,795             33.7             94.9                 7.7
            March 2019             579           4,602             31.6             93.5                 7.9
            March 2020             542           4,385             29.5             93.6                 8.1
            March 2021             535           4,178             29.2             98.7                 7.8
            March 2022             509           4,237             27.7             95.1                 8.3
            March 2023             469           4,261             25.6             92.1                 9.1
            March 2024             440           3,950             24.0             93.8                 9.0
 
Annual openings
Year ended: March 2009

            March 2009           1,582           6,345            100.0               _                  4.0
            March 2010           1,213           5,370             76.7             76.7                 4.4
            March 2011           1,044           5,134             66.0             86.1                 4.9
            March 2012             945           5,167             59.7             90.5                 5.5
            March 2013             832           5,027             52.6             88.0                 6.0
            March 2014             772           4,900             48.8             92.8                 6.3
            March 2015             718           4,824             45.4             93.0                 6.7
            March 2016             651           4,460             41.2             90.7                 6.9
            March 2017             603           4,085             38.1             92.6                 6.8
            March 2018             563           3,841             35.6             93.4                 6.8
            March 2019             531           3,829             33.6             94.3                 7.2
            March 2020             498           3,639             31.5             93.8                 7.3
            March 2021             468           3,339             29.6             94.0                 7.1
            March 2022             436           3,406             27.6             93.2                 7.8
            March 2023             420           3,474             26.5             96.3                 8.3
            March 2024             397           3,597             25.1             94.5                 9.1
 
Annual openings
Year ended: March 2010

            March 2010           1,380           5,422            100.0               _                  3.9
            March 2011           1,091           4,962             79.1             79.1                 4.5
            March 2012             952           4,584             69.0             87.3                 4.8
            March 2013             851           4,608             61.7             89.4                 5.4
            March 2014             764           4,394             55.4             89.8                 5.8
            March 2015             697           4,335             50.5             91.2                 6.2
            March 2016             624           3,804             45.2             89.5                 6.1
            March 2017             568           3,534             41.2             91.0                 6.2
            March 2018             530           3,407             38.4             93.3                 6.4
            March 2019             487           3,497             35.3             91.9                 7.2
            March 2020             460           3,299             33.3             94.5                 7.2
            March 2021             439           3,214             31.8             95.4                 7.3
            March 2022             420           3,197             30.4             95.7                 7.6
            March 2023             385           3,030             27.9             91.7                 7.9
            March 2024             363           2,932             26.3             94.3                 8.1
 
Annual openings
Year ended: March 2011

            March 2011           1,464           5,337            100.0               _                  3.6
            March 2012           1,147           5,446             78.3             78.3                 4.7
            March 2013             997           5,328             68.1             86.9                 5.3
            March 2014             890           5,447             60.8             89.3                 6.1
            March 2015             776           4,994             53.0             87.2                 6.4
            March 2016             673           4,728             46.0             86.7                 7.0
            March 2017             637           4,629             43.5             94.7                 7.3
            March 2018             589           4,536             40.2             92.5                 7.7
            March 2019             539           4,568             36.8             91.5                 8.5
            March 2020             498           4,276             34.0             92.4                 8.6
            March 2021             461           3,992             31.5             92.6                 8.7
            March 2022             435           4,115             29.7             94.4                 9.5
            March 2023             414           4,002             28.3             95.2                 9.7
            March 2024             388           3,912             26.5             93.7                10.1
 
Annual openings
Year ended: March 2012

            March 2012           1,542           5,898            100.0               _                  3.8
            March 2013           1,169           5,611             75.8             75.8                 4.8
            March 2014           1,022           5,655             66.3             87.4                 5.5
            March 2015             919           5,515             59.6             89.9                 6.0
            March 2016             811           4,943             52.6             88.2                 6.1
            March 2017             731           4,656             47.4             90.1                 6.4
            March 2018             696           4,599             45.1             95.2                 6.6
            March 2019             644           4,669             41.8             92.5                 7.3
            March 2020             591           4,413             38.3             91.8                 7.5
            March 2021             570           4,466             37.0             96.4                 7.8
            March 2022             540           4,214             35.0             94.7                 7.8
            March 2023             497           4,219             32.2             92.0                 8.5
            March 2024             453           4,242             29.4             91.1                 9.4
 
Annual openings
Year ended: March 2013

            March 2013           1,539           6,014            100.0               _                  3.9
            March 2014           1,206           6,174             78.4             78.4                 5.1
            March 2015           1,047           5,868             68.0             86.8                 5.6
            March 2016             879           4,920             57.1             84.0                 5.6
            March 2017             789           4,664             51.3             89.8                 5.9
            March 2018             731           4,540             47.5             92.6                 6.2
            March 2019             663           4,525             43.1             90.7                 6.8
            March 2020             601           4,312             39.1             90.6                 7.2
            March 2021             577           4,157             37.5             96.0                 7.2
            March 2022             535           4,249             34.8             92.7                 7.9
            March 2023             495           4,201             32.2             92.5                 8.5
            March 2024             472           4,053             30.7             95.4                 8.6
 
Annual openings
Year ended: March 2014

            March 2014           1,481           5,410            100.0               _                  3.7
            March 2015           1,184           5,301             79.9             79.9                 4.5
            March 2016             989           4,599             66.8             83.5                 4.7
            March 2017             857           4,309             57.9             86.7                 5.0
            March 2018             779           4,416             52.6             90.9                 5.7
            March 2019             719           4,651             48.5             92.3                 6.5
            March 2020             659           4,319             44.5             91.7                 6.6
            March 2021             632           4,036             42.7             95.9                 6.4
            March 2022             590           4,067             39.8             93.4                 6.9
            March 2023             550           3,857             37.1             93.2                 7.0
            March 2024             511           3,768             34.5             92.9                 7.4
 
Annual openings
Year ended: March 2015

            March 2015           1,861           6,781            100.0               _                  3.6
            March 2016           1,425           6,237             76.6             76.6                 4.4
            March 2017           1,173           5,899             63.0             82.3                 5.0
            March 2018           1,050           5,999             56.4             89.5                 5.7
            March 2019             944           6,294             50.7             89.9                 6.7
            March 2020             828           6,384             44.5             87.7                 7.7
            March 2021             746           5,160             40.1             90.1                 6.9
            March 2022             680           5,447             36.5             91.2                 8.0
            March 2023             638           5,384             34.3             93.8                 8.4
            March 2024             592           5,461             31.8             92.8                 9.2
 
Annual openings
Year ended: March 2016

            March 2016           1,701           5,153            100.0               _                  3.0
            March 2017           1,316           5,007             77.4             77.4                 3.8
            March 2018           1,136           4,795             66.8             86.3                 4.2
            March 2019           1,023           5,026             60.1             90.1                 4.9
            March 2020             904           4,767             53.1             88.4                 5.3
            March 2021             808           4,276             47.5             89.4                 5.3
            March 2022             752           4,226             44.2             93.1                 5.6
            March 2023             698           4,278             41.0             92.8                 6.1
            March 2024             654           4,289             38.4             93.7                 6.6
 
Annual openings
Year ended: March 2017

            March 2017           1,613           5,323            100.0               _                  3.3
            March 2018           1,313           5,437             81.4             81.4                 4.1
            March 2019           1,139           5,584             70.6             86.7                 4.9
            March 2020             989           5,092             61.3             86.8                 5.1
            March 2021             902           4,587             55.9             91.2                 5.1
            March 2022             789           4,629             48.9             87.5                 5.9
            March 2023             709           4,444             44.0             89.9                 6.3
            March 2024             644           4,671             39.9             90.8                 7.3
 
Annual openings
Year ended: March 2018

            March 2018           1,613           5,339            100.0               _                  3.3
            March 2019           1,284           5,290             79.6             79.6                 4.1
            March 2020           1,095           5,120             67.9             85.3                 4.7
            March 2021             955           4,368             59.2             87.2                 4.6
            March 2022             856           4,466             53.1             89.6                 5.2
            March 2023             774           4,205             48.0             90.4                 5.4
            March 2024             708           4,159             43.9             91.5                 5.9
 
Annual openings
Year ended: March 2019

            March 2019           1,840           6,444            100.0               _                  3.5
            March 2020           1,414           5,764             76.8             76.8                 4.1
            March 2021           1,232           5,190             67.0             87.1                 4.2
            March 2022           1,095           5,399             59.5             88.9                 4.9
            March 2023             963           5,310             52.3             87.9                 5.5
            March 2024             874           5,188             47.5             90.8                 5.9
 
Annual openings
Year ended: March 2020

            March 2020           1,950           6,530            100.0               _                  3.3
            March 2021           1,513           5,846             77.6             77.6                 3.9
            March 2022           1,293           6,289             66.3             85.5                 4.9
            March 2023           1,150           6,697             59.0             88.9                 5.8
            March 2024           1,017           6,013             52.2             88.4                 5.9
 
Annual openings
Year ended: March 2021

            March 2021           2,073           4,950            100.0               _                  2.4
            March 2022           1,582           4,966             76.3             76.3                 3.1
            March 2023           1,303           4,901             62.9             82.4                 3.8
            March 2024           1,120           4,594             54.0             86.0                 4.1
 
Annual openings
Year ended: March 2022

            March 2022           2,590           6,345            100.0               _                  2.4
            March 2023           1,974           6,249             76.2             76.2                 3.2
            March 2024           1,643           5,815             63.4             83.2                 3.5
 
Annual openings
Year ended: March 2023

            March 2023           2,923           6,846            100.0               _                  2.3
            March 2024           2,214           6,736             75.7             75.7                 3.0
 
Annual openings
Year ended: March 2024

            March 2024           2,782           6,670            100.0               _                  2.4
 
NOTE: A '_' indicates that the data are not available and a 'N' indicates that the data do not meet BLS disclosure standards.
