Table 7. Survival of private sector establishments by opening year

Total Private

Alaska

                          Surviving       Total Employment   Survival Rates   Survival Rates of   Average Employment
                          Establishments  of Survivors       Since Birth      Previous Year's     of Survivors
                                                                              Survivors

Annual openings
Year ended: March 1994

            March 1994           1,378           8,459            100.0               _                  6.1
            March 1995           1,075           8,162             78.0             78.0                 7.6
            March 1996             932           7,857             67.6             86.7                 8.4
            March 1997             828           7,798             60.1             88.8                 9.4
            March 1998             745           7,726             54.1             90.0                10.4
            March 1999             672           7,307             48.8             90.2                10.9
            March 2000             635           7,208             46.1             94.5                11.4
            March 2001             583           7,292             42.3             91.8                12.5
            March 2002             537           7,710             39.0             92.1                14.4
            March 2003             508           7,929             36.9             94.6                15.6
            March 2004             476           7,020             34.5             93.7                14.7
            March 2005             464           7,278             33.7             97.5                15.7
            March 2006             436           7,060             31.6             94.0                16.2
            March 2007             409           6,725             29.7             93.8                16.4
            March 2008             381           6,789             27.6             93.2                17.8
            March 2009             353           6,428             25.6             92.7                18.2
            March 2010             339           6,266             24.6             96.0                18.5
            March 2011             322           6,331             23.4             95.0                19.7
            March 2012             304           6,151             22.1             94.4                20.2
            March 2013             301           6,016             21.8             99.0                20.0
            March 2014             286           5,810             20.8             95.0                20.3
            March 2015             280           5,802             20.3             97.9                20.7
            March 2016             273           5,636             19.8             97.5                20.6
            March 2017             257           5,563             18.7             94.1                21.6
            March 2018             251           5,536             18.2             97.7                22.1
            March 2019             242           5,181             17.6             96.4                21.4
            March 2020             243           4,997             17.6            100.4                20.6
            March 2021             229           4,794             16.6             94.2                20.9
            March 2022             219           4,791             15.9             95.6                21.9
            March 2023             216           4,815             15.7             98.6                22.3
            March 2024             201           4,917             14.6             93.1                24.5
 
Annual openings
Year ended: March 1995

            March 1995           1,441           7,257            100.0               _                  5.0
            March 1996           1,136           6,539             78.8             78.8                 5.8
            March 1997             992           6,091             68.8             87.3                 6.1
            March 1998             872           5,901             60.5             87.9                 6.8
            March 1999             754           5,670             52.3             86.5                 7.5
            March 2000             686           5,650             47.6             91.0                 8.2
            March 2001             636           5,640             44.1             92.7                 8.9
            March 2002             589           5,568             40.9             92.6                 9.5
            March 2003             551           5,385             38.2             93.5                 9.8
            March 2004             524           5,279             36.4             95.1                10.1
            March 2005             508           5,247             35.3             96.9                10.3
            March 2006             478           5,064             33.2             94.1                10.6
            March 2007             447           4,872             31.0             93.5                10.9
            March 2008             411           4,828             28.5             91.9                11.7
            March 2009             397           4,676             27.6             96.6                11.8
            March 2010             400           4,752             27.8            100.8                11.9
            March 2011             378           4,737             26.2             94.5                12.5
            March 2012             374           4,594             26.0             98.9                12.3
            March 2013             341           4,508             23.7             91.2                13.2
            March 2014             329           4,232             22.8             96.5                12.9
            March 2015             318           4,141             22.1             96.7                13.0
            March 2016             313           3,957             21.7             98.4                12.6
            March 2017             295           3,806             20.5             94.2                12.9
            March 2018             284           3,733             19.7             96.3                13.1
            March 2019             273           3,703             18.9             96.1                13.6
            March 2020             263           3,500             18.3             96.3                13.3
            March 2021             244           3,157             16.9             92.8                12.9
            March 2022             273           3,238             18.9            111.9                11.9
            March 2023             269           3,168             18.7             98.5                11.8
            March 2024             263           3,210             18.3             97.8                12.2
 
Annual openings
Year ended: March 1996

            March 1996           1,334           6,430            100.0               _                  4.8
            March 1997           1,052           5,976             78.9             78.9                 5.7
            March 1998             890           5,793             66.7             84.6                 6.5
            March 1999             778           5,408             58.3             87.4                 7.0
            March 2000             721           5,252             54.0             92.7                 7.3
            March 2001             656           4,993             49.2             91.0                 7.6
            March 2002             599           4,950             44.9             91.3                 8.3
            March 2003             564           4,702             42.3             94.2                 8.3
            March 2004             526           4,466             39.4             93.3                 8.5
            March 2005             499           4,349             37.4             94.9                 8.7
            March 2006             460           4,266             34.5             92.2                 9.3
            March 2007             420           4,083             31.5             91.3                 9.7
            March 2008             387           3,880             29.0             92.1                10.0
            March 2009             383           3,744             28.7             99.0                 9.8
            March 2010             373           3,630             28.0             97.4                 9.7
            March 2011             348           3,661             26.1             93.3                10.5
            March 2012             339           3,582             25.4             97.4                10.6
            March 2013             326           3,511             24.4             96.2                10.8
            March 2014             319           3,415             23.9             97.9                10.7
            March 2015             307           3,382             23.0             96.2                11.0
            March 2016             294           3,280             22.0             95.8                11.2
            March 2017             286           3,129             21.4             97.3                10.9
            March 2018             265           2,858             19.9             92.7                10.8
            March 2019             262           2,797             19.6             98.9                10.7
            March 2020             250           2,683             18.7             95.4                10.7
            March 2021             239           2,382             17.9             95.6                10.0
            March 2022             226           2,412             16.9             94.6                10.7
            March 2023             224           2,613             16.8             99.1                11.7
            March 2024             208           2,555             15.6             92.9                12.3
 
Annual openings
Year ended: March 1997

            March 1997           1,388           6,702            100.0               _                  4.8
            March 1998           1,091           6,232             78.6             78.6                 5.7
            March 1999             942           6,197             67.9             86.3                 6.6
            March 2000             856           5,959             61.7             90.9                 7.0
            March 2001             773           5,739             55.7             90.3                 7.4
            March 2002             703           5,630             50.6             90.9                 8.0
            March 2003             645           5,488             46.5             91.7                 8.5
            March 2004             620           5,265             44.7             96.1                 8.5
            March 2005             571           5,051             41.1             92.1                 8.8
            March 2006             548           5,238             39.5             96.0                 9.6
            March 2007             516           5,353             37.2             94.2                10.4
            March 2008             479           5,407             34.5             92.8                11.3
            March 2009             454           5,288             32.7             94.8                11.6
            March 2010             422           4,701             30.4             93.0                11.1
            March 2011             403           4,597             29.0             95.5                11.4
            March 2012             397           4,716             28.6             98.5                11.9
            March 2013             372           4,655             26.8             93.7                12.5
            March 2014             361           4,464             26.0             97.0                12.4
            March 2015             352           4,436             25.4             97.5                12.6
            March 2016             337           4,497             24.3             95.7                13.3
            March 2017             324           4,135             23.3             96.1                12.8
            March 2018             307           4,005             22.1             94.8                13.0
            March 2019             294           3,758             21.2             95.8                12.8
            March 2020             281           3,639             20.2             95.6                13.0
            March 2021             273           3,178             19.7             97.2                11.6
            March 2022             258           3,308             18.6             94.5                12.8
            March 2023             253           3,362             18.2             98.1                13.3
            March 2024             242           3,401             17.4             95.7                14.1
 
Annual openings
Year ended: March 1998

            March 1998           1,400           7,019            100.0               _                  5.0
            March 1999           1,111           6,875             79.4             79.4                 6.2
            March 2000             945           7,131             67.5             85.1                 7.5
            March 2001             844           7,288             60.3             89.3                 8.6
            March 2002             769           6,732             54.9             91.1                 8.8
            March 2003             692           6,502             49.4             90.0                 9.4
            March 2004             649           6,619             46.4             93.8                10.2
            March 2005             612           6,804             43.7             94.3                11.1
            March 2006             563           6,760             40.2             92.0                12.0
            March 2007             524           6,511             37.4             93.1                12.4
            March 2008             502           6,361             35.9             95.8                12.7
            March 2009             452           5,954             32.3             90.0                13.2
            March 2010             426           5,994             30.4             94.2                14.1
            March 2011             414           6,100             29.6             97.2                14.7
            March 2012             397           6,456             28.4             95.9                16.3
            March 2013             368           6,265             26.3             92.7                17.0
            March 2014             355           6,221             25.4             96.5                17.5
            March 2015             350           6,285             25.0             98.6                18.0
            March 2016             341           6,449             24.4             97.4                18.9
            March 2017             326           6,542             23.3             95.6                20.1
            March 2018             320           6,773             22.9             98.2                21.2
            March 2019             312           7,063             22.3             97.5                22.6
            March 2020             310           6,890             22.1             99.4                22.2
            March 2021             292           6,492             20.9             94.2                22.2
            March 2022             290           6,535             20.7             99.3                22.5
            March 2023             280           6,791             20.0             96.6                24.3
            March 2024             268           6,920             19.1             95.7                25.8
 
Annual openings
Year ended: March 1999

            March 1999           1,263           6,846            100.0               _                  5.4
            March 2000           1,000           7,046             79.2             79.2                 7.0
            March 2001             833           6,700             66.0             83.3                 8.0
            March 2002             734           5,973             58.1             88.1                 8.1
            March 2003             677           5,738             53.6             92.2                 8.5
            March 2004             624           5,631             49.4             92.2                 9.0
            March 2005             577           5,334             45.7             92.5                 9.2
            March 2006             527           5,203             41.7             91.3                 9.9
            March 2007             501           5,124             39.7             95.1                10.2
            March 2008             475           5,029             37.6             94.8                10.6
            March 2009             451           4,773             35.7             94.9                10.6
            March 2010             419           4,758             33.2             92.9                11.4
            March 2011             406           4,685             32.1             96.9                11.5
            March 2012             385           4,637             30.5             94.8                12.0
            March 2013             370           4,540             29.3             96.1                12.3
            March 2014             356           4,360             28.2             96.2                12.2
            March 2015             347           4,297             27.5             97.5                12.4
            March 2016             336           4,162             26.6             96.8                12.4
            March 2017             330           3,962             26.1             98.2                12.0
            March 2018             326           3,743             25.8             98.8                11.5
            March 2019             318           3,429             25.2             97.5                10.8
            March 2020             304           3,248             24.1             95.6                10.7
            March 2021             281           3,153             22.2             92.4                11.2
            March 2022             271           3,227             21.5             96.4                11.9
            March 2023             265           3,153             21.0             97.8                11.9
            March 2024             252           2,916             20.0             95.1                11.6
 
Annual openings
Year ended: March 2000

            March 2000           1,274           8,468            100.0               _                  6.6
            March 2001             954           7,543             74.9             74.9                 7.9
            March 2002             804           7,664             63.1             84.3                 9.5
            March 2003             724           7,423             56.8             90.0                10.3
            March 2004             676           7,460             53.1             93.4                11.0
            March 2005             629           7,209             49.4             93.0                11.5
            March 2006             580           7,240             45.5             92.2                12.5
            March 2007             553           7,081             43.4             95.3                12.8
            March 2008             497           7,000             39.0             89.9                14.1
            March 2009             456           6,831             35.8             91.8                15.0
            March 2010             431           6,474             33.8             94.5                15.0
            March 2011             403           6,413             31.6             93.5                15.9
            March 2012             390           6,577             30.6             96.8                16.9
            March 2013             370           6,567             29.0             94.9                17.7
            March 2014             351           6,494             27.6             94.9                18.5
            March 2015             340           6,308             26.7             96.9                18.6
            March 2016             325           5,807             25.5             95.6                17.9
            March 2017             321           5,546             25.2             98.8                17.3
            March 2018             308           5,444             24.2             96.0                17.7
            March 2019             289           5,319             22.7             93.8                18.4
            March 2020             279           5,293             21.9             96.5                19.0
            March 2021             272           4,744             21.4             97.5                17.4
            March 2022             266           4,933             20.9             97.8                18.5
            March 2023             265           4,846             20.8             99.6                18.3
            March 2024             247           4,717             19.4             93.2                19.1
 
Annual openings
Year ended: March 2001

            March 2001           1,193           8,453            100.0               _                  7.1
            March 2002             911           7,412             76.4             76.4                 8.1
            March 2003             788           7,860             66.1             86.5                10.0
            March 2004             706           7,590             59.2             89.6                10.8
            March 2005             661           7,647             55.4             93.6                11.6
            March 2006             612           7,995             51.3             92.6                13.1
            March 2007             558           7,513             46.8             91.2                13.5
            March 2008             522           7,775             43.8             93.5                14.9
            March 2009             463           7,659             38.8             88.7                16.5
            March 2010             440           7,371             36.9             95.0                16.8
            March 2011             424           7,698             35.5             96.4                18.2
            March 2012             405           7,646             33.9             95.5                18.9
            March 2013             396           7,453             33.2             97.8                18.8
            March 2014             372           7,617             31.2             93.9                20.5
            March 2015             368           7,191             30.8             98.9                19.5
            March 2016             359           7,046             30.1             97.6                19.6
            March 2017             337           6,941             28.2             93.9                20.6
            March 2018             339           6,332             28.4            100.6                18.7
            March 2019             331           6,591             27.7             97.6                19.9
            March 2020             301           6,653             25.2             90.9                22.1
            March 2021             312           5,217             26.2            103.7                16.7
            March 2022             303           5,379             25.4             97.1                17.8
            March 2023             290           5,350             24.3             95.7                18.4
            March 2024             280           5,693             23.5             96.6                20.3
 
Annual openings
Year ended: March 2002

            March 2002           1,420           8,388            100.0               _                  5.9
            March 2003           1,135           8,217             79.9             79.9                 7.2
            March 2004             999           8,116             70.4             88.0                 8.1
            March 2005             886           8,441             62.4             88.7                 9.5
            March 2006             817           8,478             57.5             92.2                10.4
            March 2007             736           8,186             51.8             90.1                11.1
            March 2008             687           7,630             48.4             93.3                11.1
            March 2009             624           7,251             43.9             90.8                11.6
            March 2010             578           6,824             40.7             92.6                11.8
            March 2011             559           7,054             39.4             96.7                12.6
            March 2012             529           6,877             37.3             94.6                13.0
            March 2013             511           6,942             36.0             96.6                13.6
            March 2014             493           6,687             34.7             96.5                13.6
            March 2015             473           6,493             33.3             95.9                13.7
            March 2016             449           6,186             31.6             94.9                13.8
            March 2017             440           6,338             31.0             98.0                14.4
            March 2018             431           6,161             30.4             98.0                14.3
            March 2019             405           6,117             28.5             94.0                15.1
            March 2020             380           5,649             26.8             93.8                14.9
            March 2021             361           5,367             25.4             95.0                14.9
            March 2022             336           5,354             23.7             93.1                15.9
            March 2023             311           5,198             21.9             92.6                16.7
            March 2024             298           5,298             21.0             95.8                17.8
 
Annual openings
Year ended: March 2003

            March 2003           1,241           6,158            100.0               _                  5.0
            March 2004             975           6,775             78.6             78.6                 6.9
            March 2005             843           6,503             67.9             86.5                 7.7
            March 2006             750           6,237             60.4             89.0                 8.3
            March 2007             689           6,010             55.5             91.9                 8.7
            March 2008             611           5,981             49.2             88.7                 9.8
            March 2009             565           5,592             45.5             92.5                 9.9
            March 2010             526           5,496             42.4             93.1                10.4
            March 2011             500           5,458             40.3             95.1                10.9
            March 2012             465           5,399             37.5             93.0                11.6
            March 2013             449           5,016             36.2             96.6                11.2
            March 2014             420           5,102             33.8             93.5                12.1
            March 2015             417           4,967             33.6             99.3                11.9
            March 2016             395           4,821             31.8             94.7                12.2
            March 2017             371           4,409             29.9             93.9                11.9
            March 2018             353           4,254             28.4             95.1                12.1
            March 2019             347           4,069             28.0             98.3                11.7
            March 2020             321           3,851             25.9             92.5                12.0
            March 2021             310           3,405             25.0             96.6                11.0
            March 2022             294           3,405             23.7             94.8                11.6
            March 2023             290           3,484             23.4             98.6                12.0
            March 2024             271           3,460             21.8             93.4                12.8
 
Annual openings
Year ended: March 2004

            March 2004           1,301           5,993            100.0               _                  4.6
            March 2005             998           6,021             76.7             76.7                 6.0
            March 2006             869           6,291             66.8             87.1                 7.2
            March 2007             781           6,070             60.0             89.9                 7.8
            March 2008             665           5,997             51.1             85.1                 9.0
            March 2009             602           5,636             46.3             90.5                 9.4
            March 2010             543           5,532             41.7             90.2                10.2
            March 2011             523           5,517             40.2             96.3                10.5
            March 2012             490           5,615             37.7             93.7                11.5
            March 2013             461           5,616             35.4             94.1                12.2
            March 2014             430           5,367             33.1             93.3                12.5
            March 2015             414           5,204             31.8             96.3                12.6
            March 2016             398           5,122             30.6             96.1                12.9
            March 2017             372           4,901             28.6             93.5                13.2
            March 2018             360           4,667             27.7             96.8                13.0
            March 2019             349           4,351             26.8             96.9                12.5
            March 2020             322           4,306             24.8             92.3                13.4
            March 2021             314           4,130             24.1             97.5                13.2
            March 2022             302           4,316             23.2             96.2                14.3
            March 2023             291           4,240             22.4             96.4                14.6
            March 2024             278           4,181             21.4             95.5                15.0
 
Annual openings
Year ended: March 2005

            March 2005           1,255           6,041            100.0               _                  4.8
            March 2006             956           5,907             76.2             76.2                 6.2
            March 2007             823           5,788             65.6             86.1                 7.0
            March 2008             703           5,344             56.0             85.4                 7.6
            March 2009             641           5,283             51.1             91.2                 8.2
            March 2010             586           5,078             46.7             91.4                 8.7
            March 2011             566           5,064             45.1             96.6                 8.9
            March 2012             533           5,578             42.5             94.2                10.5
            March 2013             487           5,180             38.8             91.4                10.6
            March 2014             459           4,873             36.6             94.3                10.6
            March 2015             422           4,546             33.6             91.9                10.8
            March 2016             400           4,634             31.9             94.8                11.6
            March 2017             367           4,350             29.2             91.8                11.9
            March 2018             343           4,334             27.3             93.5                12.6
            March 2019             323           4,128             25.7             94.2                12.8
            March 2020             303           3,948             24.1             93.8                13.0
            March 2021             294           3,877             23.4             97.0                13.2
            March 2022             281           4,060             22.4             95.6                14.4
            March 2023             266           4,065             21.2             94.7                15.3
            March 2024             252           4,054             20.1             94.7                16.1
 
Annual openings
Year ended: March 2006

            March 2006           1,219           4,880            100.0               _                  4.0
            March 2007             893           4,794             73.3             73.3                 5.4
            March 2008             789           4,844             64.7             88.4                 6.1
            March 2009             685           4,434             56.2             86.8                 6.5
            March 2010             616           4,364             50.5             89.9                 7.1
            March 2011             577           4,425             47.3             93.7                 7.7
            March 2012             556           4,876             45.6             96.4                 8.8
            March 2013             531           4,740             43.6             95.5                 8.9
            March 2014             493           4,685             40.4             92.8                 9.5
            March 2015             459           4,351             37.7             93.1                 9.5
            March 2016             434           4,081             35.6             94.6                 9.4
            March 2017             425           3,892             34.9             97.9                 9.2
            March 2018             401           3,764             32.9             94.4                 9.4
            March 2019             374           3,617             30.7             93.3                 9.7
            March 2020             360           3,549             29.5             96.3                 9.9
            March 2021             344           3,434             28.2             95.6                10.0
            March 2022             329           3,447             27.0             95.6                10.5
            March 2023             310           3,384             25.4             94.2                10.9
            March 2024             311           3,463             25.5            100.3                11.1
 
Annual openings
Year ended: March 2007

            March 2007           1,184           5,200            100.0               _                  4.4
            March 2008             935           5,236             79.0             79.0                 5.6
            March 2009             790           4,809             66.7             84.5                 6.1
            March 2010             704           4,663             59.5             89.1                 6.6
            March 2011             640           4,876             54.1             90.9                 7.6
            March 2012             591           4,867             49.9             92.3                 8.2
            March 2013             546           4,558             46.1             92.4                 8.3
            March 2014             516           4,800             43.6             94.5                 9.3
            March 2015             487           4,490             41.1             94.4                 9.2
            March 2016             459           4,241             38.8             94.3                 9.2
            March 2017             423           4,021             35.7             92.2                 9.5
            March 2018             390           3,796             32.9             92.2                 9.7
            March 2019             366           3,574             30.9             93.8                 9.8
            March 2020             333           3,644             28.1             91.0                10.9
            March 2021             342           3,534             28.9            102.7                10.3
            March 2022             319           3,309             26.9             93.3                10.4
            March 2023             304           3,177             25.7             95.3                10.5
            March 2024             292           3,195             24.7             96.1                10.9
 
Annual openings
Year ended: March 2008

            March 2008           1,189           5,376            100.0               _                  4.5
            March 2009             887           5,565             74.6             74.6                 6.3
            March 2010             756           5,266             63.6             85.2                 7.0
            March 2011             705           5,365             59.3             93.3                 7.6
            March 2012             655           5,144             55.1             92.9                 7.9
            March 2013             584           5,038             49.1             89.2                 8.6
            March 2014             543           4,854             45.7             93.0                 8.9
            March 2015             502           4,959             42.2             92.4                 9.9
            March 2016             482           4,753             40.5             96.0                 9.9
            March 2017             454           4,329             38.2             94.2                 9.5
            March 2018             427           4,443             35.9             94.1                10.4
            March 2019             417           4,532             35.1             97.7                10.9
            March 2020             389           4,305             32.7             93.3                11.1
            March 2021             380           4,019             32.0             97.7                10.6
            March 2022             360           3,986             30.3             94.7                11.1
            March 2023             352           4,070             29.6             97.8                11.6
            March 2024             339           4,156             28.5             96.3                12.3
 
Annual openings
Year ended: March 2009

            March 2009           1,198           5,366            100.0               _                  4.5
            March 2010             904           5,131             75.5             75.5                 5.7
            March 2011             785           5,277             65.5             86.8                 6.7
            March 2012             723           5,339             60.4             92.1                 7.4
            March 2013             659           5,583             55.0             91.1                 8.5
            March 2014             590           4,955             49.2             89.5                 8.4
            March 2015             561           4,991             46.8             95.1                 8.9
            March 2016             523           4,963             43.7             93.2                 9.5
            March 2017             490           4,600             40.9             93.7                 9.4
            March 2018             457           4,723             38.1             93.3                10.3
            March 2019             426           4,754             35.6             93.2                11.2
            March 2020             398           4,705             33.2             93.4                11.8
            March 2021             372           4,320             31.1             93.5                11.6
            March 2022             360           4,460             30.1             96.8                12.4
            March 2023             348           4,440             29.0             96.7                12.8
            March 2024             331           4,601             27.6             95.1                13.9
 
Annual openings
Year ended: March 2010

            March 2010           1,087           4,867            100.0               _                  4.5
            March 2011             861           4,656             79.2             79.2                 5.4
            March 2012             740           4,689             68.1             85.9                 6.3
            March 2013             657           4,666             60.4             88.8                 7.1
            March 2014             586           4,553             53.9             89.2                 7.8
            March 2015             541           4,509             49.8             92.3                 8.3
            March 2016             516           4,395             47.5             95.4                 8.5
            March 2017             505           4,232             46.5             97.9                 8.4
            March 2018             462           4,185             42.5             91.5                 9.1
            March 2019             436           4,245             40.1             94.4                 9.7
            March 2020             409           4,208             37.6             93.8                10.3
            March 2021             392           4,001             36.1             95.8                10.2
            March 2022             379           4,313             34.9             96.7                11.4
            March 2023             355           4,258             32.7             93.7                12.0
            March 2024             340           4,254             31.3             95.8                12.5
 
Annual openings
Year ended: March 2011

            March 2011           1,026           4,675            100.0               _                  4.6
            March 2012             790           4,824             77.0             77.0                 6.1
            March 2013             693           4,818             67.5             87.7                 7.0
            March 2014             622           5,088             60.6             89.8                 8.2
            March 2015             577           4,988             56.2             92.8                 8.6
            March 2016             530           4,865             51.7             91.9                 9.2
            March 2017             503           4,800             49.0             94.9                 9.5
            March 2018             474           4,509             46.2             94.2                 9.5
            March 2019             437           4,490             42.6             92.2                10.3
            March 2020             390           4,594             38.0             89.2                11.8
            March 2021             380           3,786             37.0             97.4                10.0
            March 2022             358           4,117             34.9             94.2                11.5
            March 2023             334           4,047             32.6             93.3                12.1
            March 2024             318           4,046             31.0             95.2                12.7
 
Annual openings
Year ended: March 2012

            March 2012           1,136           4,914            100.0               _                  4.3
            March 2013             905           5,294             79.7             79.7                 5.8
            March 2014             778           5,235             68.5             86.0                 6.7
            March 2015             681           5,236             59.9             87.5                 7.7
            March 2016             628           4,799             55.3             92.2                 7.6
            March 2017             549           4,377             48.3             87.4                 8.0
            March 2018             505           4,241             44.5             92.0                 8.4
            March 2019             468           3,891             41.2             92.7                 8.3
            March 2020             414           3,781             36.4             88.5                 9.1
            March 2021             381           3,634             33.5             92.0                 9.5
            March 2022             381           3,833             33.5            100.0                10.1
            March 2023             362           3,764             31.9             95.0                10.4
            March 2024             340           3,560             29.9             93.9                10.5
 
Annual openings
Year ended: March 2013

            March 2013           1,200           4,814            100.0               _                  4.0
            March 2014             949           4,984             79.1             79.1                 5.3
            March 2015             837           5,370             69.8             88.2                 6.4
            March 2016             751           4,743             62.6             89.7                 6.3
            March 2017             692           4,507             57.7             92.1                 6.5
            March 2018             636           4,356             53.0             91.9                 6.8
            March 2019             598           4,176             49.8             94.0                 7.0
            March 2020             534           3,915             44.5             89.3                 7.3
            March 2021             528           4,177             44.0             98.9                 7.9
            March 2022             496           4,171             41.3             93.9                 8.4
            March 2023             468           4,230             39.0             94.4                 9.0
            March 2024             435           4,384             36.3             92.9                10.1
 
Annual openings
Year ended: March 2014

            March 2014           1,044           4,859            100.0               _                  4.7
            March 2015             819           5,061             78.4             78.4                 6.2
            March 2016             709           4,934             67.9             86.6                 7.0
            March 2017             648           4,764             62.1             91.4                 7.4
            March 2018             588           4,697             56.3             90.7                 8.0
            March 2019             545           4,867             52.2             92.7                 8.9
            March 2020             516           4,483             49.4             94.7                 8.7
            March 2021             502           4,149             48.1             97.3                 8.3
            March 2022             472           4,134             45.2             94.0                 8.8
            March 2023             435           3,980             41.7             92.2                 9.1
            March 2024             400           3,914             38.3             92.0                 9.8
 
Annual openings
Year ended: March 2015

            March 2015           1,152           4,758            100.0               _                  4.1
            March 2016             858           4,413             74.5             74.5                 5.1
            March 2017             711           4,053             61.7             82.9                 5.7
            March 2018             620           4,017             53.8             87.2                 6.5
            March 2019             571           3,864             49.6             92.1                 6.8
            March 2020             514           3,753             44.6             90.0                 7.3
            March 2021             507           3,320             44.0             98.6                 6.5
            March 2022             470           3,217             40.8             92.7                 6.8
            March 2023             443           3,418             38.5             94.3                 7.7
            March 2024             405           3,328             35.2             91.4                 8.2
 
Annual openings
Year ended: March 2016

            March 2016           1,054           3,983            100.0               _                  3.8
            March 2017             820           3,817             77.8             77.8                 4.7
            March 2018             691           3,796             65.6             84.3                 5.5
            March 2019             627           3,894             59.5             90.7                 6.2
            March 2020             560           3,676             53.1             89.3                 6.6
            March 2021             523           3,434             49.6             93.4                 6.6
            March 2022             492           3,611             46.7             94.1                 7.3
            March 2023             456           3,674             43.3             92.7                 8.1
            March 2024             431           3,721             40.9             94.5                 8.6
 
Annual openings
Year ended: March 2017

            March 2017           1,128           4,233            100.0               _                  3.8
            March 2018             873           4,325             77.4             77.4                 5.0
            March 2019             774           4,359             68.6             88.7                 5.6
            March 2020             692           4,082             61.3             89.4                 5.9
            March 2021             643           4,000             57.0             92.9                 6.2
            March 2022             595           4,180             52.7             92.5                 7.0
            March 2023             556           4,185             49.3             93.4                 7.5
            March 2024             496           3,961             44.0             89.2                 8.0
 
Annual openings
Year ended: March 2018

            March 2018           1,202           5,468            100.0               _                  4.5
            March 2019             985           5,596             81.9             81.9                 5.7
            March 2020             877           5,431             73.0             89.0                 6.2
            March 2021             806           5,062             67.1             91.9                 6.3
            March 2022             751           5,017             62.5             93.2                 6.7
            March 2023             690           5,019             57.4             91.9                 7.3
            March 2024             642           5,160             53.4             93.0                 8.0
 
Annual openings
Year ended: March 2019

            March 2019           1,071           4,608            100.0               _                  4.3
            March 2020             850           4,702             79.4             79.4                 5.5
            March 2021             789           4,601             73.7             92.8                 5.8
            March 2022             723           4,800             67.5             91.6                 6.6
            March 2023             663           4,887             61.9             91.7                 7.4
            March 2024             600           4,760             56.0             90.5                 7.9
 
Annual openings
Year ended: March 2020

            March 2020           1,277           4,352            100.0               _                  3.4
            March 2021           1,025           4,363             80.3             80.3                 4.3
            March 2022             904           4,743             70.8             88.2                 5.2
            March 2023             796           4,795             62.3             88.1                 6.0
            March 2024             717           4,630             56.1             90.1                 6.5
 
Annual openings
Year ended: March 2021

            March 2021           1,517           4,130            100.0               _                  2.7
            March 2022           1,156           4,234             76.2             76.2                 3.7
            March 2023             984           3,939             64.9             85.1                 4.0
            March 2024             859           3,844             56.6             87.3                 4.5
 
Annual openings
Year ended: March 2022

            March 2022           1,841           4,279            100.0               _                  2.3
            March 2023           1,322           3,732             71.8             71.8                 2.8
            March 2024           1,080           3,621             58.7             81.7                 3.4
 
Annual openings
Year ended: March 2023

            March 2023           1,823           4,544            100.0               _                  2.5
            March 2024           1,344           4,529             73.7             73.7                 3.4
 
Annual openings
Year ended: March 2024

            March 2024           1,601           4,390            100.0               _                  2.7
 
NOTE: A '_' indicates that the data are not available and a 'N' indicates that the data do not meet BLS disclosure standards.
