Table 7. Survival of private sector establishments by opening year

Total Private

District of Columbia

                          Surviving       Total Employment   Survival Rates   Survival Rates of   Average Employment
                          Establishments  of Survivors       Since Birth      Previous Year's     of Survivors
                                                                              Survivors

Annual openings
Year ended: March 1994

            March 1994           1,895          15,912            100.0               _                  8.4
            March 1995           1,439          16,436             75.9             75.9                11.4
            March 1996           1,256          14,703             66.3             87.3                11.7
            March 1997           1,016          12,716             53.6             80.9                12.5
            March 1998             894          11,739             47.2             88.0                13.1
            March 1999             769          11,107             40.6             86.0                14.4
            March 2000             708          11,169             37.4             92.1                15.8
            March 2001             645          10,192             34.0             91.1                15.8
            March 2002             588           9,494             31.0             91.2                16.1
            March 2003             532           9,287             28.1             90.5                17.5
            March 2004             497           9,779             26.2             93.4                19.7
            March 2005             506           9,545             26.7            101.8                18.9
            March 2006             467           9,104             24.6             92.3                19.5
            March 2007             437           9,040             23.1             93.6                20.7
            March 2008             421           8,978             22.2             96.3                21.3
            March 2009             398           8,394             21.0             94.5                21.1
            March 2010             395           7,885             20.8             99.2                20.0
            March 2011             366           7,674             19.3             92.7                21.0
            March 2012             355           7,357             18.7             97.0                20.7
            March 2013             339           6,892             17.9             95.5                20.3
            March 2014             319           6,486             16.8             94.1                20.3
            March 2015             307           6,233             16.2             96.2                20.3
            March 2016             297           6,110             15.7             96.7                20.6
            March 2017             283           5,750             14.9             95.3                20.3
            March 2018             268           5,711             14.1             94.7                21.3
            March 2019             273           5,659             14.4            101.9                20.7
            March 2020             258           5,334             13.6             94.5                20.7
            March 2021             233           4,167             12.3             90.3                17.9
            March 2022             229           4,710             12.1             98.3                20.6
            March 2023             226           4,535             11.9             98.7                20.1
            March 2024             216           4,253             11.4             95.6                19.7
 
Annual openings
Year ended: March 1995

            March 1995           2,076          14,184            100.0               _                  6.8
            March 1996           1,695          13,439             81.6             81.6                 7.9
            March 1997           1,362          11,747             65.6             80.4                 8.6
            March 1998           1,102          10,425             53.1             80.9                 9.5
            March 1999             950           9,496             45.8             86.2                10.0
            March 2000             867           9,298             41.8             91.3                10.7
            March 2001             751           8,959             36.2             86.6                11.9
            March 2002             691           8,772             33.3             92.0                12.7
            March 2003             642           8,343             30.9             92.9                13.0
            March 2004             595           8,475             28.7             92.7                14.2
            March 2005             550           8,319             26.5             92.4                15.1
            March 2006             508           7,900             24.5             92.4                15.6
            March 2007             463           7,213             22.3             91.1                15.6
            March 2008             436           6,781             21.0             94.2                15.6
            March 2009             398           6,376             19.2             91.3                16.0
            March 2010             375           6,238             18.1             94.2                16.6
            March 2011             348           6,385             16.8             92.8                18.3
            March 2012             331           6,509             15.9             95.1                19.7
            March 2013             322           6,489             15.5             97.3                20.2
            March 2014             308           6,143             14.8             95.7                19.9
            March 2015             289           6,386             13.9             93.8                22.1
            March 2016             270           6,205             13.0             93.4                23.0
            March 2017             259           6,074             12.5             95.9                23.5
            March 2018             236           6,034             11.4             91.1                25.6
            March 2019             233           6,643             11.2             98.7                28.5
            March 2020             213           6,294             10.3             91.4                29.5
            March 2021             199           5,461              9.6             93.4                27.4
            March 2022             197           5,953              9.5             99.0                30.2
            March 2023             182           6,343              8.8             92.4                34.9
            March 2024             178           6,249              8.6             97.8                35.1
 
Annual openings
Year ended: March 1996

            March 1996           2,301          16,312            100.0               _                  7.1
            March 1997           1,764          15,721             76.7             76.7                 8.9
            March 1998           1,371          16,114             59.6             77.7                11.8
            March 1999           1,179          14,646             51.2             86.0                12.4
            March 2000           1,041          14,524             45.2             88.3                14.0
            March 2001             900          14,796             39.1             86.5                16.4
            March 2002             808          12,991             35.1             89.8                16.1
            March 2003             744          12,812             32.3             92.1                17.2
            March 2004             685          12,331             29.8             92.1                18.0
            March 2005             653          12,587             28.4             95.3                19.3
            March 2006             602          12,420             26.2             92.2                20.6
            March 2007             555          11,780             24.1             92.2                21.2
            March 2008             518          11,369             22.5             93.3                21.9
            March 2009             481          10,977             20.9             92.9                22.8
            March 2010             460          10,265             20.0             95.6                22.3
            March 2011             412          10,473             17.9             89.6                25.4
            March 2012             387          10,166             16.8             93.9                26.3
            March 2013             363           9,780             15.8             93.8                26.9
            March 2014             345           9,499             15.0             95.0                27.5
            March 2015             327           9,867             14.2             94.8                30.2
            March 2016             311           9,549             13.5             95.1                30.7
            March 2017             288           9,083             12.5             92.6                31.5
            March 2018             273           8,945             11.9             94.8                32.8
            March 2019             260           8,616             11.3             95.2                33.1
            March 2020             249           8,656             10.8             95.8                34.8
            March 2021             236           6,675             10.3             94.8                28.3
            March 2022             226           7,357              9.8             95.8                32.6
            March 2023             212           7,451              9.2             93.8                35.1
            March 2024             199           6,980              8.6             93.9                35.1
 
Annual openings
Year ended: March 1997

            March 1997           1,720          15,124            100.0               _                  8.8
            March 1998           1,382          15,112             80.3             80.3                10.9
            March 1999           1,177          15,391             68.4             85.2                13.1
            March 2000           1,024          15,506             59.5             87.0                15.1
            March 2001             904          14,192             52.6             88.3                15.7
            March 2002             797          11,506             46.3             88.2                14.4
            March 2003             724          10,949             42.1             90.8                15.1
            March 2004             663          11,190             38.5             91.6                16.9
            March 2005             613          11,139             35.6             92.5                18.2
            March 2006             585          10,550             34.0             95.4                18.0
            March 2007             529          10,643             30.8             90.4                20.1
            March 2008             479          10,120             27.8             90.5                21.1
            March 2009             451           9,842             26.2             94.2                21.8
            March 2010             420           9,336             24.4             93.1                22.2
            March 2011             425           9,754             24.7            101.2                23.0
            March 2012             397           8,796             23.1             93.4                22.2
            March 2013             386           8,412             22.4             97.2                21.8
            March 2014             371           8,106             21.6             96.1                21.8
            March 2015             349           7,561             20.3             94.1                21.7
            March 2016             316           6,968             18.4             90.5                22.1
            March 2017             290           6,475             16.9             91.8                22.3
            March 2018             278           5,907             16.2             95.9                21.2
            March 2019             267           5,633             15.5             96.0                21.1
            March 2020             235           5,406             13.7             88.0                23.0
            March 2021             214           4,639             12.4             91.1                21.7
            March 2022             202           4,334             11.7             94.4                21.5
            March 2023             191           4,290             11.1             94.6                22.5
            March 2024             185           4,199             10.8             96.9                22.7
 
Annual openings
Year ended: March 1998

            March 1998           1,467          10,563            100.0               _                  7.2
            March 1999           1,077          11,355             73.4             73.4                10.5
            March 2000             938           9,814             63.9             87.1                10.5
            March 2001             788           9,930             53.7             84.0                12.6
            March 2002             676           9,248             46.1             85.8                13.7
            March 2003             610           8,958             41.6             90.2                14.7
            March 2004             556           8,796             37.9             91.1                15.8
            March 2005             513           8,057             35.0             92.3                15.7
            March 2006             469           8,177             32.0             91.4                17.4
            March 2007             438           8,415             29.9             93.4                19.2
            March 2008             404           9,113             27.5             92.2                22.6
            March 2009             372           8,164             25.4             92.1                21.9
            March 2010             350           8,431             23.9             94.1                24.1
            March 2011             308           8,982             21.0             88.0                29.2
            March 2012             301           9,459             20.5             97.7                31.4
            March 2013             284          10,122             19.4             94.4                35.6
            March 2014             282           9,983             19.2             99.3                35.4
            March 2015             261          10,131             17.8             92.6                38.8
            March 2016             242          10,600             16.5             92.7                43.8
            March 2017             232          11,056             15.8             95.9                47.7
            March 2018             217          11,252             14.8             93.5                51.9
            March 2019             208          11,638             14.2             95.9                56.0
            March 2020             196          11,646             13.4             94.2                59.4
            March 2021             174           9,647             11.9             88.8                55.4
            March 2022             171          10,636             11.7             98.3                62.2
            March 2023             166          10,663             11.3             97.1                64.2
            March 2024             158          10,185             10.8             95.2                64.5
 
Annual openings
Year ended: March 1999

            March 1999           1,380          14,305            100.0               _                 10.4
            March 2000           1,192          16,160             86.4             86.4                13.6
            March 2001             962          16,044             69.7             80.7                16.7
            March 2002             825          13,494             59.8             85.8                16.4
            March 2003             743          13,365             53.8             90.1                18.0
            March 2004             666          12,630             48.3             89.6                19.0
            March 2005             594          12,577             43.0             89.2                21.2
            March 2006             554          11,970             40.1             93.3                21.6
            March 2007             501          12,299             36.3             90.4                24.5
            March 2008             470          11,792             34.1             93.8                25.1
            March 2009             423          10,906             30.7             90.0                25.8
            March 2010             397          10,879             28.8             93.9                27.4
            March 2011             369          10,509             26.7             92.9                28.5
            March 2012             365          10,579             26.4             98.9                29.0
            March 2013             349          10,546             25.3             95.6                30.2
            March 2014             336          10,931             24.3             96.3                32.5
            March 2015             316          10,646             22.9             94.0                33.7
            March 2016             294          10,107             21.3             93.0                34.4
            March 2017             286          11,039             20.7             97.3                38.6
            March 2018             266          10,947             19.3             93.0                41.2
            March 2019             256          10,498             18.6             96.2                41.0
            March 2020             247           9,898             17.9             96.5                40.1
            March 2021             231           8,326             16.7             93.5                36.0
            March 2022             223           8,912             16.2             96.5                40.0
            March 2023             207           9,502             15.0             92.8                45.9
            March 2024             192           9,570             13.9             92.8                49.8
 
Annual openings
Year ended: March 2000

            March 2000           4,002          31,530            100.0               _                  7.9
            March 2001           2,893          29,733             72.3             72.3                10.3
            March 2002           2,368          27,220             59.2             81.9                11.5
            March 2003           2,041          26,349             51.0             86.2                12.9
            March 2004           1,865          26,742             46.6             91.4                14.3
            March 2005           1,695          27,264             42.4             90.9                16.1
            March 2006           1,550          27,607             38.7             91.4                17.8
            March 2007           1,419          27,559             35.5             91.5                19.4
            March 2008           1,310          26,434             32.7             92.3                20.2
            March 2009           1,178          23,450             29.4             89.9                19.9
            March 2010           1,096          21,979             27.4             93.0                20.1
            March 2011           1,017          22,269             25.4             92.8                21.9
            March 2012             956          21,471             23.9             94.0                22.5
            March 2013             915          20,995             22.9             95.7                22.9
            March 2014             878          20,264             21.9             96.0                23.1
            March 2015             850          19,359             21.2             96.8                22.8
            March 2016             774          18,599             19.3             91.1                24.0
            March 2017             756          18,893             18.9             97.7                25.0
            March 2018             717          18,569             17.9             94.8                25.9
            March 2019             687          18,391             17.2             95.8                26.8
            March 2020             653          18,058             16.3             95.1                27.7
            March 2021             608          14,562             15.2             93.1                24.0
            March 2022             600          14,253             15.0             98.7                23.8
            March 2023             576          14,580             14.4             96.0                25.3
            March 2024             548          14,085             13.7             95.1                25.7
 
Annual openings
Year ended: March 2001

            March 2001           2,473          19,218            100.0               _                  7.8
            March 2002           1,733          18,819             70.1             70.1                10.9
            March 2003           1,452          17,660             58.7             83.8                12.2
            March 2004           1,224          16,422             49.5             84.3                13.4
            March 2005           1,100          17,038             44.5             89.9                15.5
            March 2006             985          16,876             39.8             89.5                17.1
            March 2007             897          16,201             36.3             91.1                18.1
            March 2008             812          16,189             32.8             90.5                19.9
            March 2009             757          15,447             30.6             93.2                20.4
            March 2010             703          15,648             28.4             92.9                22.3
            March 2011             644          15,289             26.0             91.6                23.7
            March 2012             616          15,089             24.9             95.7                24.5
            March 2013             572          14,857             23.1             92.9                26.0
            March 2014             559          14,144             22.6             97.7                25.3
            March 2015             512          14,394             20.7             91.6                28.1
            March 2016             470          14,063             19.0             91.8                29.9
            March 2017             447          13,919             18.1             95.1                31.1
            March 2018             422          13,608             17.1             94.4                32.2
            March 2019             406          13,205             16.4             96.2                32.5
            March 2020             374          12,396             15.1             92.1                33.1
            March 2021             360           9,946             14.6             96.3                27.6
            March 2022             340           9,764             13.7             94.4                28.7
            March 2023             325           9,935             13.1             95.6                30.6
            March 2024             319           9,704             12.9             98.2                30.4
 
Annual openings
Year ended: March 2002

            March 2002           2,286          16,360            100.0               _                  7.2
            March 2003           1,696          15,578             74.2             74.2                 9.2
            March 2004           1,412          14,140             61.8             83.3                10.0
            March 2005           1,267          14,457             55.4             89.7                11.4
            March 2006           1,141          13,909             49.9             90.1                12.2
            March 2007           1,020          13,223             44.6             89.4                13.0
            March 2008             927          12,930             40.6             90.9                13.9
            March 2009             820          12,962             35.9             88.5                15.8
            March 2010             779          13,029             34.1             95.0                16.7
            March 2011             719          13,339             31.5             92.3                18.6
            March 2012             684          13,624             29.9             95.1                19.9
            March 2013             654          13,382             28.6             95.6                20.5
            March 2014             615          13,138             26.9             94.0                21.4
            March 2015             598          13,469             26.2             97.2                22.5
            March 2016             543          13,277             23.8             90.8                24.5
            March 2017             516          13,028             22.6             95.0                25.2
            March 2018             501          12,757             21.9             97.1                25.5
            March 2019             666          12,529             29.1            132.9                18.8
            March 2020             593          12,056             25.9             89.0                20.3
            March 2021             528           9,513             23.1             89.0                18.0
            March 2022             494          10,740             21.6             93.6                21.7
            March 2023             446          10,896             19.5             90.3                24.4
            March 2024             424          10,832             18.5             95.1                25.5
 
Annual openings
Year ended: March 2003

            March 2003           2,245          15,880            100.0               _                  7.1
            March 2004           1,712          15,855             76.3             76.3                 9.3
            March 2005           1,411          14,529             62.9             82.4                10.3
            March 2006           1,231          14,250             54.8             87.2                11.6
            March 2007           1,089          15,043             48.5             88.5                13.8
            March 2008           1,034          14,840             46.1             94.9                14.4
            March 2009             944          13,956             42.0             91.3                14.8
            March 2010             841          13,895             37.5             89.1                16.5
            March 2011             746          13,299             33.2             88.7                17.8
            March 2012             728          13,754             32.4             97.6                18.9
            March 2013             665          13,830             29.6             91.3                20.8
            March 2014             642          13,597             28.6             96.5                21.2
            March 2015             602          13,655             26.8             93.8                22.7
            March 2016             551          13,485             24.5             91.5                24.5
            March 2017             525          13,296             23.4             95.3                25.3
            March 2018             479          12,884             21.3             91.2                26.9
            March 2019             457          12,266             20.4             95.4                26.8
            March 2020             456          11,964             20.3             99.8                26.2
            March 2021             441          10,129             19.6             96.7                23.0
            March 2022             413          11,126             18.4             93.7                26.9
            March 2023             400          11,225             17.8             96.9                28.1
            March 2024             385          11,479             17.1             96.3                29.8
 
Annual openings
Year ended: March 2004

            March 2004           2,230          14,443            100.0               _                  6.5
            March 2005           1,641          14,611             73.6             73.6                 8.9
            March 2006           1,421          14,691             63.7             86.6                10.3
            March 2007           1,253          14,508             56.2             88.2                11.6
            March 2008           1,123          15,361             50.4             89.6                13.7
            March 2009             966          15,403             43.3             86.0                15.9
            March 2010             875          14,438             39.2             90.6                16.5
            March 2011             783          14,412             35.1             89.5                18.4
            March 2012             736          13,948             33.0             94.0                19.0
            March 2013             694          13,696             31.1             94.3                19.7
            March 2014             650          12,596             29.1             93.7                19.4
            March 2015             599          13,470             26.9             92.2                22.5
            March 2016             572          13,475             25.7             95.5                23.6
            March 2017             522          12,908             23.4             91.3                24.7
            March 2018             497          12,761             22.3             95.2                25.7
            March 2019             452          11,559             20.3             90.9                25.6
            March 2020             417          10,100             18.7             92.3                24.2
            March 2021             387           7,287             17.4             92.8                18.8
            March 2022             377           7,925             16.9             97.4                21.0
            March 2023             360           7,958             16.1             95.5                22.1
            March 2024             326           8,131             14.6             90.6                24.9
 
Annual openings
Year ended: March 2005

            March 2005           2,322          11,647            100.0               _                  5.0
            March 2006           1,758          11,743             75.7             75.7                 6.7
            March 2007           1,438          11,861             61.9             81.8                 8.2
            March 2008           1,225          11,459             52.8             85.2                 9.4
            March 2009           1,050          11,278             45.2             85.7                10.7
            March 2010             974          11,412             41.9             92.8                11.7
            March 2011             882          11,137             38.0             90.6                12.6
            March 2012             819          11,129             35.3             92.9                13.6
            March 2013             760          11,322             32.7             92.8                14.9
            March 2014             701          10,776             30.2             92.2                15.4
            March 2015             643          10,409             27.7             91.7                16.2
            March 2016             575          10,543             24.8             89.4                18.3
            March 2017             537          10,318             23.1             93.4                19.2
            March 2018             503          10,797             21.7             93.7                21.5
            March 2019             468          10,101             20.2             93.0                21.6
            March 2020             435           8,752             18.7             92.9                20.1
            March 2021             404           7,586             17.4             92.9                18.8
            March 2022             387           7,667             16.7             95.8                19.8
            March 2023             369           7,857             15.9             95.3                21.3
            March 2024             352           7,592             15.2             95.4                21.6
 
Annual openings
Year ended: March 2006

            March 2006           2,315          13,259            100.0               _                  5.7
            March 2007           1,764          13,107             76.2             76.2                 7.4
            March 2008           1,423          12,354             61.5             80.7                 8.7
            March 2009           1,241          11,987             53.6             87.2                 9.7
            March 2010           1,121          11,926             48.4             90.3                10.6
            March 2011             976          11,317             42.2             87.1                11.6
            March 2012             920          11,851             39.7             94.3                12.9
            March 2013             839          11,508             36.2             91.2                13.7
            March 2014             794          11,920             34.3             94.6                15.0
            March 2015             724          11,503             31.3             91.2                15.9
            March 2016             677          11,917             29.2             93.5                17.6
            March 2017             623          11,632             26.9             92.0                18.7
            March 2018             572          11,124             24.7             91.8                19.4
            March 2019             527          10,702             22.8             92.1                20.3
            March 2020             544          10,048             23.5            103.2                18.5
            March 2021             501           8,483             21.6             92.1                16.9
            March 2022             493           9,484             21.3             98.4                19.2
            March 2023             466           9,423             20.1             94.5                20.2
            March 2024             432           8,624             18.7             92.7                20.0
 
Annual openings
Year ended: March 2007

            March 2007           2,253          12,191            100.0               _                  5.4
            March 2008           1,710          12,413             75.9             75.9                 7.3
            March 2009           1,389          12,075             61.7             81.2                 8.7
            March 2010           1,255          11,997             55.7             90.4                 9.6
            March 2011           1,102          11,837             48.9             87.8                10.7
            March 2012             976          10,931             43.3             88.6                11.2
            March 2013             892          11,129             39.6             91.4                12.5
            March 2014             815          11,618             36.2             91.4                14.3
            March 2015             745          10,972             33.1             91.4                14.7
            March 2016             676          11,631             30.0             90.7                17.2
            March 2017             622          11,372             27.6             92.0                18.3
            March 2018             583          10,803             25.9             93.7                18.5
            March 2019             541          11,005             24.0             92.8                20.3
            March 2020             497          10,870             22.1             91.9                21.9
            March 2021             467           9,458             20.7             94.0                20.3
            March 2022             448           9,293             19.9             95.9                20.7
            March 2023             423           9,106             18.8             94.4                21.5
            March 2024             393           8,908             17.4             92.9                22.7
 
Annual openings
Year ended: March 2008

            March 2008           2,159          11,067            100.0               _                  5.1
            March 2009           1,551          11,946             71.8             71.8                 7.7
            March 2010           1,287          11,477             59.6             83.0                 8.9
            March 2011           1,119          11,346             51.8             86.9                10.1
            March 2012           1,016          10,998             47.1             90.8                10.8
            March 2013             933          10,913             43.2             91.8                11.7
            March 2014             849          10,723             39.3             91.0                12.6
            March 2015             766          10,405             35.5             90.2                13.6
            March 2016             702          10,512             32.5             91.6                15.0
            March 2017             665          10,391             30.8             94.7                15.6
            March 2018             621          10,303             28.8             93.4                16.6
            March 2019             560          10,051             25.9             90.2                17.9
            March 2020             526           9,729             24.4             93.9                18.5
            March 2021             469           8,667             21.7             89.2                18.5
            March 2022             447           9,060             20.7             95.3                20.3
            March 2023             418           8,799             19.4             93.5                21.1
            March 2024             408           8,535             18.9             97.6                20.9
 
Annual openings
Year ended: March 2009

            March 2009           1,910          10,170            100.0               _                  5.3
            March 2010           1,497          10,084             78.4             78.4                 6.7
            March 2011           1,290          10,862             67.5             86.2                 8.4
            March 2012           1,168          11,570             61.2             90.5                 9.9
            March 2013           1,050          11,239             55.0             89.9                10.7
            March 2014             957          11,187             50.1             91.1                11.7
            March 2015             863          11,828             45.2             90.2                13.7
            March 2016             774          11,667             40.5             89.7                15.1
            March 2017             714          11,699             37.4             92.2                16.4
            March 2018             675          12,784             35.3             94.5                18.9
            March 2019             625          12,797             32.7             92.6                20.5
            March 2020             583          13,071             30.5             93.3                22.4
            March 2021             536          10,796             28.1             91.9                20.1
            March 2022             503          10,470             26.3             93.8                20.8
            March 2023             477           9,881             25.0             94.8                20.7
            March 2024             445           9,920             23.3             93.3                22.3
 
Annual openings
Year ended: March 2010

            March 2010           2,071          11,492            100.0               _                  5.5
            March 2011           1,521          11,817             73.4             73.4                 7.8
            March 2012           1,332          12,178             64.3             87.6                 9.1
            March 2013           1,190          11,472             57.5             89.3                 9.6
            March 2014           1,079          11,659             52.1             90.7                10.8
            March 2015             987          11,083             47.7             91.5                11.2
            March 2016             880          10,523             42.5             89.2                12.0
            March 2017             815           9,718             39.4             92.6                11.9
            March 2018             746           8,965             36.0             91.5                12.0
            March 2019             672           8,630             32.4             90.1                12.8
            March 2020             636           8,358             30.7             94.6                13.1
            March 2021             589           7,137             28.4             92.6                12.1
            March 2022             551           7,502             26.6             93.5                13.6
            March 2023             517           7,023             25.0             93.8                13.6
            March 2024             499           6,999             24.1             96.5                14.0
 
Annual openings
Year ended: March 2011

            March 2011           2,031          11,854            100.0               _                  5.8
            March 2012           1,629          13,227             80.2             80.2                 8.1
            March 2013           1,360          12,597             67.0             83.5                 9.3
            March 2014           1,203          12,669             59.2             88.5                10.5
            March 2015           1,079          12,794             53.1             89.7                11.9
            March 2016             976          12,744             48.1             90.5                13.1
            March 2017             859          12,529             42.3             88.0                14.6
            March 2018             776          12,005             38.2             90.3                15.5
            March 2019             722          11,328             35.5             93.0                15.7
            March 2020             659          10,783             32.4             91.3                16.4
            March 2021             592           8,347             29.1             89.8                14.1
            March 2022             568           9,023             28.0             95.9                15.9
            March 2023             526           8,453             25.9             92.6                16.1
            March 2024             496           8,350             24.4             94.3                16.8
 
Annual openings
Year ended: March 2012

            March 2012           2,335          14,115            100.0               _                  6.0
            March 2013           1,771          14,240             75.8             75.8                 8.0
            March 2014           1,495          14,209             64.0             84.4                 9.5
            March 2015           1,300          15,138             55.7             87.0                11.6
            March 2016           1,148          14,893             49.2             88.3                13.0
            March 2017           1,039          14,094             44.5             90.5                13.6
            March 2018             965          13,609             41.3             92.9                14.1
            March 2019             887          13,250             38.0             91.9                14.9
            March 2020             815          12,693             34.9             91.9                15.6
            March 2021             748           9,953             32.0             91.8                13.3
            March 2022             702          11,040             30.1             93.9                15.7
            March 2023             654          11,112             28.0             93.2                17.0
            March 2024             605          10,514             25.9             92.5                17.4
 
Annual openings
Year ended: March 2013

            March 2013           2,494          14,440            100.0               _                  5.8
            March 2014           1,946          15,021             78.0             78.0                 7.7
            March 2015           1,636          15,579             65.6             84.1                 9.5
            March 2016           1,366          15,872             54.8             83.5                11.6
            March 2017           1,235          15,617             49.5             90.4                12.6
            March 2018           1,121          15,872             44.9             90.8                14.2
            March 2019           1,014          15,048             40.7             90.5                14.8
            March 2020             914          14,410             36.6             90.1                15.8
            March 2021             831          11,303             33.3             90.9                13.6
            March 2022             776          12,031             31.1             93.4                15.5
            March 2023             728          11,760             29.2             93.8                16.2
            March 2024             662          11,542             26.5             90.9                17.4
 
Annual openings
Year ended: March 2014

            March 2014           2,895          13,888            100.0               _                  4.8
            March 2015           2,127          15,484             73.5             73.5                 7.3
            March 2016           1,646          15,267             56.9             77.4                 9.3
            March 2017           1,435          15,375             49.6             87.2                10.7
            March 2018           1,251          15,205             43.2             87.2                12.2
            March 2019           1,126          14,995             38.9             90.0                13.3
            March 2020           1,013          13,989             35.0             90.0                13.8
            March 2021             934          11,173             32.3             92.2                12.0
            March 2022             867          11,941             29.9             92.8                13.8
            March 2023             804          11,938             27.8             92.7                14.8
            March 2024             734          11,600             25.4             91.3                15.8
 
Annual openings
Year ended: March 2015

            March 2015           2,384          12,489            100.0               _                  5.2
            March 2016           1,787          13,545             75.0             75.0                 7.6
            March 2017           1,460          13,767             61.2             81.7                 9.4
            March 2018           1,260          13,657             52.9             86.3                10.8
            March 2019           1,173          13,634             49.2             93.1                11.6
            March 2020           1,020          12,681             42.8             87.0                12.4
            March 2021             909           9,932             38.1             89.1                10.9
            March 2022             836          10,499             35.1             92.0                12.6
            March 2023             779          10,243             32.7             93.2                13.1
            March 2024             708           9,822             29.7             90.9                13.9
 
Annual openings
Year ended: March 2016

            March 2016           2,753          15,332            100.0               _                  5.6
            March 2017           2,104          15,672             76.4             76.4                 7.4
            March 2018           1,768          15,859             64.2             84.0                 9.0
            March 2019           1,517          15,406             55.1             85.8                10.2
            March 2020           1,350          15,567             49.0             89.0                11.5
            March 2021           1,203          12,266             43.7             89.1                10.2
            March 2022           1,102          12,811             40.0             91.6                11.6
            March 2023           1,013          12,763             36.8             91.9                12.6
            March 2024             916          12,116             33.3             90.4                13.2
 
Annual openings
Year ended: March 2017

            March 2017           3,111          15,432            100.0               _                  5.0
            March 2018           2,403          16,434             77.2             77.2                 6.8
            March 2019           1,937          15,854             62.3             80.6                 8.2
            March 2020           1,701          16,208             54.7             87.8                 9.5
            March 2021           1,502          13,482             48.3             88.3                 9.0
            March 2022           1,360          14,585             43.7             90.5                10.7
            March 2023           1,211          15,093             38.9             89.0                12.5
            March 2024           1,153          14,306             37.1             95.2                12.4
 
Annual openings
Year ended: March 2018

            March 2018           3,337          16,700            100.0               _                  5.0
            March 2019           2,555          17,065             76.6             76.6                 6.7
            March 2020           2,089          17,197             62.6             81.8                 8.2
            March 2021           1,790          12,305             53.6             85.7                 6.9
            March 2022           1,613          14,344             48.3             90.1                 8.9
            March 2023           1,396          14,513             41.8             86.5                10.4
            March 2024           1,320          13,891             39.6             94.6                10.5
 
Annual openings
Year ended: March 2019

            March 2019           3,407          14,999            100.0               _                  4.4
            March 2020           2,632          15,655             77.3             77.3                 5.9
            March 2021           2,188          13,211             64.2             83.1                 6.0
            March 2022           1,922          14,263             56.4             87.8                 7.4
            March 2023           1,682          13,695             49.4             87.5                 8.1
            March 2024           1,523          13,522             44.7             90.5                 8.9
 
Annual openings
Year ended: March 2020

            March 2020           3,621          14,408            100.0               _                  4.0
            March 2021           2,712          13,032             74.9             74.9                 4.8
            March 2022           2,299          14,253             63.5             84.8                 6.2
            March 2023           1,931          14,383             53.3             84.0                 7.4
            March 2024           1,716          12,803             47.4             88.9                 7.5
 
Annual openings
Year ended: March 2021

            March 2021           3,688          11,710            100.0               _                  3.2
            March 2022           2,617          11,889             71.0             71.0                 4.5
            March 2023           2,059          11,778             55.8             78.7                 5.7
            March 2024           1,795          11,495             48.7             87.2                 6.4
 
Annual openings
Year ended: March 2022

            March 2022           5,146          17,302            100.0               _                  3.4
            March 2023           3,482          16,676             67.7             67.7                 4.8
            March 2024           2,834          15,151             55.1             81.4                 5.3
 
Annual openings
Year ended: March 2023

            March 2023           5,036          16,820            100.0               _                  3.3
            March 2024           3,664          15,727             72.8             72.8                 4.3
 
Annual openings
Year ended: March 2024

            March 2024           4,782          15,212            100.0               _                  3.2
 
NOTE: A '_' indicates that the data are not available and a 'N' indicates that the data do not meet BLS disclosure standards.
