Table 7. Survival of private sector establishments by opening year

Total Private

Indiana

                          Surviving       Total Employment   Survival Rates   Survival Rates of   Average Employment
                          Establishments  of Survivors       Since Birth      Previous Year's     of Survivors
                                                                              Survivors

Annual openings
Year ended: March 1994

            March 1994          11,804          96,399            100.0               _                  8.2
            March 1995           9,061          95,532             76.8             76.8                10.5
            March 1996           7,774          91,678             65.9             85.8                11.8
            March 1997           7,109          93,584             60.2             91.4                13.2
            March 1998           6,388          88,395             54.1             89.9                13.8
            March 1999           5,856          82,807             49.6             91.7                14.1
            March 2000           5,240          78,681             44.4             89.5                15.0
            March 2001           4,776          73,000             40.5             91.1                15.3
            March 2002           4,456          68,850             37.7             93.3                15.5
            March 2003           4,232          66,220             35.9             95.0                15.6
            March 2004           4,022          64,897             34.1             95.0                16.1
            March 2005           3,820          64,353             32.4             95.0                16.8
            March 2006           3,659          65,268             31.0             95.8                17.8
            March 2007           3,519          65,433             29.8             96.2                18.6
            March 2008           3,333          63,041             28.2             94.7                18.9
            March 2009           3,171          58,708             26.9             95.1                18.5
            March 2010           3,013          58,452             25.5             95.0                19.4
            March 2011           2,935          56,561             24.9             97.4                19.3
            March 2012           2,754          56,572             23.3             93.8                20.5
            March 2013           2,632          54,636             22.3             95.6                20.8
            March 2014           2,530          54,359             21.4             96.1                21.5
            March 2015           2,446          55,986             20.7             96.7                22.9
            March 2016           2,355          53,942             20.0             96.3                22.9
            March 2017           2,287          54,153             19.4             97.1                23.7
            March 2018           2,194          54,563             18.6             95.9                24.9
            March 2019           2,128          53,169             18.0             97.0                25.0
            March 2020           2,077          51,495             17.6             97.6                24.8
            March 2021           2,009          48,773             17.0             96.7                24.3
            March 2022           1,935          48,562             16.4             96.3                25.1
            March 2023           1,870          48,672             15.8             96.6                26.0
            March 2024           2,101          47,853             17.8            112.4                22.8
 
Annual openings
Year ended: March 1995

            March 1995          11,704         103,589            100.0               _                  8.9
            March 1996           9,319         103,817             79.6             79.6                11.1
            March 1997           8,175         103,642             69.8             87.7                12.7
            March 1998           7,225         100,023             61.7             88.4                13.8
            March 1999           6,547          99,178             55.9             90.6                15.1
            March 2000           5,942          97,944             50.8             90.8                16.5
            March 2001           5,355          93,111             45.8             90.1                17.4
            March 2002           4,900          88,181             41.9             91.5                18.0
            March 2003           4,614          86,268             39.4             94.2                18.7
            March 2004           4,377          85,838             37.4             94.9                19.6
            March 2005           4,113          85,094             35.1             94.0                20.7
            March 2006           3,883          84,183             33.2             94.4                21.7
            March 2007           3,656          80,310             31.2             94.2                22.0
            March 2008           3,483          77,754             29.8             95.3                22.3
            March 2009           3,311          70,804             28.3             95.1                21.4
            March 2010           3,159          68,725             27.0             95.4                21.8
            March 2011           3,180          71,035             27.2            100.7                22.3
            March 2012           2,968          71,554             25.4             93.3                24.1
            March 2013           2,871          70,776             24.5             96.7                24.7
            March 2014           2,757          65,133             23.6             96.0                23.6
            March 2015           2,669          63,968             22.8             96.8                24.0
            March 2016           2,611          63,757             22.3             97.8                24.4
            March 2017           2,524          64,196             21.6             96.7                25.4
            March 2018           2,402          62,367             20.5             95.2                26.0
            March 2019           2,333          61,482             19.9             97.1                26.4
            March 2020           2,183          59,412             18.7             93.6                27.2
            March 2021           2,134          54,515             18.2             97.8                25.5
            March 2022           2,055          55,424             17.6             96.3                27.0
            March 2023           1,958          53,845             16.7             95.3                27.5
            March 2024           1,935          53,211             16.5             98.8                27.5
 
Annual openings
Year ended: March 1996

            March 1996          10,657          76,211            100.0               _                  7.2
            March 1997           8,625          84,062             80.9             80.9                 9.7
            March 1998           7,296          83,050             68.5             84.6                11.4
            March 1999           6,526          82,584             61.2             89.4                12.7
            March 2000           5,864          84,170             55.0             89.9                14.4
            March 2001           5,251          78,839             49.3             89.5                15.0
            March 2002           4,730          76,468             44.4             90.1                16.2
            March 2003           4,477          73,708             42.0             94.7                16.5
            March 2004           4,288          74,608             40.2             95.8                17.4
            March 2005           4,038          74,963             37.9             94.2                18.6
            March 2006           3,847          74,748             36.1             95.3                19.4
            March 2007           3,675          72,647             34.5             95.5                19.8
            March 2008           3,458          68,737             32.4             94.1                19.9
            March 2009           3,289          60,734             30.9             95.1                18.5
            March 2010           3,059          60,539             28.7             93.0                19.8
            March 2011           3,000          61,571             28.2             98.1                20.5
            March 2012           2,829          61,683             26.5             94.3                21.8
            March 2013           2,705          60,634             25.4             95.6                22.4
            March 2014           2,605          61,119             24.4             96.3                23.5
            March 2015           2,571          61,322             24.1             98.7                23.9
            March 2016           2,494          61,658             23.4             97.0                24.7
            March 2017           2,414          61,353             22.7             96.8                25.4
            March 2018           2,346          60,558             22.0             97.2                25.8
            March 2019           2,264          59,319             21.2             96.5                26.2
            March 2020           2,145          55,166             20.1             94.7                25.7
            March 2021           2,097          50,924             19.7             97.8                24.3
            March 2022           1,961          52,702             18.4             93.5                26.9
            March 2023           1,879          51,046             17.6             95.8                27.2
            March 2024           1,835          49,482             17.2             97.7                27.0
 
Annual openings
Year ended: March 1997

            March 1997          10,862          86,122            100.0               _                  7.9
            March 1998           8,576          88,500             79.0             79.0                10.3
            March 1999           7,354          85,957             67.7             85.8                11.7
            March 2000           6,534          86,890             60.2             88.8                13.3
            March 2001           5,820          76,316             53.6             89.1                13.1
            March 2002           5,221          71,564             48.1             89.7                13.7
            March 2003           4,842          68,080             44.6             92.7                14.1
            March 2004           4,479          67,958             41.2             92.5                15.2
            March 2005           4,177          66,703             38.5             93.3                16.0
            March 2006           3,916          66,829             36.1             93.8                17.1
            March 2007           3,666          65,377             33.8             93.6                17.8
            March 2008           3,462          61,706             31.9             94.4                17.8
            March 2009           3,251          55,702             29.9             93.9                17.1
            March 2010           3,177          53,710             29.2             97.7                16.9
            March 2011           3,111          54,831             28.6             97.9                17.6
            March 2012           2,938          54,863             27.0             94.4                18.7
            March 2013           2,779          54,525             25.6             94.6                19.6
            March 2014           2,674          54,355             24.6             96.2                20.3
            March 2015           2,679          55,720             24.7            100.2                20.8
            March 2016           2,628          56,230             24.2             98.1                21.4
            March 2017           2,542          55,851             23.4             96.7                22.0
            March 2018           2,454          55,626             22.6             96.5                22.7
            March 2019           2,364          54,812             21.8             96.3                23.2
            March 2020           2,248          52,831             20.7             95.1                23.5
            March 2021           2,188          49,876             20.1             97.3                22.8
            March 2022           2,115          50,984             19.5             96.7                24.1
            March 2023           2,058          50,766             18.9             97.3                24.7
            March 2024           2,000          48,065             18.4             97.2                24.0
 
Annual openings
Year ended: March 1998

            March 1998          10,554          79,601            100.0               _                  7.5
            March 1999           8,715          82,063             82.6             82.6                 9.4
            March 2000           7,520          85,520             71.3             86.3                11.4
            March 2001           6,485          80,922             61.4             86.2                12.5
            March 2002           5,766          77,360             54.6             88.9                13.4
            March 2003           5,259          76,727             49.8             91.2                14.6
            March 2004           4,899          75,989             46.4             93.2                15.5
            March 2005           4,516          74,723             42.8             92.2                16.5
            March 2006           4,193          73,933             39.7             92.8                17.6
            March 2007           3,938          72,837             37.3             93.9                18.5
            March 2008           3,686          70,416             34.9             93.6                19.1
            March 2009           3,435          64,694             32.5             93.2                18.8
            March 2010           3,255          63,019             30.8             94.8                19.4
            March 2011           3,167          64,496             30.0             97.3                20.4
            March 2012           2,937          64,439             27.8             92.7                21.9
            March 2013           2,794          63,867             26.5             95.1                22.9
            March 2014           2,666          63,619             25.3             95.4                23.9
            March 2015           2,571          64,232             24.4             96.4                25.0
            March 2016           2,566          64,567             24.3             99.8                25.2
            March 2017           2,496          63,192             23.6             97.3                25.3
            March 2018           2,410          63,220             22.8             96.6                26.2
            March 2019           2,340          62,308             22.2             97.1                26.6
            March 2020           2,245          63,997             21.3             95.9                28.5
            March 2021           2,198          61,309             20.8             97.9                27.9
            March 2022           2,111          62,951             20.0             96.0                29.8
            March 2023           2,048          62,135             19.4             97.0                30.3
            March 2024           1,939          60,875             18.4             94.7                31.4
 
Annual openings
Year ended: March 1999

            March 1999          10,769          82,383            100.0               _                  7.7
            March 2000           8,798          82,098             81.7             81.7                 9.3
            March 2001           7,365          78,426             68.4             83.7                10.6
            March 2002           6,462          72,593             60.0             87.7                11.2
            March 2003           5,767          69,679             53.6             89.2                12.1
            March 2004           5,287          66,570             49.1             91.7                12.6
            March 2005           4,897          66,043             45.5             92.6                13.5
            March 2006           4,596          65,412             42.7             93.9                14.2
            March 2007           4,272          63,826             39.7             93.0                14.9
            March 2008           4,015          61,909             37.3             94.0                15.4
            March 2009           3,723          56,595             34.6             92.7                15.2
            March 2010           3,499          54,272             32.5             94.0                15.5
            March 2011           3,497          54,715             32.5             99.9                15.6
            March 2012           3,271          54,822             30.4             93.5                16.8
            March 2013           3,097          53,547             28.8             94.7                17.3
            March 2014           2,970          52,959             27.6             95.9                17.8
            March 2015           2,917          53,116             27.1             98.2                18.2
            March 2016           2,809          52,853             26.1             96.3                18.8
            March 2017           2,719          51,696             25.2             96.8                19.0
            March 2018           2,593          50,346             24.1             95.4                19.4
            March 2019           2,610          49,783             24.2            100.7                19.1
            March 2020           2,549          47,078             23.7             97.7                18.5
            March 2021           2,449          44,642             22.7             96.1                18.2
            March 2022           2,349          44,305             21.8             95.9                18.9
            March 2023           2,225          43,024             20.7             94.7                19.3
            March 2024           2,133          42,289             19.8             95.9                19.8
 
Annual openings
Year ended: March 2000

            March 2000          10,479          77,877            100.0               _                  7.4
            March 2001           8,158          75,787             77.9             77.9                 9.3
            March 2002           6,893          70,729             65.8             84.5                10.3
            March 2003           6,147          69,701             58.7             89.2                11.3
            March 2004           5,618          67,557             53.6             91.4                12.0
            March 2005           5,152          66,057             49.2             91.7                12.8
            March 2006           4,721          64,672             45.1             91.6                13.7
            March 2007           4,336          63,326             41.4             91.8                14.6
            March 2008           4,109          61,317             39.2             94.8                14.9
            March 2009           3,766          55,923             35.9             91.7                14.8
            March 2010           3,537          53,217             33.8             93.9                15.0
            March 2011           3,437          52,494             32.8             97.2                15.3
            March 2012           3,245          54,073             31.0             94.4                16.7
            March 2013           3,076          55,389             29.4             94.8                18.0
            March 2014           2,975          56,587             28.4             96.7                19.0
            March 2015           3,166          56,303             30.2            106.4                17.8
            March 2016           3,088          55,839             29.5             97.5                18.1
            March 2017           3,009          55,809             28.7             97.4                18.5
            March 2018           2,920          54,883             27.9             97.0                18.8
            March 2019           2,806          53,507             26.8             96.1                19.1
            March 2020           2,714          51,714             25.9             96.7                19.1
            March 2021           2,637          48,170             25.2             97.2                18.3
            March 2022           2,561          49,411             24.4             97.1                19.3
            March 2023           2,489          49,455             23.8             97.2                19.9
            March 2024           2,418          47,698             23.1             97.1                19.7
 
Annual openings
Year ended: March 2001

            March 2001          10,360          69,466            100.0               _                  6.7
            March 2002           7,947          67,985             76.7             76.7                 8.6
            March 2003           6,882          67,611             66.4             86.6                 9.8
            March 2004           6,183          68,136             59.7             89.8                11.0
            March 2005           5,556          66,319             53.6             89.9                11.9
            March 2006           5,132          66,015             49.5             92.4                12.9
            March 2007           4,676          62,225             45.1             91.1                13.3
            March 2008           4,333          60,333             41.8             92.7                13.9
            March 2009           3,987          55,297             38.5             92.0                13.9
            March 2010           3,728          52,822             36.0             93.5                14.2
            March 2011           3,633          51,900             35.1             97.5                14.3
            March 2012           3,374          51,260             32.6             92.9                15.2
            March 2013           3,232          50,962             31.2             95.8                15.8
            March 2014           3,068          51,503             29.6             94.9                16.8
            March 2015           2,939          51,224             28.4             95.8                17.4
            March 2016           2,832          51,954             27.3             96.4                18.3
            March 2017           2,702          51,846             26.1             95.4                19.2
            March 2018           2,580          50,481             24.9             95.5                19.6
            March 2019           2,483          48,931             24.0             96.2                19.7
            March 2020           2,377          47,690             22.9             95.7                20.1
            March 2021           2,305          45,103             22.2             97.0                19.6
            March 2022           2,224          44,938             21.5             96.5                20.2
            March 2023           2,114          44,733             20.4             95.1                21.2
            March 2024           2,032          43,354             19.6             96.1                21.3
 
Annual openings
Year ended: March 2002

            March 2002          10,304          74,509            100.0               _                  7.2
            March 2003           8,236          70,895             79.9             79.9                 8.6
            March 2004           7,025          70,427             68.2             85.3                10.0
            March 2005           6,292          70,447             61.1             89.6                11.2
            March 2006           5,714          69,596             55.5             90.8                12.2
            March 2007           5,245          67,870             50.9             91.8                12.9
            March 2008           4,813          65,525             46.7             91.8                13.6
            March 2009           4,419          60,211             42.9             91.8                13.6
            March 2010           4,135          57,646             40.1             93.6                13.9
            March 2011           3,973          57,837             38.6             96.1                14.6
            March 2012           3,693          58,051             35.8             93.0                15.7
            March 2013           3,516          57,934             34.1             95.2                16.5
            March 2014           3,305          56,813             32.1             94.0                17.2
            March 2015           3,220          57,033             31.3             97.4                17.7
            March 2016           3,128          55,880             30.4             97.1                17.9
            March 2017           2,989          56,391             29.0             95.6                18.9
            March 2018           2,807          55,353             27.2             93.9                19.7
            March 2019           2,689          54,943             26.1             95.8                20.4
            March 2020           2,558          51,549             24.8             95.1                20.2
            March 2021           2,464          47,539             23.9             96.3                19.3
            March 2022           2,348          48,339             22.8             95.3                20.6
            March 2023           2,249          48,331             21.8             95.8                21.5
            March 2024           2,178          48,528             21.1             96.8                22.3
 
Annual openings
Year ended: March 2003

            March 2003          10,256          69,193            100.0               _                  6.7
            March 2004           8,123          68,630             79.2             79.2                 8.4
            March 2005           7,017          69,360             68.4             86.4                 9.9
            March 2006           6,317          70,868             61.6             90.0                11.2
            March 2007           5,693          69,463             55.5             90.1                12.2
            March 2008           5,168          67,371             50.4             90.8                13.0
            March 2009           4,637          60,802             45.2             89.7                13.1
            March 2010           4,272          59,622             41.7             92.1                14.0
            March 2011           4,075          58,288             39.7             95.4                14.3
            March 2012           3,744          59,691             36.5             91.9                15.9
            March 2013           3,570          59,512             34.8             95.4                16.7
            March 2014           3,405          58,126             33.2             95.4                17.1
            March 2015           3,345          57,798             32.6             98.2                17.3
            March 2016           3,224          57,705             31.4             96.4                17.9
            March 2017           3,063          56,289             29.9             95.0                18.4
            March 2018           2,931          55,571             28.6             95.7                19.0
            March 2019           2,829          54,952             27.6             96.5                19.4
            March 2020           2,677          53,323             26.1             94.6                19.9
            March 2021           2,602          51,108             25.4             97.2                19.6
            March 2022           2,487          51,190             24.2             95.6                20.6
            March 2023           2,407          51,297             23.5             96.8                21.3
            March 2024           2,310          51,302             22.5             96.0                22.2
 
Annual openings
Year ended: March 2004

            March 2004          10,325          64,330            100.0               _                  6.2
            March 2005           8,132          62,600             78.8             78.8                 7.7
            March 2006           7,000          62,256             67.8             86.1                 8.9
            March 2007           6,143          61,019             59.5             87.8                 9.9
            March 2008           5,493          59,057             53.2             89.4                10.8
            March 2009           4,864          54,289             47.1             88.5                11.2
            March 2010           4,469          53,821             43.3             91.9                12.0
            March 2011           4,289          54,104             41.5             96.0                12.6
            March 2012           3,901          55,520             37.8             91.0                14.2
            March 2013           3,663          54,932             35.5             93.9                15.0
            March 2014           3,423          55,863             33.2             93.4                16.3
            March 2015           3,295          54,678             31.9             96.3                16.6
            March 2016           3,115          53,590             30.2             94.5                17.2
            March 2017           2,999          52,660             29.0             96.3                17.6
            March 2018           2,863          53,724             27.7             95.5                18.8
            March 2019           2,757          52,952             26.7             96.3                19.2
            March 2020           2,618          49,437             25.4             95.0                18.9
            March 2021           2,653          48,289             25.7            101.3                18.2
            March 2022           2,539          47,924             24.6             95.7                18.9
            March 2023           2,415          46,821             23.4             95.1                19.4
            March 2024           2,292          45,152             22.2             94.9                19.7
 
Annual openings
Year ended: March 2005

            March 2005          10,945          59,930            100.0               _                  5.5
            March 2006           8,672          62,742             79.2             79.2                 7.2
            March 2007           7,479          60,157             68.3             86.2                 8.0
            March 2008           6,502          56,578             59.4             86.9                 8.7
            March 2009           5,692          50,656             52.0             87.5                 8.9
            March 2010           5,107          47,543             46.7             89.7                 9.3
            March 2011           4,863          48,854             44.4             95.2                10.0
            March 2012           4,448          49,050             40.6             91.5                11.0
            March 2013           4,132          48,081             37.8             92.9                11.6
            March 2014           3,873          47,623             35.4             93.7                12.3
            March 2015           3,715          47,577             33.9             95.9                12.8
            March 2016           3,569          48,380             32.6             96.1                13.6
            March 2017           3,397          48,138             31.0             95.2                14.2
            March 2018           3,266          48,491             29.8             96.1                14.8
            March 2019           3,081          47,600             28.1             94.3                15.4
            March 2020           2,925          45,723             26.7             94.9                15.6
            March 2021           2,778          44,039             25.4             95.0                15.9
            March 2022           2,630          47,078             24.0             94.7                17.9
            March 2023           2,507          45,889             22.9             95.3                18.3
            March 2024           2,394          44,822             21.9             95.5                18.7
 
Annual openings
Year ended: March 2006

            March 2006          10,603          60,303            100.0               _                  5.7
            March 2007           8,321          60,673             78.5             78.5                 7.3
            March 2008           7,064          58,824             66.6             84.9                 8.3
            March 2009           6,073          53,757             57.3             86.0                 8.9
            March 2010           5,423          51,341             51.1             89.3                 9.5
            March 2011           5,091          52,595             48.0             93.9                10.3
            March 2012           4,624          52,626             43.6             90.8                11.4
            March 2013           4,324          52,398             40.8             93.5                12.1
            March 2014           4,089          52,534             38.6             94.6                12.8
            March 2015           3,881          52,300             36.6             94.9                13.5
            March 2016           3,734          52,663             35.2             96.2                14.1
            March 2017           3,721          52,283             35.1             99.7                14.1
            March 2018           3,528          51,536             33.3             94.8                14.6
            March 2019           3,338          50,146             31.5             94.6                15.0
            March 2020           3,179          48,759             30.0             95.2                15.3
            March 2021           3,045          46,182             28.7             95.8                15.2
            March 2022           2,896          48,694             27.3             95.1                16.8
            March 2023           2,751          47,651             25.9             95.0                17.3
            March 2024           2,632          46,350             24.8             95.7                17.6
 
Annual openings
Year ended: March 2007

            March 2007          10,313          59,012            100.0               _                  5.7
            March 2008           8,021          56,255             77.8             77.8                 7.0
            March 2009           6,634          51,710             64.3             82.7                 7.8
            March 2010           5,829          50,076             56.5             87.9                 8.6
            March 2011           5,448          49,948             52.8             93.5                 9.2
            March 2012           4,855          50,126             47.1             89.1                10.3
            March 2013           4,482          50,019             43.5             92.3                11.2
            March 2014           4,225          50,199             41.0             94.3                11.9
            March 2015           3,948          50,241             38.3             93.4                12.7
            March 2016           3,810          51,437             36.9             96.5                13.5
            March 2017           3,599          52,356             34.9             94.5                14.5
            March 2018           3,401          52,130             33.0             94.5                15.3
            March 2019           3,221          51,053             31.2             94.7                15.9
            March 2020           3,060          51,179             29.7             95.0                16.7
            March 2021           2,907          50,141             28.2             95.0                17.2
            March 2022           2,767          50,702             26.8             95.2                18.3
            March 2023           2,675          49,836             25.9             96.7                18.6
            March 2024           2,554          48,987             24.8             95.5                19.2
 
Annual openings
Year ended: March 2008

            March 2008           9,517          53,096            100.0               _                  5.6
            March 2009           7,266          50,321             76.3             76.3                 6.9
            March 2010           6,218          47,798             65.3             85.6                 7.7
            March 2011           5,695          49,873             59.8             91.6                 8.8
            March 2012           5,071          51,309             53.3             89.0                10.1
            March 2013           4,675          49,851             49.1             92.2                10.7
            March 2014           4,382          49,615             46.0             93.7                11.3
            March 2015           4,096          49,194             43.0             93.5                12.0
            March 2016           3,891          49,179             40.9             95.0                12.6
            March 2017           3,711          48,825             39.0             95.4                13.2
            March 2018           3,561          49,567             37.4             96.0                13.9
            March 2019           3,386          49,255             35.6             95.1                14.5
            March 2020           3,203          48,252             33.7             94.6                15.1
            March 2021           3,097          46,079             32.5             96.7                14.9
            March 2022           2,948          46,944             31.0             95.2                15.9
            March 2023           2,820          46,494             29.6             95.7                16.5
            March 2024           2,692          45,544             28.3             95.5                16.9
 
Annual openings
Year ended: March 2009

            March 2009           9,788          54,236            100.0               _                  5.5
            March 2010           7,622          49,709             77.9             77.9                 6.5
            March 2011           6,781          49,907             69.3             89.0                 7.4
            March 2012           5,897          50,339             60.2             87.0                 8.5
            March 2013           5,375          51,402             54.9             91.1                 9.6
            March 2014           5,020          52,281             51.3             93.4                10.4
            March 2015           4,648          53,250             47.5             92.6                11.5
            March 2016           4,388          54,307             44.8             94.4                12.4
            March 2017           4,194          55,110             42.8             95.6                13.1
            March 2018           3,910          54,841             39.9             93.2                14.0
            March 2019           3,734          53,724             38.1             95.5                14.4
            March 2020           3,486          54,305             35.6             93.4                15.6
            March 2021           3,350          55,461             34.2             96.1                16.6
            March 2022           3,211          56,506             32.8             95.9                17.6
            March 2023           3,044          55,230             31.1             94.8                18.1
            March 2024           2,888          56,669             29.5             94.9                19.6
 
Annual openings
Year ended: March 2010

            March 2010           7,687          39,733            100.0               _                  5.2
            March 2011           6,165          42,160             80.2             80.2                 6.8
            March 2012           5,157          41,358             67.1             83.6                 8.0
            March 2013           4,558          41,263             59.3             88.4                 9.1
            March 2014           4,172          40,229             54.3             91.5                 9.6
            March 2015           3,880          40,005             50.5             93.0                10.3
            March 2016           3,633          40,182             47.3             93.6                11.1
            March 2017           3,392          39,625             44.1             93.4                11.7
            March 2018           3,188          40,384             41.5             94.0                12.7
            March 2019           3,014          41,088             39.2             94.5                13.6
            March 2020           2,818          38,269             36.7             93.5                13.6
            March 2021           2,703          36,883             35.2             95.9                13.6
            March 2022           2,525          37,313             32.8             93.4                14.8
            March 2023           2,423          37,556             31.5             96.0                15.5
            March 2024           2,290          36,924             29.8             94.5                16.1
 
Annual openings
Year ended: March 2011

            March 2011           9,803          44,889            100.0               _                  4.6
            March 2012           7,457          43,905             76.1             76.1                 5.9
            March 2013           6,466          43,722             66.0             86.7                 6.8
            March 2014           5,810          45,195             59.3             89.9                 7.8
            March 2015           5,318          45,404             54.2             91.5                 8.5
            March 2016           4,955          45,845             50.5             93.2                 9.3
            March 2017           4,644          45,702             47.4             93.7                 9.8
            March 2018           4,358          44,971             44.5             93.8                10.3
            March 2019           4,058          44,820             41.4             93.1                11.0
            March 2020           3,743          42,060             38.2             92.2                11.2
            March 2021           3,576          42,018             36.5             95.5                11.8
            March 2022           3,418          43,832             34.9             95.6                12.8
            March 2023           3,215          42,295             32.8             94.1                13.2
            March 2024           3,048          41,389             31.1             94.8                13.6
 
Annual openings
Year ended: March 2012

            March 2012           9,397          48,240            100.0               _                  5.1
            March 2013           7,271          47,339             77.4             77.4                 6.5
            March 2014           6,301          47,060             67.1             86.7                 7.5
            March 2015           5,666          47,045             60.3             89.9                 8.3
            March 2016           5,208          47,513             55.4             91.9                 9.1
            March 2017           4,816          47,891             51.3             92.5                 9.9
            March 2018           4,423          48,069             47.1             91.8                10.9
            March 2019           4,112          48,216             43.8             93.0                11.7
            March 2020           3,816          48,049             40.6             92.8                12.6
            March 2021           3,634          47,052             38.7             95.2                12.9
            March 2022           3,439          48,235             36.6             94.6                14.0
            March 2023           3,307          49,162             35.2             96.2                14.9
            March 2024           3,118          49,234             33.2             94.3                15.8
 
Annual openings
Year ended: March 2013

            March 2013           9,009          47,045            100.0               _                  5.2
            March 2014           7,147          48,656             79.3             79.3                 6.8
            March 2015           6,277          51,514             69.7             87.8                 8.2
            March 2016           5,709          52,994             63.4             91.0                 9.3
            March 2017           5,205          51,292             57.8             91.2                 9.9
            March 2018           4,837          51,298             53.7             92.9                10.6
            March 2019           4,464          51,937             49.6             92.3                11.6
            March 2020           4,121          50,173             45.7             92.3                12.2
            March 2021           3,961          51,020             44.0             96.1                12.9
            March 2022           3,735          52,130             41.5             94.3                14.0
            March 2023           3,478          50,994             38.6             93.1                14.7
            March 2024           3,302          50,658             36.7             94.9                15.3
 
Annual openings
Year ended: March 2014

            March 2014           8,677          41,826            100.0               _                  4.8
            March 2015           6,828          42,750             78.7             78.7                 6.3
            March 2016           6,055          44,249             69.8             88.7                 7.3
            March 2017           5,444          45,969             62.7             89.9                 8.4
            March 2018           4,950          45,508             57.0             90.9                 9.2
            March 2019           4,575          45,722             52.7             92.4                10.0
            March 2020           4,251          43,478             49.0             92.9                10.2
            March 2021           4,104          42,141             47.3             96.5                10.3
            March 2022           3,847          43,039             44.3             93.7                11.2
            March 2023           3,639          41,495             41.9             94.6                11.4
            March 2024           3,449          41,288             39.7             94.8                12.0
 
Annual openings
Year ended: March 2015

            March 2015           9,277          47,819            100.0               _                  5.2
            March 2016           7,437          49,985             80.2             80.2                 6.7
            March 2017           6,434          51,997             69.4             86.5                 8.1
            March 2018           5,795          53,441             62.5             90.1                 9.2
            March 2019           5,328          53,670             57.4             91.9                10.1
            March 2020           4,844          51,113             52.2             90.9                10.6
            March 2021           4,579          49,911             49.4             94.5                10.9
            March 2022           4,281          50,256             46.1             93.5                11.7
            March 2023           4,016          47,804             43.3             93.8                11.9
            March 2024           3,764          46,628             40.6             93.7                12.4
 
Annual openings
Year ended: March 2016

            March 2016           9,815          46,519            100.0               _                  4.7
            March 2017           7,878          49,673             80.3             80.3                 6.3
            March 2018           6,917          49,150             70.5             87.8                 7.1
            March 2019           6,228          49,742             63.5             90.0                 8.0
            March 2020           5,603          47,104             57.1             90.0                 8.4
            March 2021           5,275          45,786             53.7             94.1                 8.7
            March 2022           4,890          47,367             49.8             92.7                 9.7
            March 2023           4,550          46,713             46.4             93.0                10.3
            March 2024           4,217          45,760             43.0             92.7                10.9
 
Annual openings
Year ended: March 2017

            March 2017           9,307          42,866            100.0               _                  4.6
            March 2018           7,485          44,898             80.4             80.4                 6.0
            March 2019           6,540          45,429             70.3             87.4                 6.9
            March 2020           5,782          45,861             62.1             88.4                 7.9
            March 2021           5,403          44,897             58.1             93.4                 8.3
            March 2022           4,953          46,539             53.2             91.7                 9.4
            March 2023           4,588          47,182             49.3             92.6                10.3
            March 2024           4,241          44,825             45.6             92.4                10.6
 
Annual openings
Year ended: March 2018

            March 2018           9,812          47,795            100.0               _                  4.9
            March 2019           7,881          51,117             80.3             80.3                 6.5
            March 2020           6,725          50,282             68.5             85.3                 7.5
            March 2021           6,190          50,373             63.1             92.0                 8.1
            March 2022           5,696          53,390             58.1             92.0                 9.4
            March 2023           5,222          55,333             53.2             91.7                10.6
            March 2024           4,822          54,260             49.1             92.3                11.3
 
Annual openings
Year ended: March 2019

            March 2019          10,862          47,582            100.0               _                  4.4
            March 2020           8,452          47,217             77.8             77.8                 5.6
            March 2021           7,682          47,739             70.7             90.9                 6.2
            March 2022           6,923          50,929             63.7             90.1                 7.4
            March 2023           6,322          51,476             58.2             91.3                 8.1
            March 2024           5,796          50,993             53.4             91.7                 8.8
 
Annual openings
Year ended: March 2020

            March 2020          10,082          46,551            100.0               _                  4.6
            March 2021           8,427          49,870             83.6             83.6                 5.9
            March 2022           7,438          54,700             73.8             88.3                 7.4
            March 2023           6,686          55,676             66.3             89.9                 8.3
            March 2024           5,988          54,292             59.4             89.6                 9.1
 
Annual openings
Year ended: March 2021

            March 2021          12,263          51,244            100.0               _                  4.2
            March 2022           9,846          59,324             80.3             80.3                 6.0
            March 2023           8,460          60,622             69.0             85.9                 7.2
            March 2024           7,539          60,313             61.5             89.1                 8.0
 
Annual openings
Year ended: March 2022

            March 2022          15,352          58,400            100.0               _                  3.8
            March 2023          11,826          61,514             77.0             77.0                 5.2
            March 2024          10,051          61,047             65.5             85.0                 6.1
 
Annual openings
Year ended: March 2023

            March 2023          14,260          54,805            100.0               _                  3.8
            March 2024          11,124          57,201             78.0             78.0                 5.1
 
Annual openings
Year ended: March 2024

            March 2024          13,225          56,247            100.0               _                  4.3
 
NOTE: A '_' indicates that the data are not available and a 'N' indicates that the data do not meet BLS disclosure standards.
