Table 7. Survival of private sector establishments by opening year

Total Private

Massachusetts

                          Surviving       Total Employment   Survival Rates   Survival Rates of   Average Employment
                          Establishments  of Survivors       Since Birth      Previous Year's     of Survivors
                                                                              Survivors

Annual openings
Year ended: March 1994

            March 1994          13,223          92,022            100.0               _                  7.0
            March 1995          10,778          96,777             81.5             81.5                 9.0
            March 1996           9,426          93,191             71.3             87.5                 9.9
            March 1997           8,622          94,352             65.2             91.5                10.9
            March 1998           7,770          93,274             58.8             90.1                12.0
            March 1999           7,151          88,173             54.1             92.0                12.3
            March 2000           6,599          86,278             49.9             92.3                13.1
            March 2001           6,159          84,275             46.6             93.3                13.7
            March 2002           5,698          78,435             43.1             92.5                13.8
            March 2003           5,329          72,171             40.3             93.5                13.5
            March 2004           5,024          70,584             38.0             94.3                14.0
            March 2005           4,749          69,767             35.9             94.5                14.7
            March 2006           4,539          67,644             34.3             95.6                14.9
            March 2007           4,315          66,764             32.6             95.1                15.5
            March 2008           4,101          65,496             31.0             95.0                16.0
            March 2009           3,874          60,875             29.3             94.5                15.7
            March 2010           3,683          58,388             27.9             95.1                15.9
            March 2011           3,519          58,169             26.6             95.5                16.5
            March 2012           3,419          58,175             25.9             97.2                17.0
            March 2013           3,263          57,772             24.7             95.4                17.7
            March 2014           3,178          57,732             24.0             97.4                18.2
            March 2015           3,028          57,608             22.9             95.3                19.0
            March 2016           2,941          57,662             22.2             97.1                19.6
            March 2017           2,823          56,900             21.3             96.0                20.2
            March 2018           2,732          55,925             20.7             96.8                20.5
            March 2019           2,608          55,196             19.7             95.5                21.2
            March 2020           2,450          54,507             18.5             93.9                22.2
            March 2021           2,369          51,469             17.9             96.7                21.7
            March 2022           2,288          51,447             17.3             96.6                22.5
            March 2023           2,185          50,923             16.5             95.5                23.3
            March 2024           2,058          49,864             15.6             94.2                24.2
 
Annual openings
Year ended: March 1995

            March 1995          13,602          92,796            100.0               _                  6.8
            March 1996          10,992          92,945             80.8             80.8                 8.5
            March 1997           9,787          93,314             72.0             89.0                 9.5
            March 1998           8,625          90,463             63.4             88.1                10.5
            March 1999           7,850          88,352             57.7             91.0                11.3
            March 2000           7,229          90,329             53.1             92.1                12.5
            March 2001           6,578          86,686             48.4             91.0                13.2
            March 2002           6,074          79,988             44.7             92.3                13.2
            March 2003           5,681          73,186             41.8             93.5                12.9
            March 2004           5,311          69,584             39.0             93.5                13.1
            March 2005           4,969          66,856             36.5             93.6                13.5
            March 2006           4,708          64,915             34.6             94.7                13.8
            March 2007           4,446          62,706             32.7             94.4                14.1
            March 2008           4,231          61,860             31.1             95.2                14.6
            March 2009           3,955          58,052             29.1             93.5                14.7
            March 2010           3,777          56,521             27.8             95.5                15.0
            March 2011           3,557          56,185             26.2             94.2                15.8
            March 2012           3,463          55,138             25.5             97.4                15.9
            March 2013           3,341          55,094             24.6             96.5                16.5
            March 2014           3,215          53,789             23.6             96.2                16.7
            March 2015           3,076          52,612             22.6             95.7                17.1
            March 2016           3,014          52,334             22.2             98.0                17.4
            March 2017           2,886          50,508             21.2             95.8                17.5
            March 2018           2,799          49,785             20.6             97.0                17.8
            March 2019           2,691          48,670             19.8             96.1                18.1
            March 2020           2,519          47,344             18.5             93.6                18.8
            March 2021           2,419          42,317             17.8             96.0                17.5
            March 2022           2,334          43,987             17.2             96.5                18.8
            March 2023           2,219          44,209             16.3             95.1                19.9
            March 2024           2,100          43,826             15.4             94.6                20.9
 
Annual openings
Year ended: March 1996

            March 1996          12,817          93,237            100.0               _                  7.3
            March 1997          10,538          97,563             82.2             82.2                 9.3
            March 1998           9,132          96,837             71.2             86.7                10.6
            March 1999           8,215          96,540             64.1             90.0                11.8
            March 2000           7,422          96,159             57.9             90.3                13.0
            March 2001           6,763          93,364             52.8             91.1                13.8
            March 2002           6,258          84,729             48.8             92.5                13.5
            March 2003           5,765          81,641             45.0             92.1                14.2
            March 2004           5,457          79,555             42.6             94.7                14.6
            March 2005           5,085          77,164             39.7             93.2                15.2
            March 2006           4,821          76,250             37.6             94.8                15.8
            March 2007           4,550          75,839             35.5             94.4                16.7
            March 2008           4,311          73,787             33.6             94.7                17.1
            March 2009           4,051          70,201             31.6             94.0                17.3
            March 2010           3,848          68,485             30.0             95.0                17.8
            March 2011           3,655          67,203             28.5             95.0                18.4
            March 2012           3,559          67,192             27.8             97.4                18.9
            March 2013           3,400          65,667             26.5             95.5                19.3
            March 2014           3,274          64,846             25.5             96.3                19.8
            March 2015           3,114          63,809             24.3             95.1                20.5
            March 2016           3,050          62,035             23.8             97.9                20.3
            March 2017           2,928          59,859             22.8             96.0                20.4
            March 2018           2,810          59,541             21.9             96.0                21.2
            March 2019           2,705          58,607             21.1             96.3                21.7
            March 2020           2,557          57,088             20.0             94.5                22.3
            March 2021           2,463          51,947             19.2             96.3                21.1
            March 2022           2,352          53,507             18.4             95.5                22.7
            March 2023           2,259          53,025             17.6             96.0                23.5
            March 2024           2,137          51,591             16.7             94.6                24.1
 
Annual openings
Year ended: March 1997

            March 1997          14,004         100,245            100.0               _                  7.2
            March 1998          11,112          97,180             79.3             79.3                 8.7
            March 1999           9,786          99,366             69.9             88.1                10.2
            March 2000           8,794         100,431             62.8             89.9                11.4
            March 2001           7,898          98,796             56.4             89.8                12.5
            March 2002           7,080          89,045             50.6             89.6                12.6
            March 2003           6,489          81,482             46.3             91.7                12.6
            March 2004           6,030          78,118             43.1             92.9                13.0
            March 2005           5,613          74,404             40.1             93.1                13.3
            March 2006           5,275          72,382             37.7             94.0                13.7
            March 2007           4,894          72,441             34.9             92.8                14.8
            March 2008           4,645          70,666             33.2             94.9                15.2
            March 2009           4,333          64,828             30.9             93.3                15.0
            March 2010           4,073          63,236             29.1             94.0                15.5
            March 2011           3,878          63,050             27.7             95.2                16.3
            March 2012           3,779          63,164             27.0             97.4                16.7
            March 2013           3,646          62,882             26.0             96.5                17.2
            March 2014           3,496          62,824             25.0             95.9                18.0
            March 2015           3,349          61,866             23.9             95.8                18.5
            March 2016           3,255          61,406             23.2             97.2                18.9
            March 2017           3,134          60,285             22.4             96.3                19.2
            March 2018           2,983          57,894             21.3             95.2                19.4
            March 2019           2,882          55,998             20.6             96.6                19.4
            March 2020           2,723          54,592             19.4             94.5                20.0
            March 2021           2,629          48,839             18.8             96.5                18.6
            March 2022           2,530          49,737             18.1             96.2                19.7
            March 2023           2,448          49,321             17.5             96.8                20.1
            March 2024           2,307          48,236             16.5             94.2                20.9
 
Annual openings
Year ended: March 1998

            March 1998          13,742          97,889            100.0               _                  7.1
            March 1999          11,565         102,518             84.2             84.2                 8.9
            March 2000          10,136         107,452             73.8             87.6                10.6
            March 2001           8,973         108,208             65.3             88.5                12.1
            March 2002           7,989          93,985             58.1             89.0                11.8
            March 2003           7,223          85,827             52.6             90.4                11.9
            March 2004           6,710          82,708             48.8             92.9                12.3
            March 2005           6,204          80,836             45.1             92.5                13.0
            March 2006           5,851          80,513             42.6             94.3                13.8
            March 2007           5,503          79,459             40.0             94.1                14.4
            March 2008           5,220          77,380             38.0             94.9                14.8
            March 2009           4,797          70,903             34.9             91.9                14.8
            March 2010           4,568          68,763             33.2             95.2                15.1
            March 2011           4,278          67,764             31.1             93.7                15.8
            March 2012           4,173          68,079             30.4             97.5                16.3
            March 2013           3,956          66,847             28.8             94.8                16.9
            March 2014           3,826          65,547             27.8             96.7                17.1
            March 2015           3,657          65,181             26.6             95.6                17.8
            March 2016           3,583          65,185             26.1             98.0                18.2
            March 2017           3,428          63,752             24.9             95.7                18.6
            March 2018           3,257          62,343             23.7             95.0                19.1
            March 2019           3,158          61,199             23.0             97.0                19.4
            March 2020           3,011          58,995             21.9             95.3                19.6
            March 2021           2,874          52,836             20.9             95.5                18.4
            March 2022           2,783          54,684             20.3             96.8                19.6
            March 2023           2,662          53,969             19.4             95.7                20.3
            March 2024           2,534          52,655             18.4             95.2                20.8
 
Annual openings
Year ended: March 1999

            March 1999          14,025          97,224            100.0               _                  6.9
            March 2000          11,564         103,584             82.5             82.5                 9.0
            March 2001          10,154         108,564             72.4             87.8                10.7
            March 2002           9,023          99,291             64.3             88.9                11.0
            March 2003           8,145          93,573             58.1             90.3                11.5
            March 2004           7,577          92,631             54.0             93.0                12.2
            March 2005           7,123          88,538             50.8             94.0                12.4
            March 2006           6,739          88,784             48.0             94.6                13.2
            March 2007           6,368          88,516             45.4             94.5                13.9
            March 2008           5,960          86,860             42.5             93.6                14.6
            March 2009           5,574          82,325             39.7             93.5                14.8
            March 2010           5,264          81,208             37.5             94.4                15.4
            March 2011           5,044          81,262             36.0             95.8                16.1
            March 2012           4,897          81,694             34.9             97.1                16.7
            March 2013           4,708          81,419             33.6             96.1                17.3
            March 2014           4,547          81,296             32.4             96.6                17.9
            March 2015           4,463          81,086             31.8             98.2                18.2
            March 2016           4,281          81,927             30.5             95.9                19.1
            March 2017           4,119          82,227             29.4             96.2                20.0
            March 2018           3,930          81,545             28.0             95.4                20.7
            March 2019           3,752          80,808             26.8             95.5                21.5
            March 2020           3,536          79,106             25.2             94.2                22.4
            March 2021           3,343          74,984             23.8             94.5                22.4
            March 2022           3,225          77,039             23.0             96.5                23.9
            March 2023           3,040          76,470             21.7             94.3                25.2
            March 2024           2,829          75,082             20.2             93.1                26.5
 
Annual openings
Year ended: March 2000

            March 2000          13,431          99,344            100.0               _                  7.4
            March 2001          10,984         105,986             81.8             81.8                 9.6
            March 2002           9,308          95,187             69.3             84.7                10.2
            March 2003           8,155          87,172             60.7             87.6                10.7
            March 2004           7,460          84,817             55.5             91.5                11.4
            March 2005           6,876          82,943             51.2             92.2                12.1
            March 2006           6,422          82,474             47.8             93.4                12.8
            March 2007           6,061          82,740             45.1             94.4                13.7
            March 2008           5,647          82,302             42.0             93.2                14.6
            March 2009           5,238          77,186             39.0             92.8                14.7
            March 2010           4,929          75,406             36.7             94.1                15.3
            March 2011           4,661          75,667             34.7             94.6                16.2
            March 2012           4,495          76,305             33.5             96.4                17.0
            March 2013           4,323          76,054             32.2             96.2                17.6
            March 2014           4,130          76,218             30.7             95.5                18.5
            March 2015           3,927          73,437             29.2             95.1                18.7
            March 2016           3,737          74,506             27.8             95.2                19.9
            March 2017           3,631          74,049             27.0             97.2                20.4
            March 2018           3,463          73,204             25.8             95.4                21.1
            March 2019           3,307          72,159             24.6             95.5                21.8
            March 2020           3,140          70,744             23.4             95.0                22.5
            March 2021           2,996          63,493             22.3             95.4                21.2
            March 2022           2,869          65,043             21.4             95.8                22.7
            March 2023           2,734          64,518             20.4             95.3                23.6
            March 2024           2,552          63,562             19.0             93.3                24.9
 
Annual openings
Year ended: March 2001

            March 2001          14,759          94,497            100.0               _                  6.4
            March 2002          11,558          91,119             78.3             78.3                 7.9
            March 2003           9,900          83,906             67.1             85.7                 8.5
            March 2004           8,669          84,702             58.7             87.6                 9.8
            March 2005           7,932          81,808             53.7             91.5                10.3
            March 2006           7,356          81,206             49.8             92.7                11.0
            March 2007           6,827          80,872             46.3             92.8                11.8
            March 2008           6,353          79,035             43.0             93.1                12.4
            March 2009           5,871          74,509             39.8             92.4                12.7
            March 2010           5,511          72,839             37.3             93.9                13.2
            March 2011           5,229          72,437             35.4             94.9                13.9
            March 2012           5,052          72,810             34.2             96.6                14.4
            March 2013           4,830          71,999             32.7             95.6                14.9
            March 2014           4,600          70,454             31.2             95.2                15.3
            March 2015           4,736          70,416             32.1            103.0                14.9
            March 2016           4,520          68,467             30.6             95.4                15.1
            March 2017           4,349          67,912             29.5             96.2                15.6
            March 2018           4,146          66,885             28.1             95.3                16.1
            March 2019           3,994          64,604             27.1             96.3                16.2
            March 2020           3,808          61,962             25.8             95.3                16.3
            March 2021           3,676          55,093             24.9             96.5                15.0
            March 2022           3,549          55,737             24.0             96.5                15.7
            March 2023           3,390          55,369             23.0             95.5                16.3
            March 2024           3,188          53,842             21.6             94.0                16.9
 
Annual openings
Year ended: March 2002

            March 2002          13,571          76,570            100.0               _                  5.6
            March 2003          10,713          75,160             78.9             78.9                 7.0
            March 2004           9,449          74,630             69.6             88.2                 7.9
            March 2005           8,446          75,349             62.2             89.4                 8.9
            March 2006           7,780          73,835             57.3             92.1                 9.5
            March 2007           7,175          72,279             52.9             92.2                10.1
            March 2008           6,661          71,330             49.1             92.8                10.7
            March 2009           6,119          66,919             45.1             91.9                10.9
            March 2010           5,689          65,547             41.9             93.0                11.5
            March 2011           5,380          65,080             39.6             94.6                12.1
            March 2012           5,148          64,054             37.9             95.7                12.4
            March 2013           4,973          63,608             36.6             96.6                12.8
            March 2014           4,722          62,689             34.8             95.0                13.3
            March 2015           4,495          61,771             33.1             95.2                13.7
            March 2016           4,318          61,268             31.8             96.1                14.2
            March 2017           4,100          59,739             30.2             95.0                14.6
            March 2018           3,916          58,267             28.9             95.5                14.9
            March 2019           3,762          56,388             27.7             96.1                15.0
            March 2020           3,540          54,859             26.1             94.1                15.5
            March 2021           3,387          48,434             25.0             95.7                14.3
            March 2022           3,303          48,853             24.3             97.5                14.8
            March 2023           3,119          48,338             23.0             94.4                15.5
            March 2024           2,945          47,213             21.7             94.4                16.0
 
Annual openings
Year ended: March 2003

            March 2003          13,959          75,463            100.0               _                  5.4
            March 2004          11,344          76,115             81.3             81.3                 6.7
            March 2005           9,926          76,078             71.1             87.5                 7.7
            March 2006           9,030          76,986             64.7             91.0                 8.5
            March 2007           8,215          76,270             58.9             91.0                 9.3
            March 2008           7,536          74,116             54.0             91.7                 9.8
            March 2009           6,847          70,978             49.1             90.9                10.4
            March 2010           6,392          67,906             45.8             93.4                10.6
            March 2011           5,975          67,599             42.8             93.5                11.3
            March 2012           5,785          67,374             41.4             96.8                11.6
            March 2013           5,499          65,732             39.4             95.1                12.0
            March 2014           5,235          65,369             37.5             95.2                12.5
            March 2015           4,988          64,956             35.7             95.3                13.0
            March 2016           4,778          65,761             34.2             95.8                13.8
            March 2017           4,557          66,150             32.6             95.4                14.5
            March 2018           4,295          66,620             30.8             94.3                15.5
            March 2019           4,141          67,640             29.7             96.4                16.3
            March 2020           3,882          66,608             27.8             93.7                17.2
            March 2021           3,670          60,390             26.3             94.5                16.5
            March 2022           3,516          61,090             25.2             95.8                17.4
            March 2023           3,331          59,514             23.9             94.7                17.9
            March 2024           3,158          56,716             22.6             94.8                18.0
 
Annual openings
Year ended: March 2004

            March 2004          13,086          62,244            100.0               _                  4.8
            March 2005          10,526          62,736             80.4             80.4                 6.0
            March 2006           9,431          63,246             72.1             89.6                 6.7
            March 2007           8,486          61,686             64.8             90.0                 7.3
            March 2008           7,750          61,574             59.2             91.3                 7.9
            March 2009           6,999          56,680             53.5             90.3                 8.1
            March 2010           6,548          55,999             50.0             93.6                 8.6
            March 2011           6,112          56,296             46.7             93.3                 9.2
            March 2012           5,931          57,408             45.3             97.0                 9.7
            March 2013           5,653          58,133             43.2             95.3                10.3
            March 2014           5,328          58,473             40.7             94.3                11.0
            March 2015           5,087          58,781             38.9             95.5                11.6
            March 2016           4,859          59,065             37.1             95.5                12.2
            March 2017           4,583          58,647             35.0             94.3                12.8
            March 2018           4,322          58,572             33.0             94.3                13.6
            March 2019           4,174          59,241             31.9             96.6                14.2
            March 2020           3,915          58,255             29.9             93.8                14.9
            March 2021           3,754          52,872             28.7             95.9                14.1
            March 2022           3,599          53,790             27.5             95.9                14.9
            March 2023           3,417          52,098             26.1             94.9                15.2
            March 2024           3,205          49,711             24.5             93.8                15.5
 
Annual openings
Year ended: March 2005

            March 2005          13,154          69,004            100.0               _                  5.2
            March 2006          10,899          70,242             82.9             82.9                 6.4
            March 2007           9,525          70,900             72.4             87.4                 7.4
            March 2008           8,579          69,213             65.2             90.1                 8.1
            March 2009           7,648          63,818             58.1             89.1                 8.3
            March 2010           7,047          62,009             53.6             92.1                 8.8
            March 2011           6,516          62,046             49.5             92.5                 9.5
            March 2012           6,261          62,363             47.6             96.1                10.0
            March 2013           5,917          62,038             45.0             94.5                10.5
            March 2014           5,582          62,444             42.4             94.3                11.2
            March 2015           5,266          62,192             40.0             94.3                11.8
            March 2016           4,995          62,151             38.0             94.9                12.4
            March 2017           4,740          61,712             36.0             94.9                13.0
            March 2018           4,467          61,287             34.0             94.2                13.7
            March 2019           4,244          61,443             32.3             95.0                14.5
            March 2020           3,968          59,812             30.2             93.5                15.1
            March 2021           3,783          53,713             28.8             95.3                14.2
            March 2022           3,649          54,395             27.7             96.5                14.9
            March 2023           3,444          53,628             26.2             94.4                15.6
            March 2024           3,256          51,591             24.8             94.5                15.8
 
Annual openings
Year ended: March 2006

            March 2006          12,658          60,188            100.0               _                  4.8
            March 2007          10,257          60,898             81.0             81.0                 5.9
            March 2008           9,071          59,561             71.7             88.4                 6.6
            March 2009           7,898          55,509             62.4             87.1                 7.0
            March 2010           7,203          53,497             56.9             91.2                 7.4
            March 2011           6,690          53,216             52.9             92.9                 8.0
            March 2012           6,390          53,474             50.5             95.5                 8.4
            March 2013           5,948          52,791             47.0             93.1                 8.9
            March 2014           5,613          52,982             44.3             94.4                 9.4
            March 2015           5,291          52,852             41.8             94.3                10.0
            March 2016           5,003          53,276             39.5             94.6                10.6
            March 2017           4,725          53,089             37.3             94.4                11.2
            March 2018           4,480          51,668             35.4             94.8                11.5
            March 2019           4,208          50,249             33.2             93.9                11.9
            March 2020           3,971          47,983             31.4             94.4                12.1
            March 2021           3,790          43,503             29.9             95.4                11.5
            March 2022           3,663          43,956             28.9             96.6                12.0
            March 2023           3,435          43,761             27.1             93.8                12.7
            March 2024           3,232          42,752             25.5             94.1                13.2
 
Annual openings
Year ended: March 2007

            March 2007          13,034          58,978            100.0               _                  4.5
            March 2008          10,710          61,099             82.2             82.2                 5.7
            March 2009           9,143          55,974             70.1             85.4                 6.1
            March 2010           8,201          53,421             62.9             89.7                 6.5
            March 2011           7,527          53,895             57.7             91.8                 7.2
            March 2012           7,114          53,664             54.6             94.5                 7.5
            March 2013           6,672          52,957             51.2             93.8                 7.9
            March 2014           6,190          53,173             47.5             92.8                 8.6
            March 2015           5,793          52,690             44.4             93.6                 9.1
            March 2016           5,479          52,692             42.0             94.6                 9.6
            March 2017           5,160          50,700             39.6             94.2                 9.8
            March 2018           4,869          50,388             37.4             94.4                10.3
            March 2019           4,608          48,619             35.4             94.6                10.6
            March 2020           4,271          46,306             32.8             92.7                10.8
            March 2021           4,072          41,169             31.2             95.3                10.1
            March 2022           3,861          41,976             29.6             94.8                10.9
            March 2023           3,651          41,236             28.0             94.6                11.3
            March 2024           3,412          41,041             26.2             93.5                12.0
 
Annual openings
Year ended: March 2008

            March 2008          12,990          62,794            100.0               _                  4.8
            March 2009          10,345          59,488             79.6             79.6                 5.8
            March 2010           9,218          58,210             71.0             89.1                 6.3
            March 2011           8,406          59,148             64.7             91.2                 7.0
            March 2012           7,990          60,865             61.5             95.1                 7.6
            March 2013           7,459          61,236             57.4             93.4                 8.2
            March 2014           6,863          61,884             52.8             92.0                 9.0
            March 2015           6,372          62,083             49.1             92.8                 9.7
            March 2016           5,963          63,177             45.9             93.6                10.6
            March 2017           5,642          62,447             43.4             94.6                11.1
            March 2018           5,263          62,014             40.5             93.3                11.8
            March 2019           4,917          59,413             37.9             93.4                12.1
            March 2020           4,665          57,880             35.9             94.9                12.4
            March 2021           4,422          53,115             34.0             94.8                12.0
            March 2022           4,184          55,311             32.2             94.6                13.2
            March 2023           3,939          53,064             30.3             94.1                13.5
            March 2024           3,672          51,304             28.3             93.2                14.0
 
Annual openings
Year ended: March 2009

            March 2009          11,369          49,331            100.0               _                  4.3
            March 2010           9,367          48,478             82.4             82.4                 5.2
            March 2011           8,387          48,811             73.8             89.5                 5.8
            March 2012           7,878          50,338             69.3             93.9                 6.4
            March 2013           7,243          50,152             63.7             91.9                 6.9
            March 2014           6,641          50,268             58.4             91.7                 7.6
            March 2015           6,081          49,444             53.5             91.6                 8.1
            March 2016           5,737          48,924             50.5             94.3                 8.5
            March 2017           5,401          48,710             47.5             94.1                 9.0
            March 2018           4,997          47,262             44.0             92.5                 9.5
            March 2019           4,753          45,539             41.8             95.1                 9.6
            March 2020           4,421          44,438             38.9             93.0                10.1
            March 2021           4,144          39,502             36.4             93.7                 9.5
            March 2022           3,922          41,378             34.5             94.6                10.6
            March 2023           3,671          40,608             32.3             93.6                11.1
            March 2024           3,371          39,273             29.7             91.8                11.7
 
Annual openings
Year ended: March 2010

            March 2010          11,331          53,564            100.0               _                  4.7
            March 2011           9,611          53,021             84.8             84.8                 5.5
            March 2012           8,838          53,829             78.0             92.0                 6.1
            March 2013           8,073          54,366             71.2             91.3                 6.7
            March 2014           7,399          54,100             65.3             91.7                 7.3
            March 2015           6,820          54,518             60.2             92.2                 8.0
            March 2016           6,360          54,848             56.1             93.3                 8.6
            March 2017           5,911          55,377             52.2             92.9                 9.4
            March 2018           5,435          53,911             48.0             91.9                 9.9
            March 2019           5,122          52,023             45.2             94.2                10.2
            March 2020           4,721          50,613             41.7             92.2                10.7
            March 2021           4,455          45,398             39.3             94.4                10.2
            March 2022           4,244          47,866             37.5             95.3                11.3
            March 2023           3,978          48,718             35.1             93.7                12.2
            March 2024           3,660          46,446             32.3             92.0                12.7
 
Annual openings
Year ended: March 2011

            March 2011          11,834          49,818            100.0               _                  4.2
            March 2012          10,308          50,483             87.1             87.1                 4.9
            March 2013           9,309          50,293             78.7             90.3                 5.4
            March 2014           8,353          49,774             70.6             89.7                 6.0
            March 2015           7,667          49,799             64.8             91.8                 6.5
            March 2016           7,031          49,918             59.4             91.7                 7.1
            March 2017           6,540          49,893             55.3             93.0                 7.6
            March 2018           6,011          49,843             50.8             91.9                 8.3
            March 2019           5,646          48,433             47.7             93.9                 8.6
            March 2020           5,214          45,312             44.1             92.3                 8.7
            March 2021           4,802          41,113             40.6             92.1                 8.6
            March 2022           4,596          42,940             38.8             95.7                 9.3
            March 2023           4,249          42,219             35.9             92.4                 9.9
            March 2024           3,906          40,114             33.0             91.9                10.3
 
Annual openings
Year ended: March 2012

            March 2012          14,955          59,136            100.0               _                  4.0
            March 2013          12,539          58,484             83.8             83.8                 4.7
            March 2014          11,066          58,873             74.0             88.3                 5.3
            March 2015          10,051          59,566             67.2             90.8                 5.9
            March 2016           9,164          60,226             61.3             91.2                 6.6
            March 2017           8,342          62,744             55.8             91.0                 7.5
            March 2018           7,643          62,201             51.1             91.6                 8.1
            March 2019           7,128          64,220             47.7             93.3                 9.0
            March 2020           6,500          62,905             43.5             91.2                 9.7
            March 2021           6,030          58,276             40.3             92.8                 9.7
            March 2022           5,732          62,157             38.3             95.1                10.8
            March 2023           5,297          61,497             35.4             92.4                11.6
            March 2024           4,904          61,856             32.8             92.6                12.6
 
Annual openings
Year ended: March 2013

            March 2013          14,477          55,938            100.0               _                  3.9
            March 2014          11,843          56,188             81.8             81.8                 4.7
            March 2015          10,601          58,040             73.2             89.5                 5.5
            March 2016           9,533          59,438             65.8             89.9                 6.2
            March 2017           8,796          59,382             60.8             92.3                 6.8
            March 2018           7,989          58,895             55.2             90.8                 7.4
            March 2019           7,451          57,514             51.5             93.3                 7.7
            March 2020           6,830          56,487             47.2             91.7                 8.3
            March 2021           6,311          51,020             43.6             92.4                 8.1
            March 2022           5,968          54,080             41.2             94.6                 9.1
            March 2023           5,493          52,689             37.9             92.0                 9.6
            March 2024           5,098          51,342             35.2             92.8                10.1
 
Annual openings
Year ended: March 2014

            March 2014          15,777          60,506            100.0               _                  3.8
            March 2015          13,014          62,062             82.5             82.5                 4.8
            March 2016          11,419          65,508             72.4             87.7                 5.7
            March 2017          10,435          63,581             66.1             91.4                 6.1
            March 2018           9,505          64,937             60.2             91.1                 6.8
            March 2019           8,773          67,287             55.6             92.3                 7.7
            March 2020           7,959          64,400             50.4             90.7                 8.1
            March 2021           7,407          56,909             46.9             93.1                 7.7
            March 2022           6,959          60,277             44.1             94.0                 8.7
            March 2023           6,460          59,955             40.9             92.8                 9.3
            March 2024           5,877          57,025             37.3             91.0                 9.7
 
Annual openings
Year ended: March 2015

            March 2015          19,141          69,875            100.0               _                  3.7
            March 2016          15,834          74,146             82.7             82.7                 4.7
            March 2017          14,058          76,193             73.4             88.8                 5.4
            March 2018          12,514          75,046             65.4             89.0                 6.0
            March 2019          11,548          76,027             60.3             92.3                 6.6
            March 2020          10,253          77,732             53.6             88.8                 7.6
            March 2021           9,572          68,667             50.0             93.4                 7.2
            March 2022           8,995          72,348             47.0             94.0                 8.0
            March 2023           8,340          71,299             43.6             92.7                 8.5
            March 2024           7,580          68,870             39.6             90.9                 9.1
 
Annual openings
Year ended: March 2016

            March 2016          17,351          61,014            100.0               _                  3.5
            March 2017          14,434          62,723             83.2             83.2                 4.3
            March 2018          12,595          62,863             72.6             87.3                 5.0
            March 2019          11,555          63,106             66.6             91.7                 5.5
            March 2020          10,285          61,815             59.3             89.0                 6.0
            March 2021           9,515          56,150             54.8             92.5                 5.9
            March 2022           9,025          59,956             52.0             94.9                 6.6
            March 2023           8,260          58,511             47.6             91.5                 7.1
            March 2024           7,492          55,849             43.2             90.7                 7.5
 
Annual openings
Year ended: March 2017

            March 2017          19,338          69,143            100.0               _                  3.6
            March 2018          15,709          70,094             81.2             81.2                 4.5
            March 2019          14,095          71,341             72.9             89.7                 5.1
            March 2020          12,333          72,076             63.8             87.5                 5.8
            March 2021          11,337          67,834             58.6             91.9                 6.0
            March 2022          10,605          71,306             54.8             93.5                 6.7
            March 2023           9,610          67,865             49.7             90.6                 7.1
            March 2024           8,787          64,494             45.4             91.4                 7.3
 
Annual openings
Year ended: March 2018

            March 2018          18,605          66,959            100.0               _                  3.6
            March 2019          15,572          69,960             83.7             83.7                 4.5
            March 2020          13,263          68,633             71.3             85.2                 5.2
            March 2021          12,141          63,227             65.3             91.5                 5.2
            March 2022          11,387          70,240             61.2             93.8                 6.2
            March 2023          10,212          70,778             54.9             89.7                 6.9
            March 2024           9,282          67,640             49.9             90.9                 7.3
 
Annual openings
Year ended: March 2019

            March 2019          19,695          66,318            100.0               _                  3.4
            March 2020          15,817          65,873             80.3             80.3                 4.2
            March 2021          14,037          62,254             71.3             88.7                 4.4
            March 2022          13,039          69,534             66.2             92.9                 5.3
            March 2023          11,720          69,040             59.5             89.9                 5.9
            March 2024          10,593          67,762             53.8             90.4                 6.4
 
Annual openings
Year ended: March 2020

            March 2020          18,136          59,787            100.0               _                  3.3
            March 2021          14,872          57,018             82.0             82.0                 3.8
            March 2022          13,486          65,556             74.4             90.7                 4.9
            March 2023          12,170          66,904             67.1             90.2                 5.5
            March 2024          10,745          63,783             59.2             88.3                 5.9
 
Annual openings
Year ended: March 2021

            March 2021          19,909          53,070            100.0               _                  2.7
            March 2022          16,129          58,667             81.0             81.0                 3.6
            March 2023          13,988          59,258             70.3             86.7                 4.2
            March 2024          12,315          58,065             61.9             88.0                 4.7
 
Annual openings
Year ended: March 2022

            March 2022          27,701          77,872            100.0               _                  2.8
            March 2023          21,495          79,894             77.6             77.6                 3.7
            March 2024          18,519          77,359             66.9             86.2                 4.2
 
Annual openings
Year ended: March 2023

            March 2023          16,767          55,233            100.0               _                  3.3
            March 2024          12,814          54,918             76.4             76.4                 4.3
 
Annual openings
Year ended: March 2024

            March 2024          15,051          59,232            100.0               _                  3.9
 
NOTE: A '_' indicates that the data are not available and a 'N' indicates that the data do not meet BLS disclosure standards.
