Table 7. Survival of private sector establishments by opening year

Health Care and Social Assistance

                          Surviving       Total Employment   Survival Rates   Survival Rates of   Average Employment
                          Establishments  of Survivors       Since Birth      Previous Year's     of Survivors
                                                                              Survivors

Annual openings
Year ended: March 1994

            March 1994          55,478         342,995            100.0               _                  6.2
            March 1995          45,287         371,128             81.6             81.6                 8.2
            March 1996          38,837         377,098             70.0             85.8                 9.7
            March 1997          33,886         370,952             61.1             87.3                10.9
            March 1998          30,668         355,944             55.3             90.5                11.6
            March 1999          28,022         329,127             50.5             91.4                11.7
            March 2000          25,367         318,152             45.7             90.5                12.5
            March 2001          23,374         311,077             42.1             92.1                13.3
            March 2002          21,839         306,755             39.4             93.4                14.0
            March 2003          20,660         301,739             37.2             94.6                14.6
            March 2004          19,599         296,197             35.3             94.9                15.1
            March 2005          18,588         293,258             33.5             94.8                15.8
            March 2006          17,850         295,207             32.2             96.0                16.5
            March 2007          16,986         296,104             30.6             95.2                17.4
            March 2008          16,231         291,610             29.3             95.6                18.0
            March 2009          15,744         292,273             28.4             97.0                18.6
            March 2010          15,123         288,625             27.3             96.1                19.1
            March 2011          14,677         289,770             26.5             97.1                19.7
            March 2012          14,281         289,879             25.7             97.3                20.3
            March 2013          13,836         286,494             24.9             96.9                20.7
            March 2014          13,318         282,952             24.0             96.3                21.2
            March 2015          12,849         278,000             23.2             96.5                21.6
            March 2016          12,335         277,258             22.2             96.0                22.5
            March 2017          11,679         275,686             21.1             94.7                23.6
            March 2018          11,229         274,425             20.2             96.1                24.4
            March 2019          11,047         269,035             19.9             98.4                24.4
            March 2020          10,349         263,424             18.7             93.7                25.5
            March 2021           9,878         248,370             17.8             95.4                25.1
            March 2022           9,457         241,619             17.0             95.7                25.5
            March 2023           8,968         244,270             16.2             94.8                27.2
            March 2024           8,495         248,042             15.3             94.7                29.2
 
Annual openings
Year ended: March 1995

            March 1995          58,550         377,069            100.0               _                  6.4
            March 1996          46,774         415,824             79.9             79.9                 8.9
            March 1997          39,278         425,399             67.1             84.0                10.8
            March 1998          35,181         413,606             60.1             89.6                11.8
            March 1999          31,788         385,835             54.3             90.4                12.1
            March 2000          28,540         378,220             48.7             89.8                13.3
            March 2001          25,998         371,872             44.4             91.1                14.3
            March 2002          24,323         369,860             41.5             93.6                15.2
            March 2003          22,928         369,593             39.2             94.3                16.1
            March 2004          21,738         367,572             37.1             94.8                16.9
            March 2005          20,497         362,475             35.0             94.3                17.7
            March 2006          19,589         361,795             33.5             95.6                18.5
            March 2007          18,787         364,850             32.1             95.9                19.4
            March 2008          18,060         367,511             30.8             96.1                20.3
            March 2009          17,353         366,727             29.6             96.1                21.1
            March 2010          16,709         365,451             28.5             96.3                21.9
            March 2011          16,108         364,889             27.5             96.4                22.7
            March 2012          15,841         363,753             27.1             98.3                23.0
            March 2013          15,416         361,413             26.3             97.3                23.4
            March 2014          14,937         357,804             25.5             96.9                24.0
            March 2015          14,425         356,439             24.6             96.6                24.7
            March 2016          13,925         357,905             23.8             96.5                25.7
            March 2017          13,194         358,211             22.5             94.8                27.1
            March 2018          12,956         351,886             22.1             98.2                27.2
            March 2019          12,862         354,218             22.0             99.3                27.5
            March 2020          12,083         349,122             20.6             93.9                28.9
            March 2021          11,636         326,410             19.9             96.3                28.1
            March 2022          10,960         296,342             18.7             94.2                27.0
            March 2023          10,418         299,115             17.8             95.1                28.7
            March 2024           9,844         299,304             16.8             94.5                30.4
 
Annual openings
Year ended: March 1996

            March 1996          60,364         400,192            100.0               _                  6.6
            March 1997          45,208         415,597             74.9             74.9                 9.2
            March 1998          39,668         408,643             65.7             87.7                10.3
            March 1999          35,444         389,331             58.7             89.4                11.0
            March 2000          31,633         372,629             52.4             89.2                11.8
            March 2001          28,964         369,748             48.0             91.6                12.8
            March 2002          26,631         368,086             44.1             91.9                13.8
            March 2003          24,955         364,001             41.3             93.7                14.6
            March 2004          23,468         363,910             38.9             94.0                15.5
            March 2005          22,205         363,068             36.8             94.6                16.4
            March 2006          21,021         363,408             34.8             94.7                17.3
            March 2007          19,924         357,850             33.0             94.8                18.0
            March 2008          19,008         360,609             31.5             95.4                19.0
            March 2009          18,347         356,430             30.4             96.5                19.4
            March 2010          17,651         357,149             29.2             96.2                20.2
            March 2011          16,931         351,435             28.0             95.9                20.8
            March 2012          16,647         352,678             27.6             98.3                21.2
            March 2013          16,003         351,769             26.5             96.1                22.0
            March 2014          15,474         345,844             25.6             96.7                22.4
            March 2015          14,901         347,173             24.7             96.3                23.3
            March 2016          14,365         347,946             23.8             96.4                24.2
            March 2017          13,868         349,691             23.0             96.5                25.2
            March 2018          13,334         346,246             22.1             96.1                26.0
            March 2019          12,990         343,133             21.5             97.4                26.4
            March 2020          12,303         338,795             20.4             94.7                27.5
            March 2021          11,797         315,891             19.5             95.9                26.8
            March 2022          11,282         311,651             18.7             95.6                27.6
            March 2023          10,690         313,306             17.7             94.8                29.3
            March 2024          10,402         314,266             17.2             97.3                30.2
 
Annual openings
Year ended: March 1997

            March 1997          65,503         423,227            100.0               _                  6.5
            March 1998          51,979         440,875             79.4             79.4                 8.5
            March 1999          45,272         418,680             69.1             87.1                 9.2
            March 2000          39,942         410,699             61.0             88.2                10.3
            March 2001          35,568         400,695             54.3             89.0                11.3
            March 2002          32,535         398,736             49.7             91.5                12.3
            March 2003          30,022         397,023             45.8             92.3                13.2
            March 2004          28,021         395,815             42.8             93.3                14.1
            March 2005          26,275         391,312             40.1             93.8                14.9
            March 2006          24,992         393,056             38.2             95.1                15.7
            March 2007          23,628         394,905             36.1             94.5                16.7
            March 2008          22,381         395,993             34.2             94.7                17.7
            March 2009          21,513         397,051             32.8             96.1                18.5
            March 2010          20,540         394,028             31.4             95.5                19.2
            March 2011          19,725         389,333             30.1             96.0                19.7
            March 2012          19,235         388,746             29.4             97.5                20.2
            March 2013          18,831         387,919             28.7             97.9                20.6
            March 2014          18,007         385,493             27.5             95.6                21.4
            March 2015          17,185         383,954             26.2             95.4                22.3
            March 2016          16,523         384,731             25.2             96.1                23.3
            March 2017          15,502         384,102             23.7             93.8                24.8
            March 2018          14,783         379,997             22.6             95.4                25.7
            March 2019          14,695         376,933             22.4             99.4                25.7
            March 2020          13,688         374,208             20.9             93.1                27.3
            March 2021          13,152         346,921             20.1             96.1                26.4
            March 2022          12,742         341,675             19.5             96.9                26.8
            March 2023          12,008         347,919             18.3             94.2                29.0
            March 2024          11,564         351,241             17.7             96.3                30.4
 
Annual openings
Year ended: March 1998

            March 1998          74,879         427,352            100.0               _                  5.7
            March 1999          59,423         433,185             79.4             79.4                 7.3
            March 2000          51,011         433,098             68.1             85.8                 8.5
            March 2001          44,862         425,942             59.9             87.9                 9.5
            March 2002          40,627         428,455             54.3             90.6                10.5
            March 2003          37,338         430,411             49.9             91.9                11.5
            March 2004          34,716         425,708             46.4             93.0                12.3
            March 2005          32,198         427,368             43.0             92.7                13.3
            March 2006          30,486         430,625             40.7             94.7                14.1
            March 2007          28,694         433,549             38.3             94.1                15.1
            March 2008          27,077         431,808             36.2             94.4                15.9
            March 2009          25,935         435,223             34.6             95.8                16.8
            March 2010          24,501         433,379             32.7             94.5                17.7
            March 2011          23,415         434,559             31.3             95.6                18.6
            March 2012          22,809         433,780             30.5             97.4                19.0
            March 2013          22,126         436,189             29.5             97.0                19.7
            March 2014          20,960         429,570             28.0             94.7                20.5
            March 2015          20,138         427,468             26.9             96.1                21.2
            March 2016          19,208         427,002             25.7             95.4                22.2
            March 2017          18,409         427,129             24.6             95.8                23.2
            March 2018          17,115         422,236             22.9             93.0                24.7
            March 2019          16,588         419,680             22.2             96.9                25.3
            March 2020          15,630         402,573             20.9             94.2                25.8
            March 2021          15,054         385,532             20.1             96.3                25.6
            March 2022          14,478         375,236             19.3             96.2                25.9
            March 2023          13,482         378,661             18.0             93.1                28.1
            March 2024          12,847         383,926             17.2             95.3                29.9
 
Annual openings
Year ended: March 1999

            March 1999          82,893         457,564            100.0               _                  5.5
            March 2000          65,314         465,149             78.8             78.8                 7.1
            March 2001          56,380         466,081             68.0             86.3                 8.3
            March 2002          50,826         466,523             61.3             90.1                 9.2
            March 2003          46,154         459,044             55.7             90.8                 9.9
            March 2004          42,514         452,924             51.3             92.1                10.7
            March 2005          39,112         449,727             47.2             92.0                11.5
            March 2006          36,860         453,831             44.5             94.2                12.3
            March 2007          34,332         448,995             41.4             93.1                13.1
            March 2008          32,250         447,171             38.9             93.9                13.9
            March 2009          30,773         444,170             37.1             95.4                14.4
            March 2010          29,009         442,005             35.0             94.3                15.2
            March 2011          27,356         438,306             33.0             94.3                16.0
            March 2012          26,858         436,970             32.4             98.2                16.3
            March 2013          26,037         433,216             31.4             96.9                16.6
            March 2014          24,503         430,405             29.6             94.1                17.6
            March 2015          23,402         427,756             28.2             95.5                18.3
            March 2016          22,066         423,651             26.6             94.3                19.2
            March 2017          20,971         424,007             25.3             95.0                20.2
            March 2018          19,446         420,969             23.5             92.7                21.6
            March 2019          18,887         415,692             22.8             97.1                22.0
            March 2020          17,996         406,078             21.7             95.3                22.6
            March 2021          17,071         379,889             20.6             94.9                22.3
            March 2022          16,306         372,188             19.7             95.5                22.8
            March 2023          15,194         375,524             18.3             93.2                24.7
            March 2024          14,344         379,465             17.3             94.4                26.5
 
Annual openings
Year ended: March 2000

            March 2000          84,096         401,929            100.0               _                  4.8
            March 2001          66,647         420,642             79.3             79.3                 6.3
            March 2002          58,998         424,151             70.2             88.5                 7.2
            March 2003          53,296         430,792             63.4             90.3                 8.1
            March 2004          49,024         429,719             58.3             92.0                 8.8
            March 2005          44,891         424,632             53.4             91.6                 9.5
            March 2006          42,145         423,784             50.1             93.9                10.1
            March 2007          39,033         420,987             46.4             92.6                10.8
            March 2008          36,348         421,501             43.2             93.1                11.6
            March 2009          34,547         419,254             41.1             95.0                12.1
            March 2010          32,477         417,265             38.6             94.0                12.8
            March 2011          30,538         413,931             36.3             94.0                13.6
            March 2012          29,921         415,132             35.6             98.0                13.9
            March 2013          29,122         414,859             34.6             97.3                14.2
            March 2014          27,332         409,400             32.5             93.9                15.0
            March 2015          25,997         406,268             30.9             95.1                15.6
            March 2016          24,431         405,700             29.1             94.0                16.6
            March 2017          23,282         406,263             27.7             95.3                17.4
            March 2018          21,385         400,547             25.4             91.9                18.7
            March 2019          20,580         396,078             24.5             96.2                19.2
            March 2020          19,786         385,717             23.5             96.1                19.5
            March 2021          18,708         354,890             22.2             94.6                19.0
            March 2022          17,889         346,803             21.3             95.6                19.4
            March 2023          16,211         350,042             19.3             90.6                21.6
            March 2024          15,198         350,949             18.1             93.8                23.1
 
Annual openings
Year ended: March 2001

            March 2001          85,239         357,342            100.0               _                  4.2
            March 2002          68,379         375,623             80.2             80.2                 5.5
            March 2003          60,465         377,609             70.9             88.4                 6.2
            March 2004          54,992         383,101             64.5             90.9                 7.0
            March 2005          49,981         381,865             58.6             90.9                 7.6
            March 2006          46,447         381,338             54.5             92.9                 8.2
            March 2007          42,591         381,077             50.0             91.7                 8.9
            March 2008          39,316         378,262             46.1             92.3                 9.6
            March 2009          37,543         375,191             44.0             95.5                10.0
            March 2010          35,084         369,044             41.2             93.5                10.5
            March 2011          32,744         364,841             38.4             93.3                11.1
            March 2012          32,158         366,228             37.7             98.2                11.4
            March 2013          31,129         364,575             36.5             96.8                11.7
            March 2014          29,055         360,087             34.1             93.3                12.4
            March 2015          27,621         357,216             32.4             95.1                12.9
            March 2016          26,138         355,700             30.7             94.6                13.6
            March 2017          24,792         350,440             29.1             94.9                14.1
            March 2018          22,687         344,033             26.6             91.5                15.2
            March 2019          22,022         342,548             25.8             97.1                15.6
            March 2020          21,072         332,702             24.7             95.7                15.8
            March 2021          19,877         304,914             23.3             94.3                15.3
            March 2022          19,191         301,670             22.5             96.5                15.7
            March 2023          17,033         303,145             20.0             88.8                17.8
            March 2024          15,875         302,917             18.6             93.2                19.1
 
Annual openings
Year ended: March 2002

            March 2002          92,399         378,457            100.0               _                  4.1
            March 2003          74,971         396,817             81.1             81.1                 5.3
            March 2004          66,465         399,550             71.9             88.7                 6.0
            March 2005          59,622         399,864             64.5             89.7                 6.7
            March 2006          55,309         401,816             59.9             92.8                 7.3
            March 2007          50,615         406,267             54.8             91.5                 8.0
            March 2008          46,897         405,750             50.8             92.7                 8.7
            March 2009          44,429         406,607             48.1             94.7                 9.2
            March 2010          41,321         400,233             44.7             93.0                 9.7
            March 2011          38,721         398,686             41.9             93.7                10.3
            March 2012          37,902         397,464             41.0             97.9                10.5
            March 2013          36,692         394,007             39.7             96.8                10.7
            March 2014          34,029         389,009             36.8             92.7                11.4
            March 2015          32,233         386,523             34.9             94.7                12.0
            March 2016          30,238         383,588             32.7             93.8                12.7
            March 2017          28,360         380,191             30.7             93.8                13.4
            March 2018          25,979         375,518             28.1             91.6                14.5
            March 2019          25,467         369,868             27.6             98.0                14.5
            March 2020          24,005         360,350             26.0             94.3                15.0
            March 2021          22,627         333,924             24.5             94.3                14.8
            March 2022          21,578         326,334             23.4             95.4                15.1
            March 2023          19,129         328,741             20.7             88.7                17.2
            March 2024          17,739         328,981             19.2             92.7                18.5
 
Annual openings
Year ended: March 2003

            March 2003         100,515         373,689            100.0               _                  3.7
            March 2004          82,592         387,214             82.2             82.2                 4.7
            March 2005          72,298         391,164             71.9             87.5                 5.4
            March 2006          66,722         398,394             66.4             92.3                 6.0
            March 2007          60,422         402,982             60.1             90.6                 6.7
            March 2008          55,372         405,744             55.1             91.6                 7.3
            March 2009          52,338         402,632             52.1             94.5                 7.7
            March 2010          48,562         398,657             48.3             92.8                 8.2
            March 2011          44,988         393,270             44.8             92.6                 8.7
            March 2012          44,378         392,700             44.2             98.6                 8.8
            March 2013          43,017         390,664             42.8             96.9                 9.1
            March 2014          39,773         386,838             39.6             92.5                 9.7
            March 2015          37,850         384,606             37.7             95.2                10.2
            March 2016          35,360         380,287             35.2             93.4                10.8
            March 2017          33,302         371,618             33.1             94.2                11.2
            March 2018          31,322         374,091             31.2             94.1                11.9
            March 2019          30,018         367,844             29.9             95.8                12.3
            March 2020          28,315         362,123             28.2             94.3                12.8
            March 2021          26,601         337,213             26.5             93.9                12.7
            March 2022          25,331         329,536             25.2             95.2                13.0
            March 2023          22,283         332,284             22.2             88.0                14.9
            March 2024          20,678         336,257             20.6             92.8                16.3
 
Annual openings
Year ended: March 2004

            March 2004          96,831         342,956            100.0               _                  3.5
            March 2005          78,206         367,228             80.8             80.8                 4.7
            March 2006          71,013         380,897             73.3             90.8                 5.4
            March 2007          63,888         388,028             66.0             90.0                 6.1
            March 2008          58,345         390,583             60.3             91.3                 6.7
            March 2009          55,095         387,947             56.9             94.4                 7.0
            March 2010          50,636         383,887             52.3             91.9                 7.6
            March 2011          46,628         379,862             48.2             92.1                 8.1
            March 2012          46,138         379,363             47.6             98.9                 8.2
            March 2013          44,812         378,697             46.3             97.1                 8.5
            March 2014          41,271         374,587             42.6             92.1                 9.1
            March 2015          39,051         373,600             40.3             94.6                 9.6
            March 2016          36,550         372,457             37.7             93.6                10.2
            March 2017          34,384         370,023             35.5             94.1                10.8
            March 2018          32,273         361,911             33.3             93.9                11.2
            March 2019          30,389         357,391             31.4             94.2                11.8
            March 2020          28,457         349,474             29.4             93.6                12.3
            March 2021          26,789         325,078             27.7             94.1                12.1
            March 2022          25,534         314,949             26.4             95.3                12.3
            March 2023          22,762         315,658             23.5             89.1                13.9
            March 2024          21,055         318,627             21.7             92.5                15.1
 
Annual openings
Year ended: March 2005

            March 2005          94,707         332,134            100.0               _                  3.5
            March 2006          79,562         360,983             84.0             84.0                 4.5
            March 2007          69,855         373,602             73.8             87.8                 5.3
            March 2008          63,131         379,163             66.7             90.4                 6.0
            March 2009          59,287         379,974             62.6             93.9                 6.4
            March 2010          54,083         379,526             57.1             91.2                 7.0
            March 2011          49,840         376,999             52.6             92.2                 7.6
            March 2012          49,089         380,725             51.8             98.5                 7.8
            March 2013          47,586         382,157             50.2             96.9                 8.0
            March 2014          43,547         377,093             46.0             91.5                 8.7
            March 2015          41,075         374,755             43.4             94.3                 9.1
            March 2016          38,470         370,796             40.6             93.7                 9.6
            March 2017          36,121         368,982             38.1             93.9                10.2
            March 2018          34,008         381,624             35.9             94.2                11.2
            March 2019          32,202         376,423             34.0             94.7                11.7
            March 2020          30,349         369,374             32.0             94.2                12.2
            March 2021          28,445         343,960             30.0             93.7                12.1
            March 2022          27,178         335,640             28.7             95.5                12.3
            March 2023          24,195         332,489             25.5             89.0                13.7
            March 2024          22,462         333,207             23.7             92.8                14.8
 
Annual openings
Year ended: March 2006

            March 2006          99,674         334,585            100.0               _                  3.4
            March 2007          81,100         362,784             81.4             81.4                 4.5
            March 2008          71,955         375,045             72.2             88.7                 5.2
            March 2009          67,165         377,310             67.4             93.3                 5.6
            March 2010          61,139         380,336             61.3             91.0                 6.2
            March 2011          55,736         381,531             55.9             91.2                 6.8
            March 2012          54,651         385,354             54.8             98.1                 7.1
            March 2013          52,729         381,803             52.9             96.5                 7.2
            March 2014          48,289         378,308             48.4             91.6                 7.8
            March 2015          45,318         377,070             45.5             93.8                 8.3
            March 2016          42,327         375,250             42.5             93.4                 8.9
            March 2017          40,066         374,756             40.2             94.7                 9.4
            March 2018          37,407         372,553             37.5             93.4                10.0
            March 2019          35,484         368,176             35.6             94.9                10.4
            March 2020          33,484         363,136             33.6             94.4                10.8
            March 2021          31,396         337,989             31.5             93.8                10.8
            March 2022          29,778         330,846             29.9             94.8                11.1
            March 2023          26,120         333,655             26.2             87.7                12.8
            March 2024          24,148         333,883             24.2             92.5                13.8
 
Annual openings
Year ended: March 2007

            March 2007          99,632         331,387            100.0               _                  3.3
            March 2008          81,627         364,732             81.9             81.9                 4.5
            March 2009          74,524         375,806             74.8             91.3                 5.0
            March 2010          67,288         382,800             67.5             90.3                 5.7
            March 2011          61,076         383,009             61.3             90.8                 6.3
            March 2012          59,847         388,121             60.1             98.0                 6.5
            March 2013          57,549         391,075             57.8             96.2                 6.8
            March 2014          52,779         390,263             53.0             91.7                 7.4
            March 2015          49,311         390,187             49.5             93.4                 7.9
            March 2016          45,836         389,858             46.0             93.0                 8.5
            March 2017          43,072         390,513             43.2             94.0                 9.1
            March 2018          40,373         389,452             40.5             93.7                 9.6
            March 2019          37,953         384,995             38.1             94.0                10.1
            March 2020          35,649         381,154             35.8             93.9                10.7
            March 2021          33,297         358,344             33.4             93.4                10.8
            March 2022          31,773         352,632             31.9             95.4                11.1
            March 2023          28,008         353,270             28.1             88.2                12.6
            March 2024          26,010         357,598             26.1             92.9                13.7
 
Annual openings
Year ended: March 2008

            March 2008         103,931         330,629            100.0               _                  3.2
            March 2009          87,837         357,882             84.5             84.5                 4.1
            March 2010          77,167         368,016             74.2             87.9                 4.8
            March 2011          69,218         373,426             66.6             89.7                 5.4
            March 2012          67,428         383,186             64.9             97.4                 5.7
            March 2013          64,783         385,074             62.3             96.1                 5.9
            March 2014          58,908         384,995             56.7             90.9                 6.5
            March 2015          55,004         389,596             52.9             93.4                 7.1
            March 2016          51,155         394,366             49.2             93.0                 7.7
            March 2017          47,625         394,180             45.8             93.1                 8.3
            March 2018          44,584         392,702             42.9             93.6                 8.8
            March 2019          41,861         384,858             40.3             93.9                 9.2
            March 2020          39,564         375,751             38.1             94.5                 9.5
            March 2021          37,116         353,982             35.7             93.8                 9.5
            March 2022          35,180         352,886             33.8             94.8                10.0
            March 2023          30,912         355,149             29.7             87.9                11.5
            March 2024          28,631         354,001             27.5             92.6                12.4
 
Annual openings
Year ended: March 2009

            March 2009         111,423         313,679            100.0               _                  2.8
            March 2010          91,437         336,621             82.1             82.1                 3.7
            March 2011          79,906         345,177             71.7             87.4                 4.3
            March 2012          76,978         356,922             69.1             96.3                 4.6
            March 2013          73,347         364,667             65.8             95.3                 5.0
            March 2014          66,235         367,153             59.4             90.3                 5.5
            March 2015          61,575         369,425             55.3             93.0                 6.0
            March 2016          56,909         370,884             51.1             92.4                 6.5
            March 2017          52,164         372,437             46.8             91.7                 7.1
            March 2018          49,110         371,974             44.1             94.1                 7.6
            March 2019          46,173         369,335             41.4             94.0                 8.0
            March 2020          43,554         364,668             39.1             94.3                 8.4
            March 2021          40,481         343,109             36.3             92.9                 8.5
            March 2022          38,506         338,971             34.6             95.1                 8.8
            March 2023          32,929         329,634             29.6             85.5                10.0
            March 2024          30,174         331,634             27.1             91.6                11.0
 
Annual openings
Year ended: March 2010

            March 2010         103,949         306,752            100.0               _                  3.0
            March 2011          84,751         330,605             81.5             81.5                 3.9
            March 2012          79,038         350,034             76.0             93.3                 4.4
            March 2013          74,246         360,154             71.4             93.9                 4.9
            March 2014          67,566         365,160             65.0             91.0                 5.4
            March 2015          61,858         363,855             59.5             91.6                 5.9
            March 2016          56,939         365,816             54.8             92.0                 6.4
            March 2017          49,598         367,431             47.7             87.1                 7.4
            March 2018          48,925         373,638             47.1             98.6                 7.6
            March 2019          46,471         371,887             44.7             95.0                 8.0
            March 2020          44,492         369,958             42.8             95.7                 8.3
            March 2021          41,533         346,144             40.0             93.3                 8.3
            March 2022          38,916         342,085             37.4             93.7                 8.8
            March 2023          31,504         337,555             30.3             81.0                10.7
            March 2024          28,786         336,016             27.7             91.4                11.7
 
Annual openings
Year ended: March 2011

            March 2011          96,893         287,760            100.0               _                  3.0
            March 2012          84,480         321,137             87.2             87.2                 3.8
            March 2013          77,478         336,283             80.0             91.7                 4.3
            March 2014          70,028         343,941             72.3             90.4                 4.9
            March 2015          63,915         352,282             66.0             91.3                 5.5
            March 2016          58,335         357,414             60.2             91.3                 6.1
            March 2017          51,551         360,342             53.2             88.4                 7.0
            March 2018          49,029         361,897             50.6             95.1                 7.4
            March 2019          46,503         360,170             48.0             94.8                 7.7
            March 2020          44,398         361,696             45.8             95.5                 8.1
            March 2021          41,152         338,874             42.5             92.7                 8.2
            March 2022          38,761         333,864             40.0             94.2                 8.6
            March 2023          32,747         330,282             33.8             84.5                10.1
            March 2024          29,933         327,656             30.9             91.4                10.9
 
Annual openings
Year ended: March 2012

            March 2012         112,040         310,979            100.0               _                  2.8
            March 2013          94,645         335,906             84.5             84.5                 3.5
            March 2014          82,301         348,963             73.5             87.0                 4.2
            March 2015          74,577         360,949             66.6             90.6                 4.8
            March 2016          67,524         367,822             60.3             90.5                 5.4
            March 2017          59,747         366,843             53.3             88.5                 6.1
            March 2018          56,472         366,554             50.4             94.5                 6.5
            March 2019          52,979         361,711             47.3             93.8                 6.8
            March 2020          50,101         357,772             44.7             94.6                 7.1
            March 2021          46,054         337,250             41.1             91.9                 7.3
            March 2022          43,074         329,884             38.4             93.5                 7.7
            March 2023          36,806         327,539             32.9             85.4                 8.9
            March 2024          33,434         327,712             29.8             90.8                 9.8
 
Annual openings
Year ended: March 2013

            March 2013         106,115         304,978            100.0               _                  2.9
            March 2014          87,797         335,887             82.7             82.7                 3.8
            March 2015          78,054         350,532             73.6             88.9                 4.5
            March 2016          70,068         359,129             66.0             89.8                 5.1
            March 2017          61,851         361,901             58.3             88.3                 5.9
            March 2018          58,433         364,983             55.1             94.5                 6.2
            March 2019          54,369         367,505             51.2             93.0                 6.8
            March 2020          50,916         367,265             48.0             93.6                 7.2
            March 2021          46,758         348,837             44.1             91.8                 7.5
            March 2022          43,731         346,661             41.2             93.5                 7.9
            March 2023          37,755         346,926             35.6             86.3                 9.2
            March 2024          34,376         345,177             32.4             91.1                10.0
 
Annual openings
Year ended: March 2014

            March 2014         103,749         310,473            100.0               _                  3.0
            March 2015         100,015         362,925             96.4             96.4                 3.6
            March 2016          89,682         384,379             86.4             89.7                 4.3
            March 2017          81,339         392,093             78.4             90.7                 4.8
            March 2018          73,247         394,825             70.6             90.1                 5.4
            March 2019          67,104         393,741             64.7             91.6                 5.9
            March 2020          63,085         392,868             60.8             94.0                 6.2
            March 2021          57,897         373,013             55.8             91.8                 6.4
            March 2022          54,665         372,462             52.7             94.4                 6.8
            March 2023          48,870         369,899             47.1             89.4                 7.6
            March 2024          43,788         370,412             42.2             89.6                 8.5
 
Annual openings
Year ended: March 2015

            March 2015         112,747         332,130            100.0               _                  2.9
            March 2016          95,409         374,913             84.6             84.6                 3.9
            March 2017          85,270         395,947             75.6             89.4                 4.6
            March 2018          75,424         401,347             66.9             88.5                 5.3
            March 2019          68,709         409,970             60.9             91.1                 6.0
            March 2020          64,553         411,434             57.3             94.0                 6.4
            March 2021          59,033         396,821             52.4             91.4                 6.7
            March 2022          55,249         398,963             49.0             93.6                 7.2
            March 2023          49,416         398,167             43.8             89.4                 8.1
            March 2024          44,461         402,570             39.4             90.0                 9.1
 
Annual openings
Year ended: March 2016

            March 2016         141,948         372,744            100.0               _                  2.6
            March 2017         119,293         417,022             84.0             84.0                 3.5
            March 2018         105,933         439,978             74.6             88.8                 4.2
            March 2019          95,913         450,301             67.6             90.5                 4.7
            March 2020          89,941         456,751             63.4             93.8                 5.1
            March 2021          82,060         441,668             57.8             91.2                 5.4
            March 2022          76,997         441,922             54.2             93.8                 5.7
            March 2023          66,307         439,752             46.7             86.1                 6.6
            March 2024          59,449         442,686             41.9             89.7                 7.4
 
Annual openings
Year ended: March 2017

            March 2017         142,432         386,406            100.0               _                  2.7
            March 2018         120,171         433,782             84.4             84.4                 3.6
            March 2019         106,835         457,611             75.0             88.9                 4.3
            March 2020          99,597         473,509             69.9             93.2                 4.8
            March 2021          90,219         469,247             63.3             90.6                 5.2
            March 2022          83,967         476,269             59.0             93.1                 5.7
            March 2023          74,173         492,659             52.1             88.3                 6.6
            March 2024          66,701         502,021             46.8             89.9                 7.5
 
Annual openings
Year ended: March 2018

            March 2018         136,440         369,665            100.0               _                  2.7
            March 2019         116,347         422,933             85.3             85.3                 3.6
            March 2020         107,574         448,811             78.8             92.5                 4.2
            March 2021          96,540         444,817             70.8             89.7                 4.6
            March 2022          89,293         459,222             65.4             92.5                 5.1
            March 2023          78,597         472,203             57.6             88.0                 6.0
            March 2024          70,598         483,233             51.7             89.8                 6.8
 
Annual openings
Year ended: March 2019

            March 2019         149,772         392,500            100.0               _                  2.6
            March 2020         131,407         438,532             87.7             87.7                 3.3
            March 2021         117,018         442,977             78.1             89.1                 3.8
            March 2022         107,550         459,611             71.8             91.9                 4.3
            March 2023          89,535         461,496             59.8             83.2                 5.2
            March 2024          80,237         466,471             53.6             89.6                 5.8
 
Annual openings
Year ended: March 2020

            March 2020         157,898         405,639            100.0               _                  2.6
            March 2021         132,677         428,882             84.0             84.0                 3.2
            March 2022         120,214         461,129             76.1             90.6                 3.8
            March 2023         103,067         475,496             65.3             85.7                 4.6
            March 2024          92,065         480,834             58.3             89.3                 5.2
 
Annual openings
Year ended: March 2021

            March 2021         153,749         398,657            100.0               _                  2.6
            March 2022         130,941         451,314             85.2             85.2                 3.4
            March 2023         109,879         469,302             71.5             83.9                 4.3
            March 2024          97,659         481,152             63.5             88.9                 4.9
 
Annual openings
Year ended: March 2022

            March 2022         192,981         471,978            100.0               _                  2.4
            March 2023         151,840         504,346             78.7             78.7                 3.3
            March 2024         133,636         525,046             69.2             88.0                 3.9
 
Annual openings
Year ended: March 2023

            March 2023         190,826         490,945            100.0               _                  2.6
            March 2024         161,905         532,480             84.8             84.8                 3.3
 
Annual openings
Year ended: March 2024

            March 2024         216,011         516,205            100.0               _                  2.4
 
NOTE: A '_' indicates that the data are not available and a 'N' indicates that the data do not meet BLS disclosure standards.
